%----------------------------------------------------------------
%  Reference : H. Abe, R.A.Antonia and H. Kawamura,
%  "Correlation between small-scale velocity 
%  and scalar fluctuations in a turbulent channel flow," 
%  J. Fluid Mech., Vol. 627, pp. 1-32 (2009).
%  DOI: https://doi.org/10.1017/S0022112008005569
%----------------------------------------------------------------
Case: cha180

Nomenclature:
     delta = channel half width
     nu = kinematic viscosity
     p = pressure fluctuation
     Re_bulk = Um*2delta/nu : Bulk Reynolds number
     Re_tau = u_tau*delta/nu : Friction Reynolds number
     rho = density
     Um = bulk mean velocity
     u_mean = streamwise mean velocity
     u, v, w = streamwise, wall-normal and spanwise velocity fluctuations
     u_i = ith component of velocity fluctuations
     u_tau = friction velocity
     x, y, z = streamwise, wall-normal and spanwise directions

     + = normalized by wall units (u_tau, nu and rho)
     rms = root-mean-square value


1. Numerical Methodology

1.1. Governing equations
     Navier-Stokes equation and the continuity equation for flow field,
     and the energy equation for thermal field.

1.2. Discretization method
     Finite Difference Method was adopted.
     The fourth-order central difference scheme was adopted in the streamwise and
     spanwise directions, and the second-order central difference scheme was used
     in the wall-normal direction.

1.3. Spatial resolution
     3.00 and 3.00 wall units in the x- and z-directions
     and 0.20 to 5.93 wall units in the y-direction.

1.4. Time advancement
     The Crank-Nicolson method for the viscous terms with wall-normal derivatives
     and the third-order Runge-Kutta method for the other terms.

1.5. Computational volume
     12.8*delta x 2*delta x 6.4*delta.

1.6. Grid
     Staggered grid

1.7. Mesh number
     768 x 128 x 384

1.8. Criterion for stationary state
     The steady state is identified by 
     total shear stress & turbulent kinetic energy for velocity field
     and total heat flux & temperature variance for temperature field.

1.9. Period of time integration for ensemble averaging
     About 3,960 non-dimensional units of time (nu/u_tau^2)
     after the flow reaches the fully developed state.  


2. Conditions

2.1. Specified conditions

     Re_tau = 180

2.2. Obtained mean quantities

     Re_bulk = 5546


3. Turbulence statistics

 j       y+           u_mean+          uu+            ww+
 1   2.005679e-01   2.011500e-01   5.479529e-03   1.622611e-03
 2   6.144156e-01   6.152416e-01   5.114987e-02   1.340026e-02
 3   1.054454e+00   1.054324e+00   1.501147e-01   3.553373e-02
 4   1.522274e+00   1.519362e+00   3.114685e-01   6.670348e-02
 5   2.019550e+00   2.010968e+00   5.442798e-01   1.055153e-01
 6   2.548044e+00   2.529213e+00   8.561695e-01   1.505419e-01
 7   3.109619e+00   3.073430e+00   1.251422e+00   2.003868e-01
 8   3.706236e+00   3.642030e+00   1.728966e+00   2.537595e-01
 9   4.339908e+00   4.232363e+00   2.280790e+00   3.095463e-01
10   5.012856e+00   4.840672e+00   2.891336e+00   3.668614e-01
11   5.727312e+00   5.462150e+00   3.538257e+00   4.250628e-01
12   6.485652e+00   6.091128e+00   4.194477e+00   4.837302e-01
13   7.290396e+00   6.721360e+00   4.831139e+00   5.426029e-01
14   8.144100e+00   7.346382e+00   5.420786e+00   6.014935e-01
15   9.049500e+00   7.959900e+00   5.940118e+00   6.601931e-01
16   1.000944e+01   8.556145e+00   6.371843e+00   7.183919e-01
17   1.102684e+01   9.130161e+00   6.705467e+00   7.756358e-01
18   1.210478e+01   9.677998e+00   6.937095e+00   8.313289e-01
19   1.324642e+01   1.019680e+01   7.068542e+00   8.847774e-01
20   1.445512e+01   1.068478e+01   7.106096e+00   9.352542e-01
21   1.573423e+01   1.114117e+01   7.059250e+00   9.820649e-01
22   1.708726e+01   1.156605e+01   6.939545e+00   1.024603e+00
23   1.851782e+01   1.196020e+01   6.759583e+00   1.062398e+00
24   2.002964e+01   1.232491e+01   6.532192e+00   1.095163e+00
25   2.162650e+01   1.266184e+01   6.269701e+00   1.122831e+00
26   2.331223e+01   1.297287e+01   5.983345e+00   1.145563e+00
27   2.509081e+01   1.326004e+01   5.682935e+00   1.163714e+00
28   2.696612e+01   1.352547e+01   5.376741e+00   1.177716e+00
29   2.894227e+01   1.377129e+01   5.071342e+00   1.187956e+00
30   3.102314e+01   1.399964e+01   4.771585e+00   1.194740e+00
31   3.321284e+01   1.421264e+01   4.481030e+00   1.198317e+00
32   3.551526e+01   1.441236e+01   4.202704e+00   1.198920e+00
33   3.793428e+01   1.460078e+01   3.939287e+00   1.196858e+00
34   4.047372e+01   1.477969e+01   3.692753e+00   1.192555e+00
35   4.313736e+01   1.495069e+01   3.464201e+00   1.186242e+00
36   4.592880e+01   1.511512e+01   3.253872e+00   1.177645e+00
37   4.885092e+01   1.527406e+01   3.060955e+00   1.166083e+00
38   5.190696e+01   1.542843e+01   2.883518e+00   1.150664e+00
39   5.510016e+01   1.557901e+01   2.719501e+00   1.130634e+00
40   5.843268e+01   1.572642e+01   2.567724e+00   1.106075e+00
41   6.190668e+01   1.587111e+01   2.427569e+00   1.077754e+00
42   6.552360e+01   1.601357e+01   2.298193e+00   1.046526e+00
43   6.928524e+01   1.615426e+01   2.178949e+00   1.012745e+00
44   7.319196e+01   1.629352e+01   2.069113e+00   9.767332e-01
45   7.724376e+01   1.643159e+01   1.967398e+00   9.395946e-01
46   8.144064e+01   1.656865e+01   1.872036e+00   9.022674e-01
47   8.578116e+01   1.670467e+01   1.781131e+00   8.649328e-01
48   9.026388e+01   1.683938e+01   1.693386e+00   8.272348e-01
49   9.488664e+01   1.697241e+01   1.608079e+00   7.891627e-01
50   9.964548e+01   1.710343e+01   1.524797e+00   7.506766e-01
51   1.045372e+02   1.723206e+01   1.443855e+00   7.114450e-01
52   1.095563e+02   1.735790e+01   1.365462e+00   6.717125e-01
53   1.146982e+02   1.748044e+01   1.289118e+00   6.327883e-01
54   1.199560e+02   1.759910e+01   1.213864e+00   5.958089e-01
55   1.253228e+02   1.771324e+01   1.138625e+00   5.610375e-01
56   1.307909e+02   1.782202e+01   1.063171e+00   5.286866e-01
57   1.363518e+02   1.792423e+01   9.884669e-01   4.991701e-01
58   1.419962e+02   1.801848e+01   9.159062e-01   4.721319e-01
59   1.477145e+02   1.810337e+01   8.472967e-01   4.472163e-01
60   1.534961e+02   1.817748e+01   7.845807e-01   4.251536e-01
61   1.593306e+02   1.823940e+01   7.297058e-01   4.067861e-01
62   1.652062e+02   1.828760e+01   6.849288e-01   3.924729e-01
63   1.711116e+02   1.832063e+01   6.526432e-01   3.826517e-01
64   1.770354e+02   1.833746e+01   6.346253e-01   3.779711e-01


 j       y+             vv+           -uv+
 1   4.011372e-01   2.017313e-06   5.102374e-05
 2   8.276940e-01   3.082708e-05   4.537270e-04
 3   1.281215e+00   1.540773e-04   1.704504e-03
 4   1.763334e+00   4.833951e-04   4.475801e-03
 5   2.275765e+00   1.171519e-03   9.608575e-03
 6   2.820323e+00   2.407360e-03   1.806606e-02
 7   3.398911e+00   4.409524e-03   3.084479e-02
 8   4.013532e+00   7.418913e-03   4.885039e-02
 9   4.666284e+00   1.169105e-02   7.275845e-02
10   5.359428e+00   1.748862e-02   1.028884e-01
11   6.095232e+00   2.507460e-02   1.391186e-01
12   6.876108e+00   3.470569e-02   1.808631e-01
13   7.704684e+00   4.662558e-02   2.271146e-01
14   8.583516e+00   6.105716e-02   2.765464e-01
15   9.515484e+00   7.819267e-02   3.276520e-01
16   1.050340e+01   9.818174e-02   3.788957e-01
17   1.155028e+01   1.211176e-01   4.288489e-01
18   1.265926e+01   1.470234e-01   4.762912e-01
19   1.383361e+01   1.758399e-01   5.202692e-01
20   1.507662e+01   2.074156e-01   5.601146e-01
21   1.639181e+01   2.415015e-01   5.954310e-01
22   1.778270e+01   2.777498e-01   6.260609e-01
23   1.925298e+01   3.157204e-01   6.520396e-01
24   2.080634e+01   3.548943e-01   6.735405e-01
25   2.244668e+01   3.946929e-01   6.908168e-01
26   2.417782e+01   4.344985e-01   7.041564e-01
27   2.600377e+01   4.736743e-01   7.138618e-01
28   2.792851e+01   5.115906e-01   7.202380e-01
29   2.995600e+01   5.476473e-01   7.235737e-01
30   3.209029e+01   5.812810e-01   7.241261e-01
31   3.433536e+01   6.119605e-01   7.221318e-01
32   3.669516e+01   6.392055e-01   7.178317e-01
33   3.917340e+01   6.626271e-01   7.114649e-01
34   4.177404e+01   6.819525e-01   7.032465e-01
35   4.450068e+01   6.970369e-01   6.933720e-01
36   4.735656e+01   7.078901e-01   6.820175e-01
37   5.034528e+01   7.146893e-01   6.693034e-01
38   5.346900e+01   7.177208e-01   6.553112e-01
39   5.673132e+01   7.173085e-01   6.401354e-01
40   6.013404e+01   7.137959e-01   6.238512e-01
41   6.367932e+01   7.075507e-01   6.064686e-01
42   6.736824e+01   6.988746e-01   5.880125e-01
43   7.120224e+01   6.879954e-01   5.685424e-01
44   7.518132e+01   6.751280e-01   5.480881e-01
45   7.930620e+01   6.604838e-01   5.266754e-01
46   8.357508e+01   6.442853e-01   5.043620e-01
47   8.798724e+01   6.267892e-01   4.812187e-01
48   9.254088e+01   6.083567e-01   4.572879e-01
49   9.723240e+01   5.893595e-01   4.325832e-01
50   1.020586e+02   5.701243e-01   4.071353e-01
51   1.070154e+02   5.509425e-01   3.809736e-01
52   1.120972e+02   5.319968e-01   3.541363e-01
53   1.172988e+02   5.135411e-01   3.266659e-01
54   1.226128e+02   4.960553e-01   2.985971e-01
55   1.280326e+02   4.799812e-01   2.699899e-01
56   1.335492e+02   4.655542e-01   2.409372e-01
57   1.391540e+02   4.528713e-01   2.115100e-01
58   1.448381e+02   4.420750e-01   1.817675e-01
59   1.505909e+02   4.332328e-01   1.517746e-01
60   1.564016e+02   4.262568e-01   1.216034e-01
61   1.622596e+02   4.210915e-01   9.134921e-02
62   1.681531e+02   4.175980e-01   6.109791e-02
63   1.740704e+02   4.156123e-01   3.087359e-02
64   1.800000e+02   4.151424e-01   6.956392e-04


4. Budgets of transport equations

Budget of uu+ :

       y+            Prod.           Diss.       vel_p_grad.     Turb_Diff.    Mole_Diff.        Res.    
   2.005679e-01   2.461314e-05   3.840319e-05   6.498959e-04   2.692524e-01   2.699656e-01  -2.663091e-07
   6.144156e-01   4.075781e-04   6.104428e-04   1.222934e-03   2.667378e-01   2.689390e-01   3.980974e-05
   1.054454e+00   1.953552e-03   2.825664e-03   1.134269e-03   2.628428e-01   2.686723e-01   8.394123e-05
   1.522274e+00   5.804058e-03   8.001051e-03   4.206940e-04   2.539763e-01   2.680865e-01   1.155680e-04
   2.019550e+00   1.339977e-02   1.723719e-02  -8.674839e-04   2.364442e-01   2.660937e-01   1.199442e-04
   2.548044e+00   2.636474e-02   3.080350e-02  -2.671455e-03   2.073753e-01   2.617816e-01   9.049738e-05
   3.109619e+00   4.626754e-02   4.754972e-02  -4.927282e-03   1.658593e-01   2.547130e-01   3.621670e-05
   3.706236e+00   7.427161e-02   6.470611e-02  -7.568057e-03   1.137288e-01   2.451541e-01  -1.568783e-05
   4.339908e+00   1.107398e-01   7.832716e-02  -1.052545e-02   5.550597e-02   2.340761e-01  -2.868753e-05
   5.012856e+00   1.549059e-01   8.432590e-02  -1.373099e-02  -2.588175e-03   2.228865e-01   2.611704e-05
   5.727312e+00   2.047397e-01   7.972285e-02  -1.711713e-02  -5.419843e-02   2.129922e-01   1.548603e-04
   6.485652e+00   2.570906e-01   6.360464e-02  -2.061781e-02  -9.435962e-02   2.053811e-01   3.366401e-04
   7.290396e+00   3.081118e-01   3.742546e-02  -2.416872e-02  -1.204506e-01   2.003860e-01   5.320217e-04
   8.144100e+00   3.538712e-01   4.588110e-03  -2.770747e-02  -1.323650e-01   1.976880e-01   6.988440e-04
   9.049500e+00   3.909862e-01  -3.047159e-02  -3.117433e-02  -1.320201e-01   1.965132e-01   8.070104e-04
   1.000944e+01   4.171212e-01  -6.333523e-02  -3.451394e-02  -1.225159e-01   1.959100e-01   8.461345e-04
   1.102684e+01   4.312344e-01  -9.045998e-02  -3.767777e-02  -1.072708e-01   1.950012e-01   8.246084e-04
   1.210478e+01   4.335518e-01  -1.096614e-01  -4.062591e-02  -8.935578e-02   1.931459e-01   7.628397e-04
   1.324642e+01   4.253253e-01  -1.201970e-01  -4.332732e-02  -7.112092e-02   1.899950e-01   6.851070e-04
   1.445512e+01   4.084748e-01  -1.225381e-01  -4.575900e-02  -5.410728e-02   1.854576e-01   6.128617e-04
   1.573423e+01   3.852173e-01  -1.179694e-01  -4.790585e-02  -3.916772e-02   1.796144e-01   5.598524e-04
   1.708726e+01   3.577534e-01  -1.081695e-01  -4.976190e-02  -2.666264e-02   1.726285e-01   5.308980e-04
   1.851782e+01   3.280473e-01  -9.487192e-02  -5.133094e-02  -1.663266e-02   1.646869e-01   5.248727e-04
   2.002964e+01   2.977062e-01  -7.963256e-02  -5.262466e-02  -8.936873e-03   1.559754e-01   5.367072e-04
   2.162650e+01   2.679499e-01  -6.372729e-02  -5.365621e-02  -3.325087e-03   1.466821e-01   5.592519e-04
   2.331223e+01   2.396415e-01  -4.816757e-02  -5.443163e-02   5.528498e-04   1.370066e-01   5.885593e-04
   2.509081e+01   2.133431e-01  -3.370294e-02  -5.494587e-02   3.064982e-03   1.271387e-01   6.205809e-04
   2.696612e+01   1.893737e-01  -2.081145e-02  -5.518130e-02   4.506556e-03   1.172391e-01   6.484430e-04
   2.894227e+01   1.678681e-01  -9.770652e-03  -5.510779e-02   5.143294e-03   1.074647e-01   6.682529e-04
   3.102314e+01   1.488355e-01  -7.528426e-04  -5.469104e-02   5.288542e-03   9.799621e-02   6.839434e-04
   3.321284e+01   1.321962e-01   6.178395e-03  -5.390944e-02   5.227376e-03   8.899063e-02   7.018596e-04
   3.551526e+01   1.177884e-01   1.116363e-02  -5.277107e-02   5.050109e-03   8.051696e-02   7.140855e-04
   3.793428e+01   1.053805e-01   1.448338e-02  -5.129714e-02   4.737179e-03   7.258759e-02   7.163291e-04
   4.047372e+01   9.470812e-02   1.643280e-02  -4.951204e-02   4.308673e-03   6.522001e-02   7.175486e-04
   4.313736e+01   8.550468e-02   1.730631e-02  -4.746736e-02   3.810321e-03   5.842973e-02   7.242196e-04
   4.592880e+01   7.751676e-02   1.741591e-02  -4.524074e-02   3.248996e-03   5.221264e-02   7.282888e-04
   4.885092e+01   7.053214e-02   1.701078e-02  -4.288267e-02   2.647559e-03   4.658064e-02   7.271679e-04
   5.190696e+01   6.438962e-02   1.617214e-02  -4.041669e-02   2.129121e-03   4.154736e-02   7.268377e-04
   5.510016e+01   5.894459e-02   1.496286e-02  -3.789443e-02   1.773587e-03   3.707825e-02   7.083584e-04
   5.843268e+01   5.406399e-02   1.354926e-02  -3.535632e-02   1.519177e-03   3.311359e-02   6.625135e-04
   6.190668e+01   4.966793e-02   1.208616e-02  -3.281072e-02   1.283470e-03   2.961879e-02   6.080448e-04
   6.552360e+01   4.570505e-02   1.062483e-02  -3.030208e-02   1.095890e-03   2.656098e-02   5.627148e-04
   6.928524e+01   4.210663e-02   9.267927e-03  -2.790997e-02   9.299390e-04   2.387610e-02   5.184166e-04
   7.319196e+01   3.880668e-02   8.107623e-03  -2.567474e-02   7.526188e-04   2.151179e-02   4.803913e-04
   7.724376e+01   3.575900e-02   7.152698e-03  -2.360346e-02   5.738704e-04   1.943383e-02   4.482720e-04
   8.144064e+01   3.290480e-02   6.365482e-03  -2.167760e-02   4.145074e-04   1.759602e-02   4.111765e-04
   8.578116e+01   3.017672e-02   5.706492e-03  -1.987225e-02   3.084844e-04   1.595528e-02   3.641681e-04
   9.026388e+01   2.753853e-02   5.185976e-03  -1.816879e-02   2.443726e-04   1.448699e-02   3.130942e-04
   9.488664e+01   2.499241e-02   4.812138e-03  -1.656426e-02   2.023424e-04   1.317754e-02   2.650941e-04
   9.964548e+01   2.254324e-02   4.544085e-03  -1.505499e-02   1.962900e-04   1.200896e-02   2.196713e-04
   1.045372e+02   2.019094e-02   4.367386e-03  -1.360689e-02   1.864408e-04   1.095951e-02   1.783711e-04
   1.095563e+02   1.793540e-02   4.270476e-03  -1.219692e-02   1.507235e-04   1.001009e-02   1.495884e-04
   1.146982e+02   1.576825e-02   4.255638e-03  -1.085130e-02   1.023548e-04   9.148037e-03   1.269087e-04
   1.199560e+02   1.368604e-02   4.339487e-03  -9.598930e-03   5.491376e-05   8.372362e-03   1.091498e-04
   1.253228e+02   1.168852e-02   4.506640e-03  -8.441558e-03   4.042278e-05   7.691125e-03   1.028999e-04
   1.307909e+02   9.770484e-03   4.735905e-03  -7.380603e-03   6.582397e-05   7.092102e-03   9.950758e-05
   1.363518e+02   7.934795e-03   5.009051e-03  -6.392723e-03   1.026947e-04   6.554299e-03   9.951904e-05
   1.419962e+02   6.206190e-03   5.293606e-03  -5.468417e-03   1.499595e-04   6.081402e-03   9.993707e-05
   1.477145e+02   4.620818e-03   5.572331e-03  -4.610088e-03   1.990174e-04   5.681220e-03   1.008583e-04
   1.534961e+02   3.214819e-03   5.835642e-03  -3.842658e-03   2.468066e-04   5.354183e-03   1.004270e-04
   1.593306e+02   2.021560e-03   6.064518e-03  -3.193931e-03   3.030715e-04   5.099274e-03   9.594442e-05
   1.652062e+02   1.075961e-03   6.253014e-03  -2.690085e-03   3.634896e-04   4.913260e-03   8.912004e-05
   1.711116e+02   4.168598e-04   6.411915e-03  -2.353386e-03   4.076806e-04   4.797423e-03   8.564602e-05
   1.770354e+02   7.772778e-05   6.522451e-03  -2.200476e-03   4.364388e-04   4.751527e-03   8.461472e-05


Budget of vv+ :

       y+            Prod.           Diss.       vel_p_grad.     Turb_Diff.    Mole_Diff.        Res.    
   4.011372e-01   0.000000e+00  -2.991203e-08  -4.151908e-05   1.501765e-04   1.035743e-04   5.053140e-06
   8.276940e-01   0.000000e+00  -4.086810e-07  -1.329791e-04   4.614159e-04   3.193107e-04   8.717510e-06
   1.281215e+00   0.000000e+00  -2.164780e-06  -2.349633e-04   8.741070e-04   6.254028e-04   1.157614e-05
   1.763334e+00   0.000000e+00  -6.824756e-06  -3.129218e-04   1.319147e-03   9.851284e-04   1.427228e-05
   2.275765e+00   0.000000e+00  -1.523395e-05  -3.392446e-04   1.743121e-03   1.371133e-03   1.750982e-05
   2.820323e+00   0.000000e+00  -2.560814e-05  -2.950553e-04   2.108556e-03   1.765908e-03   2.198494e-05
   3.398911e+00   0.000000e+00  -3.136811e-05  -1.714773e-04   2.392842e-03   2.161691e-03   2.830572e-05
   4.013532e+00   0.000000e+00  -1.951596e-05   2.995401e-05   2.586137e-03   2.559661e-03   3.691443e-05
   4.666284e+00   0.000000e+00   2.970951e-05   2.980609e-04   2.688599e-03   2.968349e-03   4.802005e-05
   5.359428e+00   0.000000e+00   1.413467e-04   6.142636e-04   2.707238e-03   3.401301e-03   6.154771e-05
   6.095232e+00   0.000000e+00   3.421266e-04   9.564490e-04   2.652734e-03   3.874196e-03   7.711361e-05
   6.876108e+00   0.000000e+00   6.549073e-04   1.304344e-03   2.536613e-03   4.401828e-03   9.403544e-05
   7.704684e+00   0.000000e+00   1.091753e-03   1.645809e-03   2.369241e-03   4.995415e-03   1.113878e-04
   8.583516e+00   0.000000e+00   1.646869e-03   1.982927e-03   2.159000e-03   5.660686e-03   1.281090e-04
   9.515484e+00   0.000000e+00   2.291150e-03   2.336314e-03   1.912686e-03   6.396990e-03   1.431592e-04
   1.050340e+01   0.000000e+00   2.970409e-03   2.745963e-03   1.636735e-03   7.197400e-03   1.557081e-04
   1.155028e+01   0.000000e+00   3.608904e-03   3.267506e-03   1.338458e-03   8.049569e-03   1.652998e-04
   1.265926e+01   0.000000e+00   4.118406e-03   3.963996e-03   1.026515e-03   8.936986e-03   1.719312e-04
   1.383361e+01   0.000000e+00   4.411152e-03   4.894714e-03   7.105093e-04   9.840354e-03   1.760214e-04
   1.507662e+01   0.000000e+00   4.413805e-03   6.103169e-03   4.003271e-04   1.073899e-02   1.783126e-04
   1.639181e+01   0.000000e+00   4.079683e-03   7.606444e-03   1.057678e-04   1.161218e-02   1.797184e-04
   1.778270e+01   0.000000e+00   3.396874e-03   9.388247e-03  -1.636571e-04   1.244035e-02   1.811106e-04
   1.925298e+01   0.000000e+00   2.390232e-03   1.139813e-02  -3.993461e-04   1.320589e-02   1.831223e-04
   2.080634e+01   0.000000e+00   1.117279e-03   1.355745e-02  -5.950955e-04   1.389348e-02   1.861504e-04
   2.244668e+01   0.000000e+00  -3.388693e-04   1.576834e-02  -7.485289e-04   1.449048e-02   1.904604e-04
   2.417782e+01   0.000000e+00  -1.878219e-03   1.792201e-02  -8.600085e-04   1.498764e-02   1.961402e-04
   2.600377e+01   0.000000e+00  -3.396698e-03   1.990970e-02  -9.306482e-04   1.537929e-02   2.030571e-04
   2.792851e+01   0.000000e+00  -4.801577e-03   2.163849e-02  -9.639054e-04   1.566208e-02   2.109317e-04
   2.995600e+01   0.000000e+00  -6.020815e-03   2.304201e-02  -9.675368e-04   1.583390e-02   2.197552e-04
   3.209029e+01   0.000000e+00  -6.997000e-03   2.407176e-02  -9.505086e-04   1.589499e-02   2.292621e-04
   3.433536e+01   0.000000e+00  -7.681827e-03   2.468446e-02  -9.153223e-04   1.584963e-02   2.376838e-04
   3.669516e+01   0.000000e+00  -8.051046e-03   2.486055e-02  -8.610612e-04   1.570522e-02   2.432229e-04
   3.917340e+01   0.000000e+00  -8.113749e-03   2.462069e-02  -7.906731e-04   1.547015e-02   2.461144e-04
   4.177404e+01   0.000000e+00  -7.893244e-03   2.400227e-02  -7.086704e-04   1.515384e-02   2.465091e-04
   4.450068e+01   0.000000e+00  -7.420194e-03   2.304699e-02  -6.169842e-04   1.476625e-02   2.435637e-04
   4.735656e+01   0.000000e+00  -6.747361e-03   2.182021e-02  -5.188772e-04   1.431642e-02   2.375493e-04
   5.034528e+01   0.000000e+00  -5.948687e-03   2.041643e-02  -4.244436e-04   1.381282e-02   2.304856e-04
   5.346900e+01   0.000000e+00  -5.096025e-03   1.892481e-02  -3.414886e-04   1.326405e-02   2.232454e-04
   5.673132e+01   0.000000e+00  -4.249017e-03   1.741558e-02  -2.702832e-04   1.268086e-02   2.154166e-04
   6.013404e+01   0.000000e+00  -3.448969e-03   1.594200e-02  -2.087196e-04   1.207614e-02   2.081749e-04
   6.367932e+01   0.000000e+00  -2.701061e-03   1.452524e-02  -1.622430e-04   1.146207e-02   1.998625e-04
   6.736824e+01   0.000000e+00  -2.013149e-03   1.318100e-02  -1.283900e-04   1.084925e-02   1.902096e-04
   7.120224e+01   0.000000e+00  -1.392135e-03   1.191940e-02  -1.007728e-04   1.024538e-02   1.811138e-04
   7.518132e+01   0.000000e+00  -8.144166e-04   1.072025e-02  -7.776064e-05   9.656236e-03   1.718343e-04
   7.930620e+01   0.000000e+00  -2.628335e-04   9.567806e-03  -5.777233e-05   9.085961e-03   1.612392e-04
   8.357508e+01   0.000000e+00   2.483593e-04   8.475123e-03  -3.916275e-05   8.535847e-03   1.484729e-04
   8.798724e+01   0.000000e+00   6.867872e-04   7.471142e-03  -1.836125e-05   8.004371e-03   1.351970e-04
   9.254088e+01   0.000000e+00   1.054332e-03   6.562220e-03  -2.300696e-07   7.492962e-03   1.233603e-04
   9.723240e+01   0.000000e+00   1.388977e-03   5.712233e-03   1.331331e-05   7.002354e-03   1.121690e-04
   1.020586e+02   0.000000e+00   1.693021e-03   4.917400e-03   2.349888e-05   6.532128e-03   1.017920e-04
   1.070154e+02   0.000000e+00   1.941735e-03   4.209049e-03   2.809696e-05   6.085423e-03   9.345714e-05
   1.120972e+02   0.000000e+00   2.137359e-03   3.578287e-03   3.476980e-05   5.664388e-03   8.602752e-05
   1.172988e+02   0.000000e+00   2.306647e-03   2.992379e-03   4.874536e-05   5.271744e-03   7.602729e-05
   1.226128e+02   0.000000e+00   2.452949e-03   2.460777e-03   6.010619e-05   4.909982e-03   6.384948e-05
   1.280326e+02   0.000000e+00   2.554859e-03   2.013522e-03   6.378454e-05   4.581059e-03   5.110604e-05
   1.335492e+02   0.000000e+00   2.603309e-03   1.658646e-03   6.300242e-05   4.287404e-03   3.755296e-05
   1.391540e+02   0.000000e+00   2.607443e-03   1.381962e-03   6.399267e-05   4.028873e-03   2.452490e-05
   1.448381e+02   0.000000e+00   2.587346e-03   1.169384e-03   6.301014e-05   3.804829e-03   1.491091e-05
   1.505909e+02   0.000000e+00   2.565350e-03   9.980907e-04   5.787166e-05   3.614397e-03   6.915482e-06
   1.564016e+02   0.000000e+00   2.541422e-03   8.627942e-04   5.431738e-05   3.456187e-03   2.346388e-06
   1.622596e+02   0.000000e+00   2.529719e-03   7.527346e-04   4.890178e-05   3.331222e-03   1.335058e-07
   1.681531e+02   0.000000e+00   2.549132e-03   6.471120e-04   4.329942e-05   3.242051e-03  -2.507401e-06
   1.740704e+02   0.000000e+00   2.597089e-03   5.455865e-04   4.302194e-05   3.190878e-03  -5.180415e-06
   1.800000e+02   0.000000e+00   2.661419e-03   4.604832e-04   4.752767e-05   3.177075e-03  -7.644869e-06


Budget of ww+ :

       y+            Prod.           Diss.       vel_p_grad.     Turb_Diff.    Mole_Diff.        Res.    
   2.005679E-01   0.000000E+00  -2.644910E-06   3.780921E-03   6.943590E-02   7.332502E-02  -1.108525E-04
   6.144156E-01   0.000000E+00  -3.597992E-05   9.881068E-03   5.085827E-02   6.087041E-02  -1.670585E-04
   1.054454E+00   0.000000E+00  -1.543022E-04   1.486345E-02   3.576412E-02   5.060515E-02  -1.318860E-04
   1.522274E+00   0.000000E+00  -4.104795E-04   1.890020E-02   2.353190E-02   4.210919E-02  -8.756952E-05
   2.019550E+00   0.000000E+00  -8.382579E-04   2.218029E-02   1.385815E-02   3.523987E-02  -3.968924E-05
   2.548044E+00   0.000000E+00  -1.441980E-03   2.489313E-02   6.497240E-03   2.993705E-02   1.134072E-05
   3.109619E+00   0.000000E+00  -2.193577E-03   2.721281E-02   1.203495E-03   2.615849E-02   6.423793E-05
   3.706236E+00   0.000000E+00  -3.035907E-03   2.928420E-02  -2.305262E-03   2.382608E-02   1.169521E-04
   4.339908E+00   0.000000E+00  -3.891265E-03   3.121268E-02  -4.357876E-03   2.279658E-02   1.669576E-04
   5.012856E+00   0.000000E+00  -4.673150E-03   3.305842E-02  -5.314651E-03   2.285893E-02   2.116870E-04
   5.727312E+00   0.000000E+00  -5.298558E-03   3.483614E-02  -5.536037E-03   2.375260E-02   2.489390E-04
   6.485652E+00   0.000000E+00  -5.698860E-03   3.652024E-02  -5.347123E-03   2.519713E-02   2.771295E-04
   7.290396E+00   0.000000E+00  -5.828769E-03   3.805484E-02  -5.007244E-03   2.692341E-02   2.954085E-04
   8.144100E+00   0.000000E+00  -5.673145E-03   3.936740E-02  -4.690623E-03   2.869993E-02   3.036994E-04
   9.049500E+00   0.000000E+00  -5.249987E-03   4.038424E-02  -4.481938E-03   3.034968E-02   3.026380E-04
   1.000944E+01   0.000000E+00  -4.607638E-03   4.104538E-02  -4.388153E-03   3.175618E-02   2.934082E-04
   1.102684E+01   0.000000E+00  -3.815706E-03   4.131647E-02  -4.364027E-03   3.285917E-02   2.775677E-04
   1.210478E+01   0.000000E+00  -2.951566E-03   4.119549E-02  -4.344862E-03   3.364222E-02   2.568465E-04
   1.324642E+01   0.000000E+00  -2.087066E-03   4.071309E-02  -4.276089E-03   3.411706E-02   2.328701E-04
   1.445512E+01   0.000000E+00  -1.281188E-03   3.992677E-02  -4.128572E-03   3.431007E-02   2.069397E-04
   1.573423E+01   0.000000E+00  -5.806739E-04   3.891171E-02  -3.896349E-03   3.425466E-02   1.800333E-04
   1.708726E+01   0.000000E+00  -2.383206E-05   3.775065E-02  -3.585473E-03   3.398826E-02   1.530838E-04
   1.851782E+01   0.000000E+00   3.604117E-04   3.652441E-02  -3.207620E-03   3.355012E-02   1.270766E-04
   2.002964E+01   0.000000E+00   5.580077E-04   3.530375E-02  -2.780259E-03   3.297846E-02   1.030377E-04
   2.162650E+01   0.000000E+00   5.732338E-04   3.414252E-02  -2.326996E-03   3.230655E-02   8.221726E-05
   2.331223E+01   0.000000E+00   4.323535E-04   3.307195E-02  -1.882321E-03   3.155620E-02   6.578396E-05
   2.509081E+01   0.000000E+00   1.821142E-04   3.209866E-02  -1.490794E-03   3.073614E-02   5.384482E-05
   2.696612E+01   0.000000E+00  -1.329686E-04   3.121072E-02  -1.179343E-03   2.985192E-02   4.648752E-05
   2.894227E+01   0.000000E+00  -4.854092E-04   3.038669E-02  -9.417539E-04   2.891526E-02   4.426344E-05
   3.102314E+01   0.000000E+00  -8.525799E-04   2.959923E-02  -7.574006E-04   2.794121E-02   4.804504E-05
   3.321284E+01   0.000000E+00  -1.206269E-03   2.880933E-02  -6.073647E-04   2.693988E-02   5.581629E-05
   3.551526E+01   0.000000E+00  -1.524682E-03   2.797281E-02  -4.689983E-04   2.591598E-02   6.315942E-05
   3.793428E+01   0.000000E+00  -1.789284E-03   2.706554E-02  -3.378900E-04   2.487196E-02   6.640707E-05
   4.047372E+01   0.000000E+00  -1.958183E-03   2.608468E-02  -2.581840E-04   2.380518E-02   6.313389E-05
   4.313736E+01   0.000000E+00  -2.004067E-03   2.503213E-02  -2.587289E-04   2.271296E-02   5.637774E-05
   4.592880E+01   0.000000E+00  -1.954555E-03   2.391585E-02  -3.050709E-04   2.160493E-02   5.129443E-05
   4.885092E+01   0.000000E+00  -1.837570E-03   2.274640E-02  -3.619411E-04   2.049600E-02   5.088413E-05
   5.190696E+01   0.000000E+00  -1.681451E-03   2.152812E-02  -3.907779E-04   1.940605E-02   4.983867E-05
   5.510016E+01   0.000000E+00  -1.540057E-03   2.027878E-02  -3.342177E-04   1.835484E-02   4.966156E-05
   5.843268E+01   0.000000E+00  -1.398582E-03   1.901171E-02  -2.286089E-04   1.733726E-02   4.725677E-05
   6.190668E+01   0.000000E+00  -1.213581E-03   1.772723E-02  -1.350000E-04   1.633388E-02   4.477124E-05
   6.552360E+01   0.000000E+00  -9.669190E-04   1.644268E-02  -9.348302E-05   1.533577E-02   4.651318E-05
   6.928524E+01   0.000000E+00  -7.117452E-04   1.518556E-02  -6.161371E-05   1.436016E-02   5.203560E-05
   7.319196E+01   0.000000E+00  -4.988788E-04   1.396914E-02   1.312547E-05   1.342151E-02   6.188030E-05
   7.724376E+01   0.000000E+00  -2.827107E-04   1.279548E-02   6.545692E-05   1.250780E-02   7.042570E-05
   8.144064E+01   0.000000E+00  -5.685095E-05   1.167934E-02   6.824584E-05   1.161520E-02   7.553299E-05
   8.578116E+01   0.000000E+00   1.504907E-04   1.063746E-02   4.318004E-05   1.076113E-02   7.000206E-05
   9.026388E+01   0.000000E+00   3.080885E-04   9.682815E-03   3.782064E-05   9.965954E-03   6.276984E-05
   9.488664E+01   0.000000E+00   4.481081E-04   8.800264E-03   3.162731E-05   9.223746E-03   5.625386E-05
   9.964548E+01   0.000000E+00   5.975138E-04   7.951941E-03   1.375360E-05   8.516833E-03   4.637605E-05
   1.045372E+02   0.000000E+00   7.319184E-04   7.132547E-03   2.096531E-05   7.850460E-03   3.497123E-05
   1.095563E+02   0.000000E+00   8.319646E-04   6.356958E-03   6.762527E-05   7.229394E-03   2.715391E-05
   1.146982E+02   0.000000E+00   9.324523E-04   5.626990E-03   1.026820E-04   6.640772E-03   2.135144E-05
   1.199560E+02   0.000000E+00   1.044648E-03   4.954488E-03   1.037453E-04   6.083261E-03   1.962048E-05
   1.253228E+02   0.000000E+00   1.141756E-03   4.349764E-03   1.032544E-04   5.572427E-03   2.234804E-05
   1.307909E+02   0.000000E+00   1.224983E-03   3.802072E-03   1.096913E-04   5.110012E-03   2.673446E-05
   1.363518E+02   0.000000E+00   1.327117E-03   3.302692E-03   9.186279E-05   4.687989E-03   3.368306E-05
   1.419962E+02   0.000000E+00   1.432959E-03   2.839696E-03   7.578284E-05   4.310515E-03   3.792344E-05
   1.477145E+02   0.000000E+00   1.504714E-03   2.430415E-03   9.358392E-05   3.987184E-03   4.152921E-05
   1.534961E+02   0.000000E+00   1.553053E-03   2.091159E-03   1.143088E-04   3.715214E-03   4.330619E-05
   1.593306E+02   0.000000E+00   1.590817E-03   1.821989E-03   1.209321E-04   3.487949E-03   4.578976E-05
   1.652062E+02   0.000000E+00   1.622994E-03   1.605149E-03   1.304577E-04   3.311394E-03   4.720581E-05
   1.711116E+02   0.000000E+00   1.650204E-03   1.443621E-03   1.467251E-04   3.193804E-03   4.674606E-05
   1.770354E+02   0.000000E+00   1.682073E-03   1.355623E-03   1.418263E-04   3.134591E-03   4.493170E-05


Budget of -uv+ :

       y+            Prod.           Diss.       vel_p_grad.     Turb_Diff.    Mole_Diff.        Res.    
   2.005679e-01  -5.023164e-07  -5.926617e-07   1.576233e-04  -9.825985e-04  -6.594064e-04  -1.666637e-04
   6.144156e-01  -1.207171e-05  -1.701131e-05   9.925670e-04  -3.038597e-03  -2.055349e-03  -1.976374e-05
   1.054454e+00  -7.991054e-05  -1.109650e-04   1.828207e-03  -5.259699e-03  -3.603417e-03  -1.895036e-05
   1.522274e+00  -2.916642e-04  -3.930541e-04   2.921442e-03  -7.512698e-03  -5.257366e-03  -1.860818e-05
   2.019550e+00  -7.735854e-04  -9.973991e-04   4.403023e-03  -9.561085e-03  -6.909428e-03  -1.961899e-05
   2.548044e+00  -1.681301e-03  -2.037251e-03   6.403317e-03  -1.112894e-02  -8.422041e-03  -2.212986e-05
   3.109619e+00  -3.184723e-03  -3.550074e-03   9.021061e-03  -1.196310e-02  -9.651129e-03  -2.571002e-05
   3.706236e+00  -5.447130e-03  -5.451250e-03   1.229420e-02  -1.189971e-02  -1.047395e-02  -2.994219e-05
   4.339908e+00  -8.600067e-03  -7.518050e-03   1.618094e-02  -1.091165e-02  -1.081386e-02  -3.497159e-05
   5.012856e+00  -1.271764e-02  -9.416152e-03   2.055708e-02  -9.119891e-03  -1.065490e-02  -4.170054e-05
   5.727312e+00  -1.779522e-02  -1.076451e-02   2.523115e-02  -6.765647e-03  -1.004267e-02  -5.155785e-05
   6.485652e+00  -2.373774e-02  -1.121919e-02   2.997343e-02  -4.154929e-03  -9.072443e-03  -6.598822e-05
   7.290396e+00  -3.036093e-02  -1.055008e-02   3.455091e-02  -1.594654e-03  -7.868841e-03  -8.590842e-05
   8.144100e+00  -3.740615e-02  -8.688986e-03   3.875919e-02   6.614496e-04  -6.563165e-03  -1.113373e-04
   9.049500e+00  -4.456623e-02  -5.738859e-03   4.244403e-02   2.446110e-03  -5.273672e-03  -1.412856e-04
   1.000944e+01  -5.151728e-02  -1.946850e-03   4.550964e-02   3.688167e-03  -4.092403e-03  -1.739238e-04
   1.102684e+01  -5.795098e-02   2.347225e-03   4.791513e-02   4.401872e-03  -3.079755e-03  -2.069966e-04
   1.210478e+01  -6.360238e-02   6.771785e-03   4.966401e-02   4.662335e-03  -2.265920e-03  -2.383308e-04
   1.324642e+01  -6.826987e-02   1.097886e-02   5.079237e-02   4.575653e-03  -1.656764e-03  -2.662332e-04
   1.445512e+01  -7.182553e-02   1.468338e-02   5.135857e-02   4.252560e-03  -1.241305e-03  -2.897136e-04
   1.573423e+01  -7.421589e-02   1.768316e-02   5.143416e-02   3.791292e-03  -9.986423e-04  -3.086373e-04
   1.708726e+01  -7.545445e-02   1.986219e-02   5.109528e-02   3.270009e-03  -9.031417e-04  -3.238338e-04
   1.851782e+01  -7.560878e-02   2.118191e-02   5.041600e-02   2.746443e-03  -9.274603e-04  -3.369613e-04
   2.002964e+01  -7.478605e-02   2.166555e-02   4.946520e-02   2.261164e-03  -1.044360e-03  -3.497786e-04
   2.162650e+01  -7.312122e-02   2.138230e-02   4.830895e-02   1.837335e-03  -1.229114e-03  -3.635216e-04
   2.331223e+01  -7.076800e-02   2.043908e-02   4.700890e-02   1.478842e-03  -1.461241e-03  -3.799392e-04
   2.509081e+01  -6.788891e-02   1.898037e-02   4.560680e-02   1.179249e-03  -1.722713e-03  -3.997804e-04
   2.696612e+01  -6.464414e-02   1.716791e-02   4.412625e-02   9.333111e-04  -1.995740e-03  -4.209278e-04
   2.894227e+01  -6.118435e-02   1.513365e-02   4.260855e-02   7.369868e-04  -2.263978e-03  -4.411853e-04
   3.102314e+01  -5.764850e-02   1.295780e-02   4.113286e-02   5.823624e-04  -2.515681e-03  -4.597972e-04
   3.321284e+01  -5.415753e-02   1.071240e-02   3.976454e-02   4.555843e-04  -2.744540e-03  -4.804684e-04
   3.551526e+01  -5.079940e-02   8.511139e-03   3.849103e-02   3.493973e-04  -2.946174e-03  -5.016621e-04
   3.793428e+01  -4.762133e-02   6.452691e-03   3.727018e-02   2.651226e-04  -3.114160e-03  -5.191830e-04
   4.047372e+01  -4.463995e-02   4.583444e-03   3.608387e-02   2.003113e-04  -3.242084e-03  -5.302463e-04
   4.313736e+01  -4.185151e-02   2.950433e-03   3.488824e-02   1.476574e-04  -3.327570e-03  -5.376130e-04
   4.592880e+01  -3.923658e-02   1.588914e-03   3.362273e-02   1.080930e-04  -3.372504e-03  -5.443421e-04
   4.885092e+01  -3.677861e-02   4.606328e-04   3.230752e-02   8.333818e-05  -3.382261e-03  -5.448589e-04
   5.190696e+01  -3.447484e-02  -4.877310e-04   3.099545e-02   6.341081e-05  -3.362712e-03  -5.409968e-04
   5.510016e+01  -3.231574e-02  -1.237281e-03   2.966020e-02   4.624548e-05  -3.316049e-03  -5.305301e-04
   5.843268e+01  -3.028168e-02  -1.767852e-03   2.825802e-02   3.737058e-05  -3.239812e-03  -5.143287e-04
   6.190668e+01  -2.837321e-02  -2.080739e-03   2.679820e-02   3.348895e-05  -3.134680e-03  -4.875734e-04
   6.552360e+01  -2.660025e-02  -2.206489e-03   2.531322e-02   2.433102e-05  -3.008586e-03  -4.606059e-04
   6.928524e+01  -2.494936e-02  -2.208273e-03   2.383564e-02   1.804128e-05  -2.869733e-03  -4.342162e-04
   7.319196e+01  -2.340235e-02  -2.158461e-03   2.241320e-02   1.428447e-05  -2.724457e-03  -4.088704e-04
   7.724376e+01  -2.194813e-02  -2.112275e-03   2.108483e-02   1.068767e-05  -2.577683e-03  -3.872019e-04
   8.144064e+01  -2.056307e-02  -2.090231e-03   1.985137e-02   6.863039e-06  -2.429231e-03  -3.658410e-04
   8.578116e+01  -1.921614e-02  -2.096182e-03   1.869226e-02   3.532232e-06  -2.277078e-03  -3.394549e-04
   9.026388e+01  -1.789558e-02  -2.157440e-03   1.760894e-02   2.259029e-06  -2.124031e-03  -3.177891e-04
   9.488664e+01  -1.661326e-02  -2.253236e-03   1.658541e-02   2.084266e-06  -1.974317e-03  -3.046835e-04
   9.964548e+01  -1.537908e-02  -2.381646e-03   1.562480e-02   1.347931e-06  -1.828138e-03  -3.064373e-04
   1.045372e+02  -1.419399e-02  -2.523491e-03   1.472693e-02   5.082269e-07  -1.684135e-03  -3.059115e-04
   1.095563e+02  -1.305676e-02  -2.633259e-03   1.384107e-02  -6.803798e-08  -1.542447e-03  -3.065686e-04
   1.146982e+02  -1.196303e-02  -2.682978e-03   1.293084e-02   9.467870e-08  -1.404515e-03  -3.105638e-04
   1.199560e+02  -1.091307e-02  -2.653855e-03   1.198853e-02   5.165818e-07  -1.270634e-03  -3.072407e-04
   1.253228e+02  -9.905161e-03  -2.580320e-03   1.104690e-02  -1.425837e-06  -1.140999e-03  -2.990120e-04
   1.307909e+02  -8.921346e-03  -2.506549e-03   1.011899e-02  -2.444322e-06  -1.015571e-03  -2.957795e-04
   1.363518e+02  -7.941431e-03  -2.421930e-03   9.168580e-03  -2.998046e-06  -8.928508e-04  -3.049282e-04
   1.419962e+02  -6.958256e-03  -2.263689e-03   8.151141e-03  -3.060057e-06  -7.720931e-04  -3.017714e-04
   1.477145e+02  -5.968831e-03  -2.042408e-03   7.076990e-03  -3.376943e-06  -6.521453e-04  -2.854802e-04
   1.534961e+02  -4.965040e-03  -1.777205e-03   5.947788e-03  -4.138471e-06  -5.330307e-04  -2.655659e-04
   1.593306e+02  -3.932637e-03  -1.462831e-03   4.758896e-03  -5.248397e-06  -4.154095e-04  -2.264117e-04
   1.652062e+02  -2.857218e-03  -1.110475e-03   3.499142e-03  -5.076018e-06  -2.989754e-04  -1.746513e-04
   1.711116e+02  -1.739120e-03  -7.155876e-04   2.161145e-03  -2.957497e-06  -1.832444e-04  -1.132757e-04
   1.770354e+02  -5.907814e-04  -2.987906e-04   7.746403e-04  -2.566722e-06  -6.780748e-05  -4.969095e-05

(EOF)
