 % Spectral simulation Chan180_S4_B3
 % 
 % Papers: 
 % 
 % 1. A.W. Vreman and J.G.M. Kuerten, Comparison of DNS databases of turbulent 
 %    channel flow at Re_tau=180, Phys. Fluids 26, 015102 (2014). 
 % 2. A.W. Vreman and J.G.M. Kuerten, Statistics of spatial derivatives of 
 %    velocity and pressure in turbulent channel flow, Phys. Fluids 26, 
 %    085103 (2014).
 % 3. A.W. Vreman and J.G.M. Kuerten, A third-order multistep time 
 %    discretization for a Cheyshev tau spectral method. 
 % 
 % The simulations "*_B3" were performed with a modified spectral method: 
 %  - The time discretization scheme was replaced by the third-order time 
 %    discretization scheme B3, defined in Ref. 3 mentioned above. 
 %  - The right-hand side of the pressure Poisson equation was -u_{i,k}u_{k,i}
 %    (instead of minus the divergence of the rotational form of the
 %    convective terms). Thus the Laplacian of the pressure is zero to 
 %    machine precision at the walls, which leads to improved behaviour of  
 %    higher-order moments of pressure derivatives in the first few grid 
 %    points of the wall. The pressure Poisson equation was used for 
 %    post-processing only. 
 %
 % Parameters:     H=1; nu=1/180; forcing=1
 % Domain:         4pi x  2  x 2pi/3
 % Resolution:     576 x 577 x 385
 % Averaging time: 100
 % Computed u_tau: 0.99970
 %
 % Creation date of the columns in this datafile: 3 February 2015
 %
 % Data format:    288 rows, 11 columns
 %
 % Budget of vorticity variance < vor_i' vor_i' >  
 % i=3,   summation over k    
 %
 % Description of columns:
 %
 % Column   1:  y+ (=180*y)
 % Column   2:  M1_vor_i
 % Column   3:  M2_vor_i
 %      M1_vor_i + M2_vor_i = 2 <vor'_i vor'_k> <u_{i,k}> + 2 <vor'_i u'_{i,k}> <vor_k>  
 % Column   4:  M3_vor_i      -2<vor'_i u'_{i,k}> <vor_{i,k}> 
 % Column   5:  G_vor_i       -2<vor'_i vor'_k u'_{i,k}>
 % Column   6:  0
 % Column   7: -2*nu*B_vor_i  -2*nu*<vor'_{i,k} vor'_{i,k}>
 % Column   8:  Tt_vor_i      -<u'_k vor'_i vor'_i >_{,k}
 % Column   9:  0
 % Column  10:  Tv_vor_i      nu*<vor_i' vor_i'>_{,kk}
 % Column  11:  total         (M1+M2+M3+G-2*nu*B+Tt+Tv)_vor_i   
  0.26772949043941E-02  0.46557422017409E+02 -0.32887773637963E-02 -0.34647756606340E-03  0.53685808137453E+02  0.00000000000000E+00 -0.37134982462531E+05  0.17898368719337E+02  0.00000000000000E+00  0.37030672984560E+05  0.13828485647478E+02
  0.10709099973005E-01  0.18642637459725E+03 -0.51590573712339E-01 -0.55507651622349E-02  0.21475388979812E+03  0.00000000000000E+00 -0.36958151645106E+05  0.71634608443159E+02  0.00000000000000E+00  0.36499211629089E+05  0.13817715482946E+02
  0.24095176279195E-01  0.42019596174036E+03 -0.25254528684853E+00 -0.28164016281180E-01  0.48324200656094E+03  0.00000000000000E+00 -0.36673559051101E+05  0.16133684033180E+03  0.00000000000000E+00  0.35622865477207E+05  0.13800525435450E+02
  0.42835125616196E-01  0.74884435002288E+03 -0.76035224053296E+00 -0.89313254615382E-01  0.85923089339438E+03  0.00000000000000E+00 -0.36295935331337E+05  0.28723300508029E+03  0.00000000000000E+00  0.34415254421176E+05  0.13777672841679E+02
  0.66928390514998E-01  0.11737315750785E+04 -0.17391924022993E+01 -0.21908423685428E+00  0.13428658183836E+04  0.00000000000000E+00 -0.35845012986758E+05  0.44966792226432E+03  0.00000000000000E+00  0.32894456332095E+05  0.13750384424260E+02
  0.96374254253397E-01  0.16965861931625E+04 -0.33144030462539E+01 -0.45720109438669E+00  0.19343768840730E+04  0.00000000000000E+00 -0.35344691856995E+05  0.64911836566535E+03  0.00000000000000E+00  0.31082102030283E+05  0.13720012047877E+02
  0.13117184088660E+00  0.23194827040103E+04 -0.55136475188083E+01 -0.85415385301596E+00  0.26340890735465E+04  0.00000000000000E+00 -0.34822042373298E+05  0.88619802021168E+03  0.00000000000000E+00  0.29002328483377E+05  0.13688106475867E+02
  0.17132011526520E+00  0.30448060731547E+04 -0.82007738088742E+01 -0.14729785773846E+01  0.34424116520935E+04  0.00000000000000E+00 -0.34306197725326E+05  0.11616427298856E+04  0.00000000000000E+00  0.26680667244157E+05  0.13656221578192E+02
  0.21681788306941E+00  0.38751992769862E+04 -0.11005383344204E+02 -0.23919557595931E+01  0.43597958964007E+04  0.00000000000000E+00 -0.33827191525363E+05  0.14762655734939E+04  0.00000000000000E+00  0.24142954029526E+05  0.13625911939540E+02
  0.26766379084320E+00  0.48134896099307E+04 -0.13251327137278E+02 -0.37085609906791E+01  0.53866502981532E+04  0.00000000000000E+00 -0.33414800280659E+05  0.18308710446543E+04  0.00000000000000E+00  0.21414347781510E+05  0.13598565461569E+02
  0.32385632603760E+00  0.58625895535261E+04 -0.13887409683204E+02 -0.55450767092028E+01  0.65232034175478E+04  0.00000000000000E+00 -0.33097450051112E+05  0.22261180931780E+04  0.00000000000000E+00  0.18518546848404E+05  0.13575375151180E+02
  0.38539381705199E+00  0.70253683330621E+04 -0.11423519162116E+02 -0.80563512890154E+01  0.77693064856436E+04  0.00000000000000E+00 -0.32901244162533E+05  0.26623231163610E+04  0.00000000000000E+00  0.15477283276657E+05  0.13557178739351E+02
  0.45227443328640E+00  0.83044909003382E+04 -0.38752293195646E+01 -0.11440264804574E+02  0.91241707358141E+04  0.00000000000000E+00 -0.32849163807302E+05  0.31391964534073E+04  0.00000000000000E+00  0.12310165620441E+05  0.13544408574766E+02
  0.52449618519541E+00  0.97022220052316E+04  0.11280347354017E+02 -0.15951517729611E+02  0.10586038380116E+05  0.00000000000000E+00 -0.32960485704892E+05  0.36555098454224E+04  0.00000000000000E+00  0.90349235657660E+04  0.13536921268184E+02
  0.60205692434760E+00  0.11220194281519E+05  0.37135012024980E+02 -0.21919382019978E+02  0.12151791258142E+05  0.00000000000000E+00 -0.33250450462664E+05  0.42086981625479E+04  0.00000000000000E+00  0.56680850499910E+04  0.13533919540438E+02
  0.68495434348500E+00  0.12859140902685E+05  0.77364178670932E+02 -0.29770019274202E+02  0.13816507585719E+05  0.00000000000000E+00 -0.33730201492441E+05  0.47944068897130E+04  0.00000000000000E+00  0.22260857194901E+04  0.13533764562966E+02
  0.77318597660221E+00  0.14618595385900E+05  0.13622417123861E+03 -0.40053846868411E+02  0.15572984950343E+05  0.00000000000000E+00 -0.34406996931701E+05  0.54060077688859E+04  0.00000000000000E+00 -0.12732276194375E+04  0.13533878360176E+02
  0.86674919900399E+00  0.16496563547955E+05  0.21853088681328E+03 -0.53478183101187E+02  0.17411256586950E+05  0.00000000000000E+00 -0.35284675884003E+05  0.60341185333798E+04  0.00000000000000E+00 -0.48087849284263E+04  0.13530559567580E+02
  0.96564122740260E+00  0.18489175428577E+05  0.32961900202176E+03 -0.70944986241375E+02  0.19318137558357E+05  0.00000000000000E+00 -0.36364335932281E+05  0.66661781540784E+04  0.00000000000000E+00 -0.83543103170034E+04  0.13518907508529E+02
  0.10698591199824E+01  0.20590328132745E+05  0.47528129384125E+03 -0.93592881635452E+02  0.21276846864493E+05  0.00000000000000E+00 -0.37645152787348E+05  0.72861446867959E+04  0.00000000000000E+00 -0.11876362613028E+05  0.13492695863401E+02
  0.11793997765008E+01  0.22791333880063E+05  0.66168802487068E+03 -0.12284181744345E+03  0.23266759318427E+05  0.00000000000000E+00 -0.39125247890599E+05  0.78743957891439E+04  0.00000000000000E+00 -0.15332642923305E+05  0.13444381157196E+02
  0.12942599383710E+01  0.25080590885458E+05  0.89528671554464E+03 -0.16043759606859E+03  0.25263345397947E+05  0.00000000000000E+00 -0.40802489908272E+05  0.84079181662819E+04  0.00000000000000E+00 -0.18670848568023E+05  0.13365092867425E+02
  0.14144361887646E+01  0.27443297747574E+05  0.11826830084130E+04 -0.20849222288078E+03  0.27238356096099E+05  0.00000000000000E+00 -0.42675106371431E+05  0.88608669808164E+04  0.00000000000000E+00 -0.21828360466493E+05  0.13244772097150E+02
  0.15399249527142E+01  0.29861234429586E+05  0.15305037451046E+04 -0.26951457387723E+03  0.29160301075472E+05  0.00000000000000E+00 -0.44741987271818E+05  0.92055553370011E+04  0.00000000000000E+00 -0.24733020430749E+05  0.13072310718915E+02
  0.16707224972142E+01  0.32312634269957E+05  0.19452438500124E+04 -0.34642444906943E+03  0.30995250887237E+05  0.00000000000000E+00 -0.47002586822605E+05  0.94138950423995E+04  0.00000000000000E+00 -0.27305176919001E+05  0.12835858928906E+02
  0.18068249313342E+01  0.34772171336381E+05  0.24330991679935E+04 -0.44254185620601E+03  0.32707967631378E+05  0.00000000000000E+00 -0.49456373460962E+05  0.94592540768025E+04  0.00000000000000E+00 -0.29461053699139E+05  0.12523196248356E+02
  0.19482282063396E+01  0.37211085462011E+05  0.29997880489833E+04 -0.56154263021908E+03  0.34263334918105E+05  0.00000000000000E+00 -0.52101837937051E+05  0.93186292789597E+04  0.00000000000000E+00 -0.31117334759585E+05  0.12122381203993E+02
  0.20949281158032E+01  0.39597463221551E+05  0.36503652067003E+04 -0.70737154857706E+03  0.35628020887477E+05  0.00000000000000E+00 -0.54935137087951E+05  0.89749647596941E+04  0.00000000000000E+00 -0.32196682802221E+05  0.11622636673259E+02
  0.22469202957384E+01  0.41896686837946E+05  0.43890321769826E+04 -0.88410526315121E+03  0.36772272368086E+05  0.00000000000000E+00 -0.57948515489046E+05  0.84193904223607E+04  0.00000000000000E+00 -0.32633745375824E+05  0.11015677354146E+02
  0.24042002247216E+01  0.44072054708364E+05  0.52189495158629E+04 -0.10957598889030E+04  0.37671709656321E+05  0.00000000000000E+00 -0.61128696667962E+05  0.76531235521141E+04  0.00000000000000E+00 -0.32381083545891E+05  0.10297329905225E+02
  0.25667632240362E+01  0.46085567300865E+05  0.61420566393622E+04 -0.13460420955098E+04  0.38308975036946E+05  0.00000000000000E+00 -0.64455460069122E+05  0.66887792276076E+04  0.00000000000000E+00 -0.31414406657284E+05  0.94693828643649E+01
  0.27346044578022E+01  0.47898861237398E+05  0.71589058321514E+04 -0.16380479712048E+04  0.38675087611930E+05  0.00000000000000E+00 -0.67900614161442E+05  0.55508756859343E+04  0.00000000000000E+00 -0.29736527081739E+05  0.85411530281308E+01
  0.29077189331256E+01  0.49474263269812E+05  0.82685173515536E+04 -0.19739204536856E+04  0.38770373449385E+05  0.00000000000000E+00 -0.71427540341449E+05  0.42753950585078E+04  0.00000000000000E+00 -0.27379557975179E+05  0.75303589446157E+01
  0.30861015002460E+01  0.50775925509915E+05  0.94682626438174E+04 -0.23544831723219E+04  0.38604872073442E+05  0.00000000000000E+00 -0.74991422276339E+05  0.29083580260935E+04  0.00000000000000E+00 -0.24405050111570E+05  0.64626930376326E+01
  0.32697468526860E+01  0.51770994641493E+05  0.10753782406179E+05 -0.27788753082798E+04  0.38198164133507E+05  0.00000000000000E+00 -0.78540200312470E+05  0.15034789302981E+04  0.00000000000000E+00 -0.20901974514720E+05  0.53699760062518E+01
  0.34586495274186E+01  0.52430761781726E+05  0.12118945533120E+05 -0.32442175945315E+04  0.37578615370704E+05  0.00000000000000E+00 -0.82016211325928E+05  0.11907052094004E+03  0.00000000000000E+00 -0.16982677270201E+05  0.42870158295373E+01
  0.36528039050166E+01  0.52731736844917E+05  0.13555853874374E+05 -0.37453428678349E+04  0.36782082736159E+05  0.00000000000000E+00 -0.85358401184583E+05 -0.11855487963478E+04  0.00000000000000E+00 -0.12777132637940E+05  0.32479687449722E+01
  0.38522042098308E+01  0.52656592104887E+05  0.15054896237095E+05 -0.42746248107996E+04  0.35850173966672E+05  0.00000000000000E+00 -0.88504938358288E+05 -0.23538379048861E+04  0.00000000000000E+00 -0.84259781699767E+04  0.22830647041774E+01
  0.40568445101574E+01  0.52194924253260E+05  0.16604853250497E+05 -0.48219351442950E+04  0.34828187360564E+05  0.00000000000000E+00 -0.91396019104599E+05 -0.33356793520484E+04  0.00000000000000E+00 -0.40729146243420E+04  0.14166390368378E+01
  0.42667187184126E+01  0.51343792384072E+05  0.18193052671862E+05 -0.53747524342727E+04  0.33762880707241E+05  0.00000000000000E+00 -0.93976640223463E+05 -0.40905789862423E+04  0.00000000000000E+00  0.14291262313944E+03  0.66674233693908E+00
  0.44818205913162E+01  0.50108000467246E+05  0.19805572562377E+05 -0.59184352426815E+04  0.32700225856224E+05  0.00000000000000E+00 -0.96199124753060E+05 -0.45901577381907E+04  0.00000000000000E+00  0.40939649262870E+04  0.46078201942237E-01
  0.47021437300806E+01  0.48500106215707E+05  0.21427487625596E+05 -0.64366594434242E+04  0.31683298569123E+05  0.00000000000000E+00 -0.98025216526428E+05 -0.48197486001417E+04  0.00000000000000E+00  0.76702954265891E+04 -0.43673297865007E+00
  0.49276815805908E+01  0.46540152833277E+05  0.23043152007755E+05 -0.69120054004829E+04  0.30750433932032E+05  0.00000000000000E+00 -0.99427606100492E+05 -0.47790010198610E+04  0.00000000000000E+00  0.10784097118644E+05 -0.77662912798223E+00
  0.51584274336132E+01  0.44255134894511E+05  0.24636510127029E+05 -0.73266668620122E+04  0.29933748738019E+05  0.00000000000000E+00 -0.10039080653455E+06 -0.44814878673261E+04  0.00000000000000E+00  0.13372594327588E+05 -0.97317674488841E+00
  0.53943744249828E+01  0.41678223503477E+05  0.26191425730344E+05 -0.76632413956497E+04  0.29258097581456E+05  0.00000000000000E+00 -0.10091135563985E+06 -0.39533961440490E+04  0.00000000000000E+00  0.15399213216202E+05 -0.10331480661298E+01
  0.56355155358138E+01  0.38847787958894E+05  0.27692018449453E+05 -0.79055533406764E+04  0.28740492781341E+05  0.00000000000000E+00 -0.10099737528833E+06 -0.32314532475567E+04  0.00000000000000E+00  0.16853109063916E+05 -0.97362295532002E+00
  0.58818435927084E+01  0.35806260651361E+05  0.29122996691525E+05 -0.80394555961778E+04  0.28389983155366E+05  0.00000000000000E+00 -0.10066756349068E+06 -0.23602906158337E+04  0.00000000000000E+00  0.17747245415000E+05 -0.82378943650474E+00
  0.61333512679674E+01  0.32598898304292E+05  0.30469975771784E+05 -0.80535566356305E+04  0.28207955867093E+05  0.00000000000000E+00 -0.99949728737204E+05 -0.13894742245897E+04  0.00000000000000E+00  0.18115305997216E+05 -0.62365704039985E+00
  0.63900310798116E+01  0.29272495675672E+05  0.31719770766869E+05 -0.79398239365965E+04  0.28188800958914E+05  0.00000000000000E+00 -0.98878997743242E+05 -0.37043753792571E+03  0.00000000000000E+00  0.18007773173178E+05 -0.41864313180849E+00
  0.66518753926032E+01  0.25874107455129E+05  0.32860654604285E+05 -0.76940240174099E+04  0.28320860825958E+05  0.00000000000000E+00 -0.97495837488309E+05  0.64646045608707E+03  0.00000000000000E+00  0.17487527576825E+05 -0.25058743447880E+00
  0.69188764170672E+01  0.22449830544816E+05  0.33882573354274E+05 -0.73159715215012E+04  0.28587577163306E+05  0.00000000000000E+00 -0.95844030828247E+05  0.16145587106277E+04  0.00000000000000E+00  0.16625315204408E+05 -0.14737231731124E+00
  0.71910262105326E+01  0.19043692623527E+05  0.34777312490033E+05 -0.68095740174463E+04  0.28968745657939E+05  0.00000000000000E+00 -0.93968732883085E+05  0.24930478584554E+04  0.00000000000000E+00  0.15495393761626E+05 -0.11450895170674E+00
  0.74683166771646E+01  0.15696684431952E+05  0.35538609950179E+05 -0.61826739775978E+04  0.29441793236781E+05  0.00000000000000E+00 -0.91914714328577E+05  0.32485543565118E+04  0.00000000000000E+00  0.14171614348460E+05 -0.13198229067348E+00
  0.77507395682022E+01  0.12445963268392E+05  0.36162214076087E+05 -0.54467033722860E+04  0.29983002886231E+05  0.00000000000000E+00 -0.89724870026089E+05  0.38561108308396E+04  0.00000000000000E+00  0.12724124017682E+05 -0.15831914309274E+00
  0.80382864822084E+01  0.93242445041969E+04  0.36645886789660E+05 -0.46161782635567E+04  0.30568625366160E+05  0.00000000000000E+00 -0.87439040241753E+05  0.42995227611899E+04  0.00000000000000E+00  0.11216797571449E+05 -0.14151265402506E+00
  0.83309488653186E+01  0.63593872938754E+04  0.36989354590714E+05 -0.37080697996798E+04  0.31175833705366E+05  0.00000000000000E+00 -0.85093160721094E+05  0.45711886448267E+04  0.00000000000000E+00  0.97054322305065E+04 -0.34055484407872E-01
  0.86287180114944E+01  0.35741707956227E+04  0.37194211949552E+05 -0.27410935761936E+04  0.31783493342247E+05  0.00000000000000E+00 -0.82718730770199E+05  0.46714654584823E+04  0.00000000000000E+00  0.82366751164636E+04  0.19231597488033E+00
  0.89315850627792E+01  0.98624873777819E+03  0.37263783323931E+05 -0.17349613123399E+04  0.32372736706748E+05  0.00000000000000E+00 -0.80342568016298E+05  0.46076909562104E+04  0.00000000000000E+00  0.68476065354084E+04  0.53693143770397E+00
  0.92395410095700E+01 -0.13917365281108E+04  0.37202951250015E+05 -0.70963741867435E+03  0.32927345059234E+05  0.00000000000000E+00 -0.77986805511929E+05  0.43929798532767E+04  0.00000000000000E+00  0.55658725091270E+04  0.96921293876676E+00
  0.95525766908802E+01 -0.35519040830424E+04  0.37017958701980E+05  0.31536120127251E+03  0.33433951980648E+05  0.00000000000000E+00 -0.75669080474888E+05  0.40449050058108E+04  0.00000000000000E+00  0.44102450696908E+04  0.14374014710047E+01
  0.98706827946114E+01 -0.54907750174567E+04  0.36716194192731E+05  0.13215901962190E+04  0.33882091372277E+05  0.00000000000000E+00 -0.73402863285106E+05  0.35841602068143E+04  0.00000000000000E+00  0.33914864685537E+04  0.18841340315048E+01
  0.10193849857831E+02 -0.72088310184395E+04  0.36305967940172E+05  0.22922036033726E+04  0.34264117401473E+05  0.00000000000000E+00 -0.71197880169152E+05  0.30332806193418E+04  0.00000000000000E+00  0.25134043871338E+04  0.22627639016328E+01
  0.10522068267056E+02 -0.87100180277879E+04  0.35796286905016E+05  0.32123649570122E+04  0.34575024533535E+05  0.00000000000000E+00 -0.69060591872746E+05  0.24154744409100E+04  0.00000000000000E+00  0.17740070322905E+04  0.25479682297569E+01
  0.10855328258536E+02 -0.10001220347623E+05  0.35196635679257E+05  0.40695366370531E+04  0.34812194032531E+05  0.00000000000000E+00 -0.66994699419664E+05  0.17536008677906E+04  0.00000000000000E+00  0.11666899772915E+04  0.27374266365966E+01
  0.11193619918547E+02 -0.11091727907716E+05  0.34516769147624E+05  0.48536482305618E+04  0.34975090953192E+05  0.00000000000000E+00 -0.65001653164796E+05  0.10693171436353E+04  0.00000000000000E+00  0.68140109626738E+03  0.28454987684061E+01
  0.11536933183681E+02 -0.11992716075891E+05  0.33766521655997E+05  0.55571513190429E+04  0.35064933306771E+05  0.00000000000000E+00 -0.63081144478378E+05  0.38240686260722E+03  0.00000000000000E+00  0.30573914365457E+03  0.28917338033041E+01
  0.11885257841153E+02 -0.12716753680042E+05  0.32955636199270E+05  0.61749732686438E+04  0.35084352167253E+05  0.00000000000000E+00 -0.61231564928033E+05 -0.28971164015294E+03  0.00000000000000E+00  0.25955437203228E+02  0.28868241420929E+01
  0.12238583529096E+02 -0.13277351038191E+05  0.32093615955877E+05  0.67043861463931E+04  0.35037057959132E+05  0.00000000000000E+00 -0.59450424686123E+05 -0.93230962760038E+03  0.00000000000000E+00 -0.17215524741307E+03  0.28194620746972E+01
  0.12596899736878E+02 -0.13688555944730E+05  0.31189599391334E+05  0.71448088179557E+04  0.34927525257064E+05  0.00000000000000E+00 -0.57734723497783E+05 -0.15335191920543E+04  0.00000000000000E+00 -0.30248471037403E+03  0.26501214116662E+01
  0.12960195805408E+02 -0.13964601976850E+05  0.30252259175243E+05  0.74975607423194E+04  0.34760707011928E+05  0.00000000000000E+00 -0.56081262029720E+05 -0.20843583138628E+04  0.00000000000000E+00 -0.37798633485942E+03  0.23182741980365E+01
  0.13328460927454E+02 -0.14119610476577E+05  0.29289724362122E+05  0.77655852351706E+04  0.34541788350509E+05  0.00000000000000E+00 -0.54486876122549E+05 -0.25786135963928E+04  0.00000000000000E+00 -0.41023372066152E+03  0.17640316218130E+01
  0.13701684147968E+02 -0.14167345368444E+05  0.28309524700714E+05  0.79531583727115E+04  0.34275988085624E+05  0.00000000000000E+00 -0.52948579528931E+05 -0.30125942160980E+04  0.00000000000000E+00 -0.40919616896256E+03  0.95587661316858E+00
  0.14079854364413E+02 -0.14121018559226E+05  0.27318555507944E+05  0.80655975879761E+04  0.33968411389035E+05  0.00000000000000E+00 -0.51463613412127E+05 -0.33847881041270E+04  0.00000000000000E+00 -0.38323413271228E+03 -0.89723237816884E-01
  0.14462960327084E+02 -0.13993142708363E+05  0.26323061164785E+05  0.81089816139481E+04  0.33623949865029E+05  0.00000000000000E+00 -0.50029419897959E+05 -0.36954667867963E+04  0.00000000000000E+00 -0.33927085845627E+03 -0.13076078122456E+01
  0.14850990639452E+02 -0.13795427269175E+05  0.25328634887484E+05  0.80898908903974E+04  0.33247218072252E+05  0.00000000000000E+00 -0.48643576398071E+05 -0.39462923297162E+04  0.00000000000000E+00 -0.28304990351816E+03 -0.26020503470415E+01
  0.15243933758499E+02 -0.13538712748031E+05  0.24340232036148E+05  0.80151749695967E+04  0.32842512599072E+05  0.00000000000000E+00 -0.47303735774129E+05 -0.41399732591615E+04  0.00000000000000E+00 -0.21937092773361E+03 -0.38731042385203E+01
  0.15641777995065E+02 -0.13232937313296E+05  0.23362193974153E+05  0.78917509519647E+04  0.32413783463702E+05  0.00000000000000E+00 -0.46007603354273E+05 -0.42799913198758E+04  0.00000000000000E+00 -0.15223373214979E+03 -0.50373297745313E+01
  0.16044511514188E+02 -0.12887129521234E+05  0.22398279505728E+05  0.77264347087214E+04  0.31964615115919E+05  0.00000000000000E+00 -0.44752950853878E+05 -0.43703862467263E+04  0.00000000000000E+00 -0.84896891408289E+02 -0.60341828774058E+01
  0.16452122335465E+02 -0.12509421165930E+05  0.21451701221742E+05  0.75258047455414E+04  0.31498219380396E+05  0.00000000000000E+00 -0.43537644490232E+05 -0.44155677165540E+04  0.00000000000000E+00 -0.19911549284085E+02 -0.68195743210669E+01
  0.16864598333403E+02 -0.12107075040997E+05  0.20525164611626E+05  0.72960971139482E+04  0.31017441430002E+05  0.00000000000000E+00 -0.42359669147300E+05 -0.44201407814161E+04  0.00000000000000E+00  0.40824689487972E+02 -0.73571246491038E+01
  0.17281927237781E+02 -0.11686523524788E+05  0.19620908429620E+05  0.70431288032014E+04  0.30524775298987E+05  0.00000000000000E+00 -0.41217150919151E+05 -0.43887628049602E+04  0.00000000000000E+00  0.96007051856839E+02 -0.76176652346042E+01
  0.17704096634012E+02 -0.11253415084184E+05  0.18740745366192E+05  0.67722464887970E+04  0.30022384681442E+05  0.00000000000000E+00 -0.40108386520310E+05 -0.43260512120413E+04  0.00000000000000E+00  0.14489035207596E+03 -0.75859280288334E+01
  0.18131093963525E+02 -0.10812666720152E+05  0.17886102427833E+05  0.64882972591630E+04  0.29512129535894E+05  0.00000000000000E+00 -0.39031867726462E+05 -0.42365207529345E+04  0.00000000000000E+00  0.18726431657872E+03 -0.72616600796761E+01
  0.18562906524116E+02 -0.10368520819764E+05  0.17058060562070E+05  0.61956178549653E+04  0.28995600669174E+05  0.00000000000000E+00 -0.37986270165395E+05 -0.41245017032771E+04  0.00000000000000E+00  0.22336688626457E+03 -0.66467159622269E+01
  0.18999521470348E+02 -0.99246047550564E+04  0.16257393067396E+05  0.58980389429472E+04  0.28474157127141E+05  0.00000000000000E+00 -0.36970396535446E+05 -0.39940304208255E+04  0.00000000000000E+00  0.25371516301669E+03 -0.57274108268893E+01
  0.19440925813924E+02 -0.94839910770948E+04  0.15484602283220E+05  0.55989009990653E+04  0.27948956421676E+05  0.00000000000000E+00 -0.35983107357788E+05 -0.38487657985673E+04  0.00000000000000E+00  0.27893362740507E+03 -0.44709020841597E+01
  0.19887106424065E+02 -0.90492559080585E+04  0.14739954079574E+05  0.53010785672794E+04  0.27420977534851E+05  0.00000000000000E+00 -0.35023277733741E+05 -0.36919788993758E+04  0.00000000000000E+00  0.29965651899822E+03 -0.28458404739856E+01
  0.20338050027920E+02 -0.86225337639536E+04  0.14023509884042E+05  0.50070100577410E+04  0.26891049367567E+05  0.00000000000000E+00 -0.34089781140746E+05 -0.35265987047504E+04  0.00000000000000E+00  0.31648168890051E+03 -0.86261120023693E+00
  0.20793743210941E+02 -0.82055683461007E+04  0.13335156295155E+05  0.47187308064430E+04  0.26359892371759E+05  0.00000000000000E+00 -0.33181475143261E+05 -0.33552578528595E+04  0.00000000000000E+00  0.32990519687548E+03  0.13833280112700E+01
  0.21254172417297E+02 -0.77997597328898E+04  0.12674632395629E+05  0.44379076863904E+04  0.25828159887315E+05  0.00000000000000E+00 -0.32297181109263E+05 -0.31803017581345E+04  0.00000000000000E+00  0.34023187848677E+03  0.36892475333256E+01
  0.21719323950264E+02 -0.74062081040959E+04  0.12041554548680E+05  0.41658740238628E+04  0.25296451442929E+05  0.00000000000000E+00 -0.31435695178853E+05 -0.30037772311083E+04  0.00000000000000E+00  0.34756710938321E+03  0.57666107982864E+01
  0.22189183972648E+02 -0.70257532240505E+04  0.11435438121051E+05  0.39036639486524E+04  0.24765286145002E+05  0.00000000000000E+00 -0.30595876229879E+05 -0.28274397047547E+04  0.00000000000000E+00  0.35199637205265E+03  0.73154280739270E+01
  0.22663738507183E+02 -0.66590087608935E+04  0.10855715761469E+05  0.36520456667850E+04  0.24235063937139E+05  0.00000000000000E+00 -0.29776776334370E+05 -0.26527626348363E+04  0.00000000000000E+00  0.35386271084516E+03  0.81403461379580E+01
  0.23142973436953E+02 -0.63063916236762E+04  0.10301752578130E+05  0.34115534618528E+04  0.23706060601418E+05  0.00000000000000E+00 -0.28977701379424E+05 -0.24808934413560E+04  0.00000000000000E+00  0.35388390303072E+03  0.82640999746990E+01
  0.23626874505811E+02 -0.59681478061830E+04  0.97728592192719E+04  0.31825183757304E+04  0.23178469355483E+05  0.00000000000000E+00 -0.28198155282988E+05 -0.23126022788928E+04  0.00000000000000E+00  0.35301759597768E+03  0.79591783987804E+01
  0.24115427318801E+02 -0.56443763392069E+04  0.92683038983390E+04  0.29650974327321E+04  0.22652461583745E+05  0.00000000000000E+00 -0.27437749094839E+05 -0.21483673353924E+04  0.00000000000000E+00  0.35227147750331E+03  0.76416228814020E+01
  0.24608617342592E+02 -0.53350518978317E+04  0.87873238464667E+04  0.27593010954785E+04  0.22128245766407E+05  0.00000000000000E+00 -0.26696138970327E+05 -0.19886030956634E+04  0.00000000000000E+00  0.35259540390005E+03  0.76721484300525E+01
  0.25106429905906E+02 -0.50400457091181E+04  0.83291360672445E+04  0.25650185579928E+04  0.21606126256263E+05  0.00000000000000E+00 -0.25972946378593E+05 -0.18338365538938E+04  0.00000000000000E+00  0.35473571425778E+03  0.81879541535163E+01
  0.25608850199951E+02 -0.47591442420406E+04  0.78929469820293E+04  0.23820405179107E+04  0.21086550742232E+05  0.00000000000000E+00 -0.25267637441600E+05 -0.16847090755623E+04  0.00000000000000E+00  0.35899563550537E+03  0.90431184743907E+01
  0.26115863278869E+02 -0.44920650901685E+04  0.74779604803738E+04  0.22100791909220E+04  0.20570119864359E+05  0.00000000000000E+00 -0.24579446344779E+05 -0.15418884601934E+04  0.00000000000000E+00  0.36508421848089E+03  0.98438589947700E+01
  0.26627454060178E+02 -0.42384693983903E+04  0.70833839373953E+04  0.20487855897559E+04  0.20057555583206E+05  0.00000000000000E+00 -0.23907395690238E+05 -0.14059422344352E+04  0.00000000000000E+00  0.37214875490177E+03  0.10066542195150E+02
  0.27143607325216E+02 -0.39979709545694E+04  0.67084320907347E+04  0.18977644441258E+04  0.19549643821552E+05  0.00000000000000E+00 -0.23250397674273E+05 -0.12771417413243E+04  0.00000000000000E+00  0.37893924266840E+03  0.92692289143862E+01
  0.27664307719600E+02 -0.37701434286654E+04  0.63523292450362E+04  0.17565873097060E+04  0.19047160732017E+05  0.00000000000000E+00 -0.22607448866878E+05 -0.11553232627705E+04  0.00000000000000E+00  0.38416184340031E+03  0.73235718456114E+01
  0.28189539753680E+02 -0.35545277121924E+04  0.60143106373212E+04  0.16248042214536E+04  0.18550804703628E+05  0.00000000000000E+00 -0.21977859141571E+05 -0.10399718374344E+04  0.00000000000000E+00  0.38694717006008E+03  0.45080412653300E+01
  0.28719287803001E+02 -0.33506403985809E+04  0.56936236689006E+04  0.15019538819092E+04  0.18061170189995E+05  0.00000000000000E+00 -0.21361337730038E+05 -0.93046401260051E+03  0.00000000000000E+00  0.38706831796537E+03  0.13739175499998E+01
  0.29253536108764E+02 -0.31579830999485E+04  0.53895292951684E+04  0.13875721469792E+04  0.17578766371898E+05  0.00000000000000E+00 -0.20757883241679E+05 -0.82630449327735E+03  0.00000000000000E+00  0.38477358272785E+03 -0.15294381314409E+01
  0.29792268778302E+02 -0.29760514357037E+04  0.51013034538504E+04  0.12811986204572E+04  0.17104042681616E+05  0.00000000000000E+00 -0.20167624585473E+05 -0.72726930414645E+03  0.00000000000000E+00  0.38052434262049E+03 -0.38762267789838E+01
  0.30335469785541E+02 -0.28043425620547E+04  0.48282382383219E+04  0.11823814175216E+04  0.16637388227816E+05  0.00000000000000E+00 -0.19590734548449E+05 -0.63340767972039E+03  0.00000000000000E+00  0.37488074616901E+03 -0.55961603959581E+01
  0.30883122971494E+02 -0.26423608733156E+04  0.45696427197518E+04  0.10906803647072E+04  0.16179105673550E+05  0.00000000000000E+00 -0.19027394643931E+05 -0.54491740516202E+03  0.00000000000000E+00  0.36848631481771E+03 -0.67578495819572E+01
  0.31435212044725E+02 -0.24896220831863E+04  0.43248435950258E+04  0.10056689217129E+04  0.15729386358056E+05  0.00000000000000E+00 -0.18477745387028E+05 -0.46200161501046E+03  0.00000000000000E+00  0.36200821318447E+03 -0.74619972454940E+01
  0.31991720581841E+02 -0.23456556810399E+04  0.40931857812196E+04  0.92693512406403E+03  0.15288317872901E+05  0.00000000000000E+00 -0.17941816471896E+05 -0.38477188690464E+03  0.00000000000000E+00  0.35599028053310E+03 -0.78149811226452E+01
  0.32552632027982E+02 -0.22100055737081E+04  0.38740328551036E+04  0.85408204572648E+03  0.14855935655631E+05  0.00000000000000E+00 -0.17419486508076E+05 -0.31315989220176E+03  0.00000000000000E+00  0.35070055417622E+03 -0.79008633481941E+01
  0.33117929697310E+02 -0.20822294651475E+04  0.36667672288375E+04  0.78672842972756E+03  0.14432300957275E+05  0.00000000000000E+00 -0.16910508347819E+05 -0.24685457518387E+03  0.00000000000000E+00  0.34608654150992E+03 -0.77092308003610E+01
  0.33687596773508E+02 -0.19618983902302E+04  0.34707900981776E+04  0.72450988471519E+03  0.14017577613482E+05  0.00000000000000E+00 -0.16414557438879E+05 -0.18535485873894E+03  0.00000000000000E+00  0.34180064662514E+03 -0.71324448477198E+01
  0.34261616310282E+02 -0.18485976703021E+04  0.32855213308054E+04  0.66708046515452E+03  0.13612075987698E+05  0.00000000000000E+00 -0.15931223220559E+05 -0.12809747694589E+03  0.00000000000000E+00  0.33714835490288E+03 -0.60922292459484E+01
  0.34839971231854E+02 -0.17419295516429E+04  0.31103995669853E+04  0.61411390759493E+03  0.13216210294690E+05  0.00000000000000E+00 -0.15460009169358E+05 -0.74549614055630E+02  0.00000000000000E+00  0.33111966352919E+03 -0.46449022574166E+01
  0.35422644333485E+02 -0.16415165838031E+04  0.29448827829039E+04  0.56530368688816E+03  0.12830353531308E+05  0.00000000000000E+00 -0.15000474814969E+05 -0.24261426015133E+02  0.00000000000000E+00  0.32278270366833E+03 -0.29301200188372E+01
  0.36009618281977E+02 -0.15470041373611E+04  0.27884494055889E+04  0.52036155350527E+03  0.12454676949828E+05  0.00000000000000E+00 -0.14552422160687E+05  0.23097095276104E+02  0.00000000000000E+00  0.31179603667717E+03 -0.10452571725825E+01
  0.36600875616193E+02 -0.14580607703064E+04  0.26405997801527E+04  0.47901495421282E+03  0.12089075733461E+05  0.00000000000000E+00 -0.14115933153275E+05  0.67676094595118E+02  0.00000000000000E+00  0.29861555635817E+03  0.98819519919243E+00
  0.37196398747579E+02 -0.13743759730193E+04  0.25008574061408E+04  0.44100423891376E+03  0.11733203921123E+05  0.00000000000000E+00 -0.13691257076722E+05  0.10933931583891E+03  0.00000000000000E+00  0.28433897303622E+03  0.31108053114460E+01
  0.37796169960671E+02 -0.12956558031080E+04  0.23687693867970E+04  0.40608065513022E+03  0.11386590602148E+05  0.00000000000000E+00 -0.13278645743273E+05  0.14766543472813E+03  0.00000000000000E+00  0.27030019694507E+03  0.51047293667424E+01
  0.38400171413648E+02 -0.12216178237639E+04  0.22439061321562E+04  0.37400582570487E+03  0.11048794429162E+05  0.00000000000000E+00 -0.12878211207982E+05  0.18220522350292E+03  0.00000000000000E+00  0.25759062642084E+03  0.66732052004786E+01
  0.39008385138843E+02 -0.11519871713140E+04  0.21258608016201E+04  0.34455284639773E+03  0.10719542237637E+05  0.00000000000000E+00 -0.12489853256603E+05  0.21284337800256E+03  0.00000000000000E+00  0.24671135319034E+03  0.76701889306896E+01
  0.39620793043282E+02 -0.10864954597655E+04  0.20142489622847E+04  0.31750847846858E+03  0.10398790188654E+05  0.00000000000000E+00 -0.12113246451994E+05  0.23996450877611E+03  0.00000000000000E+00  0.23741485343905E+03  0.81850798629476E+01
  0.40237376909224E+02 -0.10248831554271E+04  0.19087086930244E+04  0.29267524403729E+03  0.10086655126360E+05  0.00000000000000E+00 -0.11747919533853E+05  0.26425739665866E+03  0.00000000000000E+00  0.22889269600863E+03  0.83864668088223E+01
  0.40858118394707E+02 -0.96690393957923E+03  0.18089008427266E+04  0.26987209709468E+03  0.97832443836633E+04  0.00000000000000E+00 -0.11393488663114E+05  0.28624218084029E+03  0.00000000000000E+00  0.22047528512040E+03  0.83421867521555E+01
  0.41482999034086E+02 -0.91232820773910E+03  0.17145086608432E+04  0.24893321380770E+03  0.94885216919826E+04  0.00000000000000E+00 -0.11049887193920E+05  0.30588147111010E+03  0.00000000000000E+00  0.21237295453824E+03  0.80025906228523E+01
  0.42112000238584E+02 -0.86094364104259E+03  0.16252361881066E+04  0.22970571252227E+03  0.92023253275403E+04  0.00000000000000E+00 -0.10717341633747E+05  0.32258980145828E+03  0.00000000000000E+00  0.20571171290228E+03  0.72834677404979E+01
  0.42745103296850E+02 -0.81255290288334E+03  0.15408055762965E+04  0.21204772397807E+03  0.89245258164439E+04  0.00000000000000E+00 -0.10396032764350E+05  0.33562336266621E+03  0.00000000000000E+00  0.20163412738170E+03  0.60509395335594E+01
  0.43382289375511E+02 -0.76697046973937E+03  0.14609542490966E+04  0.19582777479544E+03  0.86551906732035E+04  0.00000000000000E+00 -0.10085621784713E+05  0.34468779122986E+03  0.00000000000000E+00  0.19998547144243E+03  0.40537053152304E+01
  0.44023539519733E+02 -0.72402089271780E+03  0.13854328466845E+04  0.18092527419817E+03  0.83945733970659E+04  0.00000000000000E+00 -0.97851072812460E+04  0.35039469557771E+03  0.00000000000000E+00  0.19889798929481E+03  0.10960288572667E+01
  0.44668834653784E+02 -0.68353887653822E+03  0.13140041016114E+04  0.16723104943888E+03  0.81428815688564E+04  0.00000000000000E+00 -0.94933071812639E+04  0.35409391012323E+03  0.00000000000000E+00  0.19603827415202E+03 -0.25971536202219E+01
  0.45318155581606E+02 -0.64536979245116E+03  0.12464421364641E+04  0.15464718415716E+03  0.79000230796879E+04  0.00000000000000E+00 -0.92095064824144E+04  0.35721911257328E+03  0.00000000000000E+00  0.19027899596210E+03 -0.62657660210533E+01
  0.45971482987381E+02 -0.60936984909025E+03  0.11825319750123E+04  0.14308623800088E+03  0.76655632013765E+04  0.00000000000000E+00 -0.89336149565530E+04  0.36079068371321E+03  0.00000000000000E+00  0.18207661362539E+03 -0.89360939149486E+01
  0.46628797436107E+02 -0.57540669364185E+03  0.11220696430089E+04  0.13247006939272E+03  0.74389020969175E+04  0.00000000000000E+00 -0.86658155239069E+04  0.36536116411559E+03  0.00000000000000E+00  0.17254149271429E+03 -0.98777513998235E+01
  0.47290079374178E+02 -0.54336092209345E+03  0.10648629553322E+04  0.12272801431165E+03  0.72194767173550E+04  0.00000000000000E+00 -0.84061937988987E+04  0.37109762285771E+03  0.00000000000000E+00  0.16254221751988E+03 -0.88471936157005E+01
  0.47955309129961E+02 -0.51312684838465E+03  0.10107321071377E+04  0.11379424231350E+03  0.70068235459159E+04  0.00000000000000E+00 -0.81547155501550E+04  0.37762948389062E+03  0.00000000000000E+00  0.15274080389092E+03 -0.61222153910502E+01
  0.48624466914389E+02 -0.48461019121047E+03  0.95950900578588E+03  0.10560502477757E+03  0.68005535641825E+04  0.00000000000000E+00 -0.79113818668368E+04  0.38385184696822E+03  0.00000000000000E+00  0.14398700306411E+03 -0.24856132690472E+01
  0.49297532821542E+02 -0.45772287607894E+03  0.91103543913748E+03  0.98097212601146E+02  0.66003856547247E+04  0.00000000000000E+00 -0.76761527552684E+04  0.38828387108778E+03  0.00000000000000E+00  0.13701981368562E+03  0.94635988943850E+00
  0.49974486829243E+02 -0.43237788383316E+03  0.86516119006753E+03  0.91208556768070E+02  0.64062218478626E+04  0.00000000000000E+00 -0.74487145762052E+04  0.38994143928813E+03  0.00000000000000E+00  0.13174591463397E+03  0.31864885819077E+01
  0.50655308799654E+02 -0.40848663788234E+03  0.82174292171821E+03  0.84879398682305E+02  0.62181238645029E+04  0.00000000000000E+00 -0.72285335122099E+04  0.38886299233009E+03  0.00000000000000E+00  0.12726031397273E+03  0.38493411139950E+01
  0.51339978479871E+02 -0.38595923044970E+03  0.78064383562247E+03  0.79054822164352E+02  0.60361748470343E+04  0.00000000000000E+00 -0.70152047026891E+04  0.38585689256022E+03  0.00000000000000E+00  0.12268759811580E+03  0.32540623583395E+01
  0.52028475502532E+02 -0.36470676586749E+03  0.74173376106623E+03  0.73686445985674E+02  0.58603513987315E+04  0.00000000000000E+00 -0.68086574561063E+04  0.38190403743709E+03  0.00000000000000E+00  0.11782139584537E+03  0.21328170920777E+01
  0.52720779386421E+02 -0.34464475568728E+03  0.70488934277512E+03  0.68733146098384E+02  0.56905005861767E+04  0.00000000000000E+00 -0.66089948294481E+04  0.37768505407327E+03  0.00000000000000E+00  0.11298751307467E+03  0.11560570627935E+01
  0.53416869537074E+02 -0.32569579899899E+03  0.66999401907845E+03  0.64160448184395E+02  0.55264084079597E+04  0.00000000000000E+00 -0.64161851677598E+04  0.37336880773550E+03  0.00000000000000E+00  0.10848267370990E+03  0.53338990921503E+00
  0.54116725247393E+02 -0.30779015869957E+03  0.63693763019653E+03  0.59939144060861E+02  0.53678711996127E+04  0.00000000000000E+00 -0.62299375172345E+04  0.36873980677964E+03  0.00000000000000E+00  0.10424215306790E+03  0.22577834693038E-02
  0.54820325698270E+02 -0.29086476977552E+03  0.60561578902246E+03  0.56043998213200E+02  0.52147027360598E+04  0.00000000000000E+00 -0.60498425987829E+04  0.36368053871588E+03  0.00000000000000E+00  0.99954872212417E+02 -0.70943433469131E+00
  0.55527649959191E+02 -0.27486253622593E+03  0.57592942173044E+03  0.52452862643278E+02  0.50667012888685E+04  0.00000000000000E+00 -0.58755385612259E+04  0.35869391912194E+03  0.00000000000000E+00  0.95239919172277E+02 -0.13836859153959E+01
  0.56238676988873E+02 -0.25973295783855E+03  0.54778486055463E+03  0.49145767700632E+02  0.49236253412500E+04  0.00000000000000E+00 -0.57067441049798E+04  0.35484642363847E+03  0.00000000000000E+00  0.89750622032799E+02 -0.13240476418487E+01
  0.56953385635883E+02 -0.24543298270259E+03  0.52109432104103E+03  0.46103443006480E+02  0.47851762988756E+04  0.00000000000000E+00 -0.55432613479482E+04  0.35297910362520E+03  0.00000000000000E+00  0.83451831264977E+02  0.11066716253345E+00
  0.57671754639266E+02 -0.23192573240456E+03  0.49577607624465E+03  0.43305490323354E+02  0.46509757320795E+04  0.00000000000000E+00 -0.53850478008619E+04  0.35283000300051E+03  0.00000000000000E+00  0.77005096498187E+02  0.29188648797473E+01
  0.58393762629181E+02 -0.21917620312701E+03  0.47175389265557E+03  0.40729313953816E+02  0.45206031401822E+04  0.00000000000000E+00 -0.52322099778554E+04  0.35288544340841E+03  0.00000000000000E+00  0.71669545633928E+02  0.62551548515600E+01
  0.59119388127536E+02 -0.20714595871967E+03  0.44895593227123E+03  0.38350793448684E+02  0.43937360490852E+04  0.00000000000000E+00 -0.50847822287796E+04  0.35124475762579E+03  0.00000000000000E+00  0.68459658788557E+02  0.88190037202382E+01
  0.59848609548627E+02 -0.19578973823448E+03  0.42731357979811E+03  0.36146608784592E+02  0.42702724477996E+04  0.00000000000000E+00 -0.49425190418954E+04  0.34683108861951E+03  0.00000000000000E+00  0.67348108681279E+02  0.96030535531453E+01
  0.60581405199778E+02 -0.18505544623820E+03  0.40676067352275E+03  0.34097192944706E+02  0.41503127161329E+04  0.00000000000000E+00 -0.48049604619657E+04  0.33990458350709E+03  0.00000000000000E+00  0.67325971118971E+02  0.83852290224852E+01
  0.61317753281987E+02 -0.17488763632926E+03  0.38723363381020E+03  0.32188973275305E+02  0.40340376168688E+04  0.00000000000000E+00 -0.46716694106968E+04  0.33161303089142E+03  0.00000000000000E+00  0.67122609484870E+02  0.56388173045482E+01
  0.62057631890579E+02 -0.16523352256008E+03  0.36867256478503E+03  0.30414747014695E+02  0.39215887889232E+04  0.00000000000000E+00 -0.45424119445301E+04  0.32314662596124E+03  0.00000000000000E+00  0.65925182158144E+02  0.21024417520883E+01
  0.62801019015849E+02 -0.15604922336940E+03  0.35102273087016E+03  0.28771819615497E+02  0.38130192483959E+04  0.00000000000000E+00 -0.44171481592320E+04  0.31524595411482E+03  0.00000000000000E+00  0.63593135589682E+02 -0.15444940153486E+01
  0.63547892543725E+02 -0.14730362650434E+03  0.33423559376413E+03  0.27258650718064E+02  0.37082873431931E+04  0.00000000000000E+00 -0.42958623103029E+04  0.30837358478954E+03  0.00000000000000E+00  0.60365655604615E+02 -0.46451087378009E+01
  0.64298230256423E+02 -0.13897829388054E+03  0.31826879394254E+03  0.25871464994427E+02  0.36072316943242E+04  0.00000000000000E+00 -0.41784732734344E+04  0.30297080556843E+03  0.00000000000000E+00  0.56675094291558E+02 -0.64337141937480E+01
  0.65052009833103E+02 -0.13106348248906E+03  0.30308485985375E+03  0.24602290206842E+02  0.35095727015662E+04  0.00000000000000E+00 -0.40648598403275E+04  0.29929195852949E+03  0.00000000000000E+00  0.53094619636808E+02 -0.62768930234633E+01
  0.65809208850543E+02 -0.12355233818210E+03  0.28864915119456E+03  0.23439190773372E+02  0.34149786673657E+04  0.00000000000000E+00 -0.39548566171384E+04  0.29718143763861E+03  0.00000000000000E+00  0.50060564704828E+02 -0.40999436433972E+01
  0.66569804783798E+02 -0.11643612955462E+03  0.27492815314185E+03  0.22368173601198E+02  0.33231171654644E+04  0.00000000000000E+00 -0.38483024752886E+04  0.29597384234516E+03  0.00000000000000E+00  0.47823571156279E+02 -0.52769913431746E+00
  0.67333775006869E+02 -0.10970161578729E+03  0.26188875613457E+03  0.21375404636895E+02  0.32336962494512E+04  0.00000000000000E+00 -0.37450999707965E+04  0.29450058113335E+03  0.00000000000000E+00  0.46638112442821E+02  0.32975172150089E+01
  0.68101096793386E+02 -0.10332981746810E+03  0.24949813603713E+03  0.20448914816873E+02  0.31465657719156E+04  0.00000000000000E+00 -0.36451493095005E+04  0.29151048193779E+03  0.00000000000000E+00  0.46613773218889E+02  0.61579509576288E+01
  0.68871747317274E+02 -0.97296056420882E+02  0.23772370302439E+03  0.19579876178016E+02  0.30618297778146E+04  0.00000000000000E+00 -0.35482813115169E+04  0.28628131801520E+03  0.00000000000000E+00  0.47414489281813E+02  0.72517963762642E+01
  0.69645703653434E+02 -0.91572216949764E+02  0.22653313172842E+03  0.18763502809993E+02  0.29798391159139E+04  0.00000000000000E+00 -0.34542117779316E+04  0.27898199506141E+03  0.00000000000000E+00  0.48068375630841E+02  0.64021262632571E+01
  0.70422942778430E+02 -0.86131265980030E+02  0.21589484096043E+03  0.17999065276180E+02  0.29009777335161E+04  0.00000000000000E+00 -0.33626149268717E+04  0.27066483430910E+03  0.00000000000000E+00  0.47309100864121E+02  0.40993820742578E+01
  0.71203441571170E+02 -0.80951847106729E+02  0.20577899708042E+03  0.17288503376431E+02  0.28253799497123E+04  0.00000000000000E+00 -0.32733966307575E+04  0.26264612477824E+03  0.00000000000000E+00  0.44579067241490E+02  0.13241643246221E+01
  0.71987176813594E+02 -0.76019906210411E+02  0.19615830032193E+03  0.16634040207347E+02  0.27528497241861E+04  0.00000000000000E+00 -0.31867781000454E+04  0.25566936588736E+03  0.00000000000000E+00  0.40501446463063E+02 -0.98512919001084E+00
  0.72774125191363E+02 -0.71326595022637E+02  0.18700771569448E+03  0.16036197009032E+02  0.26830146753828E+04  0.00000000000000E+00 -0.31030167308124E+04  0.24979731906891E+03  0.00000000000000E+00  0.36171390309733E+02 -0.23160283700913E+01
  0.73564263294556E+02 -0.66864963369745E+02  0.17830346848110E+03  0.15493308754113E+02  0.26154977836897E+04  0.00000000000000E+00 -0.30221899904865E+04  0.24486158283296E+03  0.00000000000000E+00  0.32376870393122E+02 -0.25219397052377E+01
  0.74357567618366E+02 -0.62628123496854E+02  0.17002240061807E+03  0.15002225434847E+02  0.25499870089443E+04  0.00000000000000E+00 -0.29442227933347E+04  0.24061260754715E+03  0.00000000000000E+00  0.29473001763640E+02 -0.17536725235365E+01
  0.75154014563796E+02 -0.58609031741104E+02  0.16214210533358E+03  0.14559107938550E+02  0.24862508109009E+04  0.00000000000000E+00 -0.28689512429168E+04  0.23667698121898E+03  0.00000000000000E+00  0.27490082954690E+02 -0.44118631115134E+00
  0.75953580438366E+02 -0.54800599062020E+02  0.15464135202224E+03  0.14159747845536E+02  0.24241340207061E+04  0.00000000000000E+00 -0.27962361385688E+04  0.23264230475973E+03  0.00000000000000E+00  0.26405809569398E+02  0.94649727215966E+00
  0.76756241456811E+02 -0.51195544381043E+02  0.14750032729769E+03  0.13799628931162E+02  0.23635676880202E+04  0.00000000000000E+00 -0.27260051223525E+04  0.22814118702270E+03  0.00000000000000E+00  0.26265710586711E+02  0.20738751248762E+01
  0.77561973741798E+02 -0.47786407868478E+02  0.14070069037938E+03  0.13474123475143E+02  0.23045893156286E+04  0.00000000000000E+00 -0.26580653715629E+04  0.22305955253774E+03  0.00000000000000E+00  0.26767258014056E+02  0.27391606035043E+01
  0.78370753324626E+02 -0.44566011813098E+02  0.13422560670421E+03  0.13178833338345E+02  0.22472891709927E+04  0.00000000000000E+00 -0.25920438319765E+04  0.21772493499760E+03  0.00000000000000E+00  0.27140601912701E+02  0.29493041559747E+01
  0.79182556145944E+02 -0.41527723163884E+02  0.12805974174757E+03  0.12909764734404E+02  0.21917087938341E+04  0.00000000000000E+00 -0.25276572309899E+04  0.21258105030848E+03  0.00000000000000E+00  0.26833259195278E+02  0.29076556661032E+01
  0.79997358056472E+02 -0.38664719015262E+02  0.12218895751586E+03  0.12663263808689E+02  0.21378248222572E+04  0.00000000000000E+00 -0.24649016189045E+04  0.20758953790182E+03  0.00000000000000E+00  0.25984958560625E+02  0.26852021244683E+01
  0.80815134817706E+02 -0.35968691475755E+02  0.11659958133845E+03  0.12436066037273E+02  0.20856133015245E+04  0.00000000000000E+00 -0.24038666175062E+04  0.20231034437065E+03  0.00000000000000E+00  0.24925367238798E+02  0.20493515277244E+01
  0.81635862102653E+02 -0.33429460468682E+02  0.11127764918333E+03  0.12225610719606E+02  0.20350586872477E+04  0.00000000000000E+00 -0.23444924839616E+04  0.19667475098283E+03  0.00000000000000E+00  0.23542373072170E+02  0.85712677538066E+00
  0.82459515496545E+02 -0.31036137542299E+02  0.10620867122865E+03  0.12030187338565E+02  0.19860733881929E+04  0.00000000000000E+00 -0.22866208748577E+04  0.19132588098893E+03  0.00000000000000E+00  0.21469530784257E+02 -0.54935386661717E+00
  0.83286070497572E+02 -0.28778861064602E+02  0.10137805405797E+03  0.11848451238997E+02  0.19384284699186E+04  0.00000000000000E+00 -0.22302053296025E+04  0.18715859678870E+03  0.00000000000000E+00  0.18739999996062E+02 -0.14306186667661E+01
  0.84115502517605E+02 -0.26649451628636E+02  0.96771773684663E+02  0.11678512375589E+02  0.18917905311290E+04  0.00000000000000E+00 -0.21754000455738E+04  0.18464713478623E+03  0.00000000000000E+00  0.16049417406932E+02 -0.11121278200025E+01
  0.84947786882933E+02 -0.24640367644886E+02  0.92376769607619E+02  0.11517461305681E+02  0.18458550801209E+04  0.00000000000000E+00 -0.21224005895934E+04  0.18360304181626E+03  0.00000000000000E+00  0.14233755403760E+02  0.54515101596522E+00
  0.85782898834994E+02 -0.22743201311853E+02  0.88181048171348E+02  0.11361960164219E+02  0.18004686395962E+04  0.00000000000000E+00 -0.20712687214899E+04  0.18336751225218E+03  0.00000000000000E+00  0.13677115252300E+02  0.30443526344876E+01
  0.86620813531106E+02 -0.20948418512470E+02  0.84173834080824E+02  0.11209538941598E+02  0.17556732194092E+04  0.00000000000000E+00 -0.20219028579417E+04  0.18303347972464E+03  0.00000000000000E+00  0.14214980661939E+02  0.54537763640629E+01
  0.87461506045220E+02 -0.19246665308737E+02  0.80345820773080E+02  0.11059555522652E+02  0.17116665308033E+04  0.00000000000000E+00 -0.19740695044967E+04  0.18176597061614E+03  0.00000000000000E+00  0.15311683395682E+02  0.68333913054221E+01
  0.88304951368649E+02 -0.17630305735605E+02  0.76689151294000E+02  0.10913088556365E+02  0.16686990589116E+04  0.00000000000000E+00 -0.19275056893312E+04  0.17917228307297E+03  0.00000000000000E+00  0.16380922124240E+02  0.67185088924147E+01
  0.89151124410815E+02 -0.16093852499606E+02  0.73196907806410E+02  0.10772049051012E+02  0.16269769600725E+04  0.00000000000000E+00 -0.18820407688706E+04  0.17540785304808E+03  0.00000000000000E+00  0.17054025061843E+02  0.52731736696088E+01
  0.90000000000000E+02 -0.14633459882270E+02  0.69862475372625E+02  0.10638341389185E+02  0.15866155407454E+04  0.00000000000000E+00 -0.18376189217023E+04  0.17099919925830E+03  0.00000000000000E+00  0.17192213757228E+02  0.30553889382031E+01
  0.90851552884089E+02 -0.13246356932168E+02  0.66679240198626E+02  0.10513463375425E+02  0.15476389976841E+04  0.00000000000000E+00 -0.17942275723222E+04  0.16663086190519E+03  0.00000000000000E+00  0.16740109513832E+02  0.72874342282000E+00
  0.91705757731324E+02 -0.11930551367536E+02  0.63640603681988E+02  0.10398375914902E+02  0.15099947474278E+04  0.00000000000000E+00 -0.17518360201753E+04  0.16297376743212E+03  0.00000000000000E+00  0.15661153209583E+02 -0.10979238763727E+01
  0.92562589131059E+02 -0.10684479064930E+02  0.60740020694588E+02  0.10293436636422E+02  0.14735601664806E+04  0.00000000000000E+00 -0.17104565812884E+04  0.16036428506230E+03  0.00000000000000E+00  0.14134230325126E+02 -0.20489211543348E+01
  0.93422021594510E+02 -0.95062481945721E+01  0.57970901563806E+02  0.10198512725582E+02  0.14381728306362E+04  0.00000000000000E+00 -0.16701818239353E+04  0.15864081279842E+03  0.00000000000000E+00  0.12568509312811E+02 -0.21365050930860E+01
  0.94284029555521E+02 -0.83930729877237E+01  0.55326641553464E+02  0.10113410877638E+02  0.14036769689742E+04  0.00000000000000E+00 -0.16311180099000E+04  0.15745332515805E+03  0.00000000000000E+00  0.11331760433188E+02 -0.16089758911662E+01
  0.95148587371320E+02 -0.73417253204764E+01  0.52801081772707E+02  0.10038230233577E+02  0.13699492443314E+04  0.00000000000000E+00 -0.15933495642986E+04  0.15647904724434E+03  0.00000000000000E+00  0.10693536942611E+02 -0.73014909441355E+00
  0.96015669323281E+02 -0.63494263681816E+01  0.50389029455275E+02  0.99731673913021E+01  0.13369273775592E+04  0.00000000000000E+00 -0.15569208388592E+04  0.15521998937624E+03  0.00000000000000E+00  0.10894626426297E+02  0.13392498101791E+00
  0.96885249617695E+02 -0.54140029902198E+01  0.48086234148069E+02  0.99181020404936E+01  0.13046613518076E+04  0.00000000000000E+00 -0.15217235860992E+04  0.15301403338390E+03  0.00000000000000E+00  0.11876250228187E+02  0.41838251883860E+00
  0.97757302386524E+02 -0.45334201938045E+01  0.45888890611383E+02  0.98727059061629E+01  0.12733161425080E+04  0.00000000000000E+00 -0.14874419231951E+04  0.14957625064775E+03  0.00000000000000E+00  0.13019581189883E+02 -0.30177252564812E+00
  0.98631801688190E+02 -0.37057569411047E+01  0.43793251625403E+02  0.98370720046237E+01  0.12430732088013E+04  0.00000000000000E+00 -0.14537265271702E+04  0.14538893013085E+03  0.00000000000000E+00  0.13484087307238E+02 -0.18557342419172E+01
  0.99508721508331E+02 -0.29299172953805E+01  0.41795585988412E+02  0.98120367001642E+01  0.12140025787680E+04  0.00000000000000E+00 -0.14204299903084E+04  0.14146453370129E+03  0.00000000000000E+00  0.12831758420560E+02 -0.34534140253269E+01
  0.10038803576058E+03 -0.22063127633056E+01  0.39892173904039E+02  0.97986479143692E+01  0.11860007842761E+04  0.00000000000000E+00 -0.13876800287526E+04  0.13873940782219E+03  0.00000000000000E+00  0.11306059236214E+02 -0.41492683629479E+01
  0.10126971828734E+03 -0.15368335109661E+01  0.38079179586267E+02  0.97970200350028E+01  0.11588208909546E+04  0.00000000000000E+00 -0.13557742429888E+04  0.13749967460004E+03  0.00000000000000E+00  0.96695920030435E+01 -0.34447193207590E+01
  0.10215374286057E+03 -0.92369519410016E+00  0.36352485825023E+02  0.98052079701344E+01  0.11321839161178E+04  0.00000000000000E+00 -0.13249929063502E+04  0.13710736385508E+03  0.00000000000000E+00  0.88004428364064E+01 -0.16671849399401E+01
  0.10304008318255E+03 -0.36706046716720E+00  0.34707379205651E+02  0.98190247921420E+01  0.11059268434346E+04  0.00000000000000E+00 -0.12953632284522E+04  0.13648111355218E+03  0.00000000000000E+00  0.90257818311186E+01  0.22985389632986E+00
  0.10392871288667E+03  0.13713356682022E+00  0.33138206624351E+02  0.98334745642384E+01  0.10800623301444E+04  0.00000000000000E+00 -0.12666148992258E+04  0.13508396394519E+03  0.00000000000000E+00  0.98176038278893E+01  0.14578134470552E+01
  0.10481960553824E+03  0.59698095358535E+00  0.31638550444423E+02  0.98449977486953E+01  0.10546979558853E+04  0.00000000000000E+00 -0.12384621686795E+04  0.13324660489475E+03  0.00000000000000E+00  0.10400723295771E+02  0.19636445430231E+01
  0.10571273463521E+03  0.10219409837473E+01  0.30202076978217E+02  0.98527239159740E+01  0.10299258600990E+04  0.00000000000000E+00 -0.12108337240261E+04  0.13155996657739E+03  0.00000000000000E+00  0.10439359538601E+02  0.21682040668468E+01
  0.10660807360904E+03  0.14198752120111E+01  0.28823473582450E+02  0.98579404162543E+01  0.10057771887031E+04  0.00000000000000E+00 -0.11838082118091E+04  0.13028574167862E+03  0.00000000000000E+00  0.10053099873851E+02  0.24091076571878E+01
  0.10750559582543E+03  0.17956756116711E+01  0.27498821157738E+02  0.98626268327593E+01  0.98223223983579E+03  0.00000000000000E+00 -0.11574512105206E+04  0.12935228759481E+03  0.00000000000000E+00  0.94759537704857E+01  0.27663942826774E+01
  0.10840527458514E+03  0.21515319699536E+01  0.26225383234548E+02  0.98682565872585E+01  0.95923992222727E+03  0.00000000000000E+00 -0.11317812299732E+04  0.12856338387866E+03  0.00000000000000E+00  0.89171230293962E+01  0.31843709538974E+01
  0.10930708312478E+03  0.24879453410996E+01  0.25001215735208E+02  0.98753590403834E+01  0.93674050592571E+03  0.00000000000000E+00 -0.11068173085026E+04  0.12765070698635E+03  0.00000000000000E+00  0.86001472340428E+01  0.35385717602280E+01
  0.11021099461759E+03  0.28048198706407E+01  0.23824821007146E+02  0.98837688466239E+01  0.91470957267829E+03  0.00000000000000E+00 -0.10825474070645E+04  0.12635138766470E+03  0.00000000000000E+00  0.86203926927534E+01  0.36473556956470E+01
  0.11111698217428E+03  0.31021462661442E+01  0.22694927446747E+02  0.98932580573709E+01  0.89318677039322E+03  0.00000000000000E+00 -0.10588846780852E+04  0.12459730154795E+03  0.00000000000000E+00  0.87854072208622E+01  0.33751328471366E+01
  0.11202501884378E+03  0.33800810255846E+01  0.21610443374852E+02  0.99040289157086E+01  0.87223852045032E+03  0.00000000000000E+00 -0.10357437228031E+04  0.12253974089015E+03  0.00000000000000E+00  0.88200426432605E+01  0.27491344967321E+01
  0.11293507761406E+03  0.36389778820067E+01  0.20570355146501E+02  0.99167119698694E+01  0.85190033884903E+03  0.00000000000000E+00 -0.10131264247311E+04  0.12033251725790E+03  0.00000000000000E+00  0.86569420904078E+01  0.18894184646061E+01
  0.11384713141295E+03  0.38797961133470E+01  0.19573373080967E+02  0.99321250440890E+01  0.83217186618588E+03  0.00000000000000E+00 -0.99106971418962E+03  0.11804175264809E+03  0.00000000000000E+00  0.83533909509111E+01  0.88258983366211E+00
  0.11476115310893E+03  0.41043382349396E+01  0.18617629488682E+02  0.99512052577401E+01  0.81303548778006E+03  0.00000000000000E+00 -0.96960798337393E+03  0.11575968340971E+03  0.00000000000000E+00  0.79771621035895E+01 -0.16247709920701E+00
  0.11567711551194E+03  0.43147893904948E+01  0.17700796323428E+02  0.99751426235380E+01  0.79446977023690E+03  0.00000000000000E+00 -0.94880126542624E+03  0.11362004639109E+03  0.00000000000000E+00  0.76498103682904E+01 -0.10709100924907E+01
  0.11659499137418E+03  0.45127233225391E+01  0.16820569742045E+02  0.10005492230192E+02  0.77646500305293E+03  0.00000000000000E+00 -0.92865640607004E+03  0.11178671607073E+03  0.00000000000000E+00  0.73884348262533E+01 -0.16774668253580E+01
  0.11751475339093E+03  0.46981101451660E+01  0.15975210450210E+02  0.10043887902618E+02  0.75899985816574E+03  0.00000000000000E+00 -0.90908858927215E+03  0.11043233918908E+03  0.00000000000000E+00  0.70812562380443E+01 -0.18579271812926E+01
  0.11843637420138E+03  0.48691938697492E+01  0.15163749000229E+02  0.10091209386754E+02  0.74200404679434E+03  0.00000000000000E+00 -0.89003638736837E+03  0.10957988396453E+03  0.00000000000000E+00  0.67644751709389E+01 -0.15638291818202E+01
  0.11935982638940E+03  0.50235829609453E+01  0.14385696507953E+02  0.10146859073696E+02  0.72538469648647E+03  0.00000000000000E+00 -0.87150734630888E+03  0.10905445059794E+03  0.00000000000000E+00  0.66297922985805E+01 -0.88226838329035E+00
  0.12028508248440E+03  0.51596473977687E+01  0.13640602876726E+02  0.10208915961536E+02  0.70907894899835E+03  0.00000000000000E+00 -0.85351804706591E+03  0.10860375451037E+03  0.00000000000000E+00  0.68028817593660E+01 -0.23295561794626E-01
  0.12121211496211E+03  0.52772899046210E+01  0.12927836473259E+02  0.10275110854169E+02  0.69307734393647E+03  0.00000000000000E+00 -0.83604261647957E+03  0.10801253796670E+03  0.00000000000000E+00  0.72262956760071E+01  0.75379833165590E+00
  0.12214089624543E+03  0.53778452826397E+01  0.12246587989512E+02  0.10344021421920E+02  0.67742469235770E+03  0.00000000000000E+00 -0.81900574435785E+03  0.10719859814842E+03  0.00000000000000E+00  0.76739571180656E+01  0.12599579604113E+01
  0.12307139870524E+03  0.54631761141680E+01  0.11595954339165E+02  0.10415766345381E+02  0.66219479776512E+03  0.00000000000000E+00 -0.80233006356096E+03  0.10621139127179E+03  0.00000000000000E+00  0.79071661634225E+01  0.14581884380938E+01
  0.12400359466120E+03  0.55346175452701E+01  0.10974962080696E+02  0.10491760561096E+02  0.64744504713921E+03  0.00000000000000E+00 -0.78598113802676E+03  0.10515559790804E+03  0.00000000000000E+00  0.78159749931639E+01  0.14368222007268E+01
  0.12493745638262E+03  0.55925872313058E+01  0.10382483600999E+02  0.10573860610586E+02  0.63318298412348E+03  0.00000000000000E+00 -0.76996790880627E+03  0.10417517507880E+03  0.00000000000000E+00  0.74189016653678E+01  0.13580835042685E+01
  0.12587295608923E+03  0.56368771965146E+01  0.98171797900819E+01  0.10663535911924E+02  0.61936033907087E+03  0.00000000000000E+00 -0.75436028845556E+03  0.10336734341692E+03  0.00000000000000E+00  0.68930710422661E+01  0.13780579730117E+01
  0.12681006595205E+03  0.56671910437099E+01  0.92775458146742E+01  0.10761349545803E+02  0.60590550759544E+03  0.00000000000000E+00 -0.73927702249489E+03  0.10261857717624E+03  0.00000000000000E+00  0.65447981992294E+01  0.14979468801981E+01
  0.12774875809420E+03  0.56836936935320E+01  0.87619498085092E+01  0.10866836791071E+02  0.59277469509797E+03  0.00000000000000E+00 -0.72479542839139E+03  0.10163282987070E+03  0.00000000000000E+00  0.65929742826933E+01  0.15175511530936E+01
  0.12868900459172E+03  0.56874194778186E+01  0.82685949898860E+01  0.10978877426932E+02  0.57998218960394E+03  0.00000000000000E+00 -0.71086988779269E+03  0.10019021820386E+03  0.00000000000000E+00  0.69590925842981E+01  0.11965044940497E+01
  0.12963077747442E+03  0.56802772604702E+01  0.77955219873780E+01  0.11096444853365E+02  0.56758166639394E+03  0.00000000000000E+00 -0.69735318332981E+03  0.98400600790046E+02  0.00000000000000E+00  0.73042313704317E+01  0.50555932582331E+00
  0.13057404872671E+03  0.56645353276854E+01  0.73408132796600E+01  0.11219313156787E+02  0.55561112592893E+03  0.00000000000000E+00 -0.68411367528120E+03  0.96654687314667E+02  0.00000000000000E+00  0.73174273209838E+01 -0.30577295248729E+00
  0.13151879028842E+03  0.56420351809090E+01  0.69029685580125E+01  0.11348271552761E+02  0.54405678212053E+03  0.00000000000000E+00 -0.67112417217811E+03  0.95308057695503E+02  0.00000000000000E+00  0.69513533012586E+01 -0.91470376913490E+00
  0.13246497405563E+03  0.56136303574269E+01  0.64811933373599E+01  0.11484728650090E+02  0.53286815937050E+03  0.00000000000000E+00 -0.65843704747450E+03  0.94437223756455E+02  0.00000000000000E+00  0.63755102944341E+01 -0.11766017082393E+01
  0.13341257188155E+03  0.55791448635587E+01  0.60753980274278E+01  0.11630020964215E+02  0.52199789990193E+03  0.00000000000000E+00 -0.64610078270346E+03  0.93889299887837E+02  0.00000000000000E+00  0.57683438303071E+01 -0.11606752281848E+01
  0.13436155557728E+03  0.55376967187819E+01  0.56859647252690E+01  0.11784854148242E+02  0.51142061633445E+03  0.00000000000000E+00 -0.63412776734987E+03  0.93504020844279E+02  0.00000000000000E+00  0.52165112385330E+01 -0.97810334031584E+00
  0.13531189691273E+03  0.54880651619016E+01  0.53134640652945E+01  0.11949057247492E+02  0.50112269362873E+03  0.00000000000000E+00 -0.62251738813651E+03  0.93249865007282E+02  0.00000000000000E+00  0.47543309425000E+01 -0.63991208331180E+00
  0.13626356761741E+03  0.54290326854496E+01  0.49584167093199E+01  0.12121576060646E+02  0.49108790655054E+03  0.00000000000000E+00 -0.61127037807491E+03  0.93161072889581E+02  0.00000000000000E+00  0.44092695880848E+01 -0.10310359128616E+00
  0.13721653938129E+03  0.53598107762864E+01  0.46211003306704E+01  0.12300678597458E+02  0.48129654695975E+03  0.00000000000000E+00 -0.60038837880724E+03  0.93187481656175E+02  0.00000000000000E+00  0.42157089916968E+01  0.59294850480264E+00
  0.13817078385562E+03  0.52803810716658E+01  0.43014386342805E+01  0.12484433233952E+02  0.47173624277019E+03  0.00000000000000E+00 -0.58988181489343E+03  0.93127941204415E+02  0.00000000000000E+00  0.42284977085729E+01  0.12771197296488E+01
  0.13912627265381E+03  0.51914471350834E+01  0.39990237329559E+01  0.12671298441402E+02  0.46241763009025E+03  0.00000000000000E+00 -0.57975915879284E+03  0.92713646675141E+02  0.00000000000000E+00  0.44827491444307E+01  0.17166364264254E+01
  0.14008297735225E+03  0.50940537545862E+01  0.37132275044718E+01  0.12860492679992E+02  0.45338356876042E+03  0.00000000000000E+00 -0.56998322982510E+03  0.91791645440168E+02  0.00000000000000E+00  0.48785363017711E+01  0.17382946163090E+01
  0.14104086949114E+03  0.49891735225963E+01  0.34433220882287E+01  0.13051995769784E+02  0.44469328935315E+03  0.00000000000000E+00 -0.56045841458767E+03  0.90483470739997E+02  0.00000000000000E+00  0.51528566769381E+01  0.13556935630288E+01
  0.14199992057539E+03  0.48774674751850E+01  0.31885767200651E+01  0.13246247852429E+02  0.43638024647669E+03  0.00000000000000E+00 -0.55111385671818E+03  0.89124012455295E+02  0.00000000000000E+00  0.50956958653049E+01  0.79839012678698E+00
  0.14296010207540E+03  0.47592984187378E+01  0.29483044367644E+01  0.13443718314573E+02  0.42842910268864E+03  0.00000000000000E+00 -0.54198756440262E+03  0.87970505418166E+02  0.00000000000000E+00  0.47667912107845E+01  0.33015608505218E+00
  0.14392138542796E+03  0.46349238018283E+01  0.27218380600091E+01  0.13644601013281E+02  0.42080300587683E+03  0.00000000000000E+00 -0.53317315009879E+03  0.87020708510322E+02  0.00000000000000E+00  0.43744812000249E+01  0.26408363506313E-01
  0.14488374203710E+03  0.45046479935196E+01  0.25084773473861E+01  0.13848800785239E+02  0.41347713071700E+03  0.00000000000000E+00 -0.52471097069522E+03  0.86145815982781E+02  0.00000000000000E+00  0.40175292806651E+01 -0.20856858862745E+00
  0.14584714327488E+03  0.43687739047110E+01  0.23074851069272E+01  0.14056088401698E+02  0.40643204936498E+03  0.00000000000000E+00 -0.51657582610927E+03  0.85322593444938E+02  0.00000000000000E+00  0.36560673290722E+01 -0.43276855694408E+00
  0.14681156048232E+03  0.42274277917959E+01  0.21181657031814E+01  0.14266145527189E+02  0.39962675132001E+03  0.00000000000000E+00 -0.50874481137518E+03  0.84688131692807E+02  0.00000000000000E+00  0.32745939943018E+01 -0.54359534589462E+00
  0.14777696497021E+03  0.40804798414891E+01  0.19399802572159E+01  0.14478380938050E+02  0.39299572618719E+03  0.00000000000000E+00 -0.50123357596916E+03  0.84383669578515E+02  0.00000000000000E+00  0.29744101482239E+01 -0.38092901847617E+00
  0.14874332801995E+03  0.39277142620696E+01  0.17725929883656E+01  0.14691684727171E+02  0.38647838698664E+03  0.00000000000000E+00 -0.49406532718913E+03  0.84372223786670E+02  0.00000000000000E+00  0.28978629537514E+01  0.75138515532942E-01
  0.14971062088446E+03  0.37691830971223E+01  0.16157808265293E+01  0.14904441682887E+02  0.38005308069206E+03  0.00000000000000E+00 -0.48723117258673E+03  0.84416459405605E+02  0.00000000000000E+00  0.31034026709849E+01  0.63117578845922E+00
  0.15067881478897E+03  0.36054592306285E+01  0.14692836628732E+01  0.15114983556284E+02  0.37375017126729E+03  0.00000000000000E+00 -0.48067730536346E+03  0.84251239972990E+02  0.00000000000000E+00  0.34941930899944E+01  0.10080254166040E+01
  0.15164788093193E+03  0.34375274789498E+01  0.13327437191721E+01  0.15322229290400E+02  0.36763571163306E+03  0.00000000000000E+00 -0.47432541229060E+03  0.83794203766504E+02  0.00000000000000E+00  0.38578817565892E+01  0.10548853540740E+01
  0.15261779048581E+03  0.32664063613818E+01  0.12057646959821E+01  0.15525958117013E+02  0.36177672338730E+03  0.00000000000000E+00 -0.46812743848595E+03  0.83177056665135E+02  0.00000000000000E+00  0.40230503104829E+01  0.84752105134719E+00
  0.15358851459804E+03  0.30928710717688E+01  0.10879866251316E+01  0.15726442313387E+02  0.35621516708766E+03  0.00000000000000E+00 -0.46210148457000E+03  0.82596682034952E+02  0.00000000000000E+00  0.39759741619259E+01  0.59363872482358E+00
  0.15456002439176E+03  0.29174925330941E+01  0.97908910735353E+00  0.15923755123055E+02  0.35096543118058E+03  0.00000000000000E+00 -0.45630492944447E+03  0.82171456838985E+02  0.00000000000000E+00  0.38202622774268E+01  0.47255761602179E+00
  0.15553229096678E+03  0.27408716971131E+01  0.87873154861887E+00  0.16117293167155E+02  0.34602634375834E+03  0.00000000000000E+00 -0.45077877039852E+03  0.81897693529728E+02  0.00000000000000E+00  0.36592207698007E+01  0.54138407223932E+00
  0.15650528540039E+03  0.25638242259831E+01  0.78648976111107E+00  0.16305773670342E+02  0.34139038409422E+03  0.00000000000000E+00 -0.44552346185304E+03  0.81676057407498E+02  0.00000000000000E+00  0.35354698092603E+01  0.73453711537127E+00
  0.15747897874822E+03  0.23873958231446E+01  0.70183559408354E+00  0.16487596380926E+02  0.33704342094653E+03  0.00000000000000E+00 -0.44051395003494E+03  0.81378174834818E+02  0.00000000000000E+00  0.34436803360414E+01  0.92815388060387E+00
  0.15845334204511E+03  0.22127424645772E+01  0.62417309169400E+00  0.16661316915304E+02  0.33296096392667E+03  0.00000000000000E+00 -0.43572889281243E+03  0.80920440968272E+02  0.00000000000000E+00  0.33723138017870E+01  0.10230583558687E+01
  0.15942834630597E+03  0.20409605660225E+01  0.55291639220820E+00  0.16826007680049E+02  0.32911111867890E+03  0.00000000000000E+00 -0.43116756853140E+03  0.80284385473172E+02  0.00000000000000E+00  0.33320505451331E+01  0.97987080408937E+00
  0.16040396252665E+03  0.18729561814554E+01  0.48756706256871E+00  0.16981372238016E+02  0.32546581062351E+03  0.00000000000000E+00 -0.42683721578648E+03  0.79493722232251E+02  0.00000000000000E+00  0.33334264874434E+01  0.79763903876033E+00
  0.16138016168478E+03  0.17094247415969E+01  0.42773806819890E+00  0.17127627141650E+02  0.32200961129556E+03  0.00000000000000E+00 -0.42273870242667E+03  0.78584420576864E+02  0.00000000000000E+00  0.33645031335438E+01  0.48462253074600E+00
  0.16235691474068E+03  0.15509264131647E+01  0.37311006252908E+00  0.17265287804457E+02  0.31874147038002E+03  0.00000000000000E+00 -0.41885974362609E+03  0.77605899981259E+02  0.00000000000000E+00  0.33814264625954E+01  0.58377477934044E-01
  0.16333419263816E+03  0.13979582998822E+01  0.32337309879561E+00  0.17394951803797E+02  0.31566698489787E+03  0.00000000000000E+00 -0.41517823258343E+03  0.76647811554198E+02  0.00000000000000E+00  0.33218428174017E+01 -0.42531011147682E+00
  0.16431196630542E+03  0.12509741535771E+01  0.27821182499579E+00  0.17517086680397E+02  0.31278585552048E+03  0.00000000000000E+00 -0.41168511190131E+03  0.75823177928293E+02  0.00000000000000E+00  0.31632293283007E+01 -0.86657646527294E+00
  0.16529020665594E+03  0.11103786124890E+01  0.23733069053885E+00  0.17631884087943E+02  0.31008872711567E+03  0.00000000000000E+00 -0.40838791300336E+03  0.75229467986546E+02  0.00000000000000E+00  0.29285672640285E+01 -0.11615572461435E+01
  0.16626888458929E+03  0.97651917844246E+00  0.20048426985284E+00  0.17739227150176E+02  0.30756111919470E+03  0.00000000000000E+00 -0.40529882286738E+03  0.74933500307565E+02  0.00000000000000E+00  0.26547123671236E+01 -0.12332603995227E+01
  0.16724797099203E+03  0.84970420649190E+00  0.16748364623524E+00  0.17838713339499E+02  0.30518664128774E+03  0.00000000000000E+00 -0.40243188887169E+03  0.74954665211920E+02  0.00000000000000E+00  0.23907340767303E+01 -0.10439471030655E+01
  0.16822743673857E+03  0.73025743457952E+00  0.13816992343757E+00  0.17929744590863E+02  0.30295016815871E+03  0.00000000000000E+00 -0.39980558754195E+03  0.75224013237506E+02  0.00000000000000E+00  0.22079440697882E+01 -0.62529012706849E+00
  0.16920725269205E+03  0.61855416479727E+00  0.11237788926860E+00  0.18011754303524E+02  0.30084325209804E+03  0.00000000000000E+00 -0.39742653241937E+03  0.75590518963516E+02  0.00000000000000E+00  0.21558491441125E+01 -0.94225856104956E-01
  0.17018738970516E+03  0.51499836177264E+00  0.89917673100093E-01  0.18084478686068E+02  0.29886630141156E+03  0.00000000000000E+00 -0.39527254350915E+03  0.75911017638903E+02  0.00000000000000E+00  0.22115284422612E+01  0.40569870451624E+00
  0.17116781862106E+03  0.41997563026774E+00  0.70575739777954E-01  0.18148073125987E+02  0.29702478513718E+03  0.00000000000000E+00 -0.39330982831402E+03  0.76118033712787E+02  0.00000000000000E+00  0.23104662923084E+01  0.78208132429359E+00
  0.17214851027424E+03  0.33383290759050E+00  0.54121859617868E-01  0.18202987364212E+02  0.29532536898123E+03  0.00000000000000E+00 -0.39152268186179E+03  0.76207816633381E+02  0.00000000000000E+00  0.24133971062672E+01  0.10148429905030E+01
  0.17312943549134E+03  0.25689558194562E+00  0.40314631770548E-01  0.18249704537975E+02  0.29377677136848E+03  0.00000000000000E+00 -0.38991239757053E+03  0.76207050122380E+02  0.00000000000000E+00  0.25096589947972E+01  0.11279976668215E+01
  0.17411056509208E+03  0.18949333925951E+00  0.28907799326293E-01  0.18288552314631E+02  0.29239065552279E+03  0.00000000000000E+00 -0.38847730335769E+03  0.76146480078516E+02  0.00000000000000E+00  0.25811007738122E+01  0.11478864706436E+01
  0.17509186989009E+03  0.13196041007194E+00  0.19662854402848E-01  0.18319734855012E+02  0.29117767224115E+03  0.00000000000000E+00 -0.38721621456121E+03  0.76020814357587E+02  0.00000000000000E+00  0.26153011316094E+01  0.10689312886241E+01
  0.17607332069378E+03  0.84599517894585E-01  0.12368757610198E-01  0.18343561513196E+02  0.29014532673718E+03  0.00000000000000E+00 -0.38614666643133E+03  0.75775106838394E+02  0.00000000000000E+00  0.26400104307599E+01  0.85430736370727E+00
  0.17705488830723E+03  0.47632437611372E-01  0.68593557623483E-02  0.18360661713131E+02  0.28930316590119E+03  0.00000000000000E+00 -0.38530002430014E+03  0.75373123249690E+02  0.00000000000000E+00  0.27000011236112E+01  0.49141948085561E+00
  0.17803654353105E+03  0.21181238669058E-01  0.30146691435611E-02  0.18371945412230E+02  0.28866875793925E+03  0.00000000000000E+00 -0.38470005021244E+03  0.74885107081091E+02  0.00000000000000E+00  0.28073927915831E+01  0.57348919526071E-01
  0.17901825716322E+03  0.52969495825002E-02  0.74804355924507E-03  0.18378312295015E+02  0.28826874212025E+03  0.00000000000000E+00 -0.38434981628004E+03  0.74479131203824E+02  0.00000000000000E+00  0.29214721722335E+01 -0.29611349556978E+00
  0.18000000000000E+03 -0.11501177706191E-14 -0.19821494468831E-14  0.18380366835375E+02  0.28813117741076E+03  0.00000000000000E+00 -0.38423604344734E+03  0.74321411870173E+02  0.00000000000000E+00  0.29717384494676E+01 -0.43134888157052E+00
