 % Spectral simulation Chan180_S4_B3
 % 
 % Papers: 
 % 
 % 1. A.W. Vreman and J.G.M. Kuerten, Comparison of DNS databases of turbulent 
 %    channel flow at Re_tau=180, Phys. Fluids 26, 015102 (2014). 
 % 2. A.W. Vreman and J.G.M. Kuerten, Statistics of spatial derivatives of 
 %    velocity and pressure in turbulent channel flow, Phys. Fluids 26, 
 %    085103 (2014).
 % 3. A.W. Vreman and J.G.M. Kuerten, A third-order multistep time 
 %    discretization for a Cheyshev tau spectral method. 
 % 
 % The simulations "*_B3" were performed with a modified spectral method: 
 %  - The time discretization scheme was replaced by the third-order time 
 %    discretization scheme B3, defined in Ref. 3 mentioned above. 
 %  - The right-hand side of the pressure Poisson equation was -u_{i,k}u_{k,i}
 %    (instead of minus the divergence of the rotational form of the
 %    convective terms). Thus the Laplacian of the pressure is zero to 
 %    machine precision at the walls, which leads to improved behaviour of  
 %    higher-order moments of pressure derivatives in the first few grid 
 %    points of the wall. The pressure Poisson equation was used for 
 %    post-processing only. 
 %
 % Parameters:     H=1; nu=1/180; forcing=1
 % Domain:         4pi x  2  x 2pi/3
 % Resolution:     576 x 577 x 385
 % Averaging time: 100
 % Computed u_tau: 0.99970
 %
 % Creation date of the columns in this datafile: 3 February 2015
 %
 % Data format:    288 rows, 11 columns
 %
 % Budget of vorticity variance < vor_i' vor_i' >  
 % i=1,   summation over k    
 %
 % Description of columns:
 %
 % Column   1:  y+ (=180*y)
 % Column   2:  M1_vor_i
 % Column   3:  M2_vor_i
 %      M1_vor_i + M2_vor_i = 2 <vor'_i vor'_k> <u_{i,k}> + 2 <vor'_i u'_{i,k}> <vor_k>  
 % Column   4:  M3_vor_i      -2<vor'_i u'_{i,k}> <vor_{i,k}> 
 % Column   5:  G_vor_i       -2<vor'_i vor'_k u'_{i,k}>
 % Column   6:  0
 % Column   7: -2*nu*B_vor_i  -2*nu*<vor'_{i,k} vor'_{i,k}>
 % Column   8:  Tt_vor_i      -<u'_k vor'_i vor'_i >_{,k}
 % Column   9:  0
 % Column  10:  Tv_vor_i      nu*<vor_i' vor_i'>_{,kk}
 % Column  11:  total         (M1+M2+M3+G-2*nu*B+Tt+Tv)_vor_i   
  0.26772949043941E-02 -0.56246150910085E-05 -0.88016291999461E-02 -0.19723726049502E-13 -0.27918381640697E+01  0.00000000000000E+00 -0.65533582178553E+05 -0.93769838433424E+00  0.00000000000000E+00  0.65540627612524E+05  0.33070901684696E+01
  0.10709099973005E-01 -0.22703064450512E-04 -0.13989618734085E+00 -0.13961543317364E-11 -0.11121681687742E+02  0.00000000000000E+00 -0.65038203727257E+05 -0.38200995134966E+01  0.00000000000000E+00  0.65056562185987E+05  0.32767586383416E+01
  0.24095176279195E-01 -0.51835465730603E-04 -0.70043222525138E+00 -0.18536579279915E-10 -0.24850841881530E+02  0.00000000000000E+00 -0.64223756474348E+05 -0.88506589185340E+01  0.00000000000000E+00  0.64261381569969E+05  0.32231107597181E+01
  0.42835125616196E-01 -0.93977007704538E-04 -0.21795863034825E+01 -0.12593024792893E-09 -0.43742794266905E+02  0.00000000000000E+00 -0.63106641408187E+05 -0.16353705995888E+02  0.00000000000000E+00  0.63172067348370E+05  0.31497596396075E+01
  0.66928390514998E-01 -0.15037267427584E-03 -0.52155953388748E+01 -0.59395153678662E-09 -0.67455829048230E+02  0.00000000000000E+00 -0.61709088063172E+05 -0.26752397326883E+02  0.00000000000000E+00  0.61811568391705E+05  0.30563564454860E+01
  0.96374254253397E-01 -0.22247028990920E-03 -0.10551816511921E+02 -0.22174416561278E-08 -0.95534132738486E+02  0.00000000000000E+00 -0.60058460544498E+05 -0.40538334375925E+02  0.00000000000000E+00  0.60208029573014E+05  0.29445224161827E+01
  0.13117184088660E+00 -0.31181621828148E-03 -0.18983886774174E+02 -0.70137943116194E-08 -0.12739853672083E+03  0.00000000000000E+00 -0.58186416826369E+05 -0.58233409291485E+02  0.00000000000000E+00  0.58393848051659E+05  0.28150806796621E+01
  0.17132011526520E+00 -0.41993911529655E-03 -0.31300454065866E+02 -0.19560477309922E-07 -0.16233834026945E+03  0.00000000000000E+00 -0.56127955755945E+05 -0.80345140600245E+02  0.00000000000000E+00  0.56404609825134E+05  0.26697142941339E+01
  0.21681788306941E+00 -0.54822803879319E-03 -0.48220227780058E+02 -0.49345393686300E-07 -0.19950567084281E+03  0.00000000000000E+00 -0.53920389583677E+05 -0.10731713595204E+03  0.00000000000000E+00  0.54277943018058E+05  0.25098515285645E+01
  0.26766379084320E+00 -0.69781187770314E-03 -0.70328238220479E+02 -0.11459466531388E-06 -0.23791377721483E+03  0.00000000000000E+00 -0.51602281233757E+05 -0.13947716258874E+03  0.00000000000000E+00  0.52052338574686E+05  0.23374649777761E+01
  0.32385632603760E+00 -0.86944739636829E-03 -0.98014203724742E+02 -0.24808689447135E-06 -0.27644046462827E+03  0.00000000000000E+00 -0.49212384982544E+05 -0.17698565270690E+03  0.00000000000000E+00  0.49765980666037E+05  0.21544927378127E+01
  0.38539381705199E+00 -0.10634231121423E-02 -0.13141578754429E+03 -0.50541615309572E-06 -0.31383758849349E+03  0.00000000000000E+00 -0.46788626924475E+05 -0.21978807339743E+03  0.00000000000000E+00  0.47455632749992E+05  0.19633121528095E+01
  0.45227443328640E+00 -0.12794856569156E-02 -0.17036929874515E+03 -0.97598346536826E-06 -0.34874714584332E+03  0.00000000000000E+00 -0.44367157867219E+05 -0.26757448602979E+03  0.00000000000000E+00  0.45155616498536E+05  0.17664202367814E+01
  0.52449618519541E+00 -0.15167941722677E-02 -0.21437007129232E+03 -0.17966415211127E-05 -0.37972407087660E+03  0.00000000000000E+00 -0.41981506486450E+05 -0.31974960936018E+03  0.00000000000000E+00  0.42896918517892E+05  0.15667613220212E+01
  0.60205692434760E+00 -0.17739066424487E-02 -0.26254436462700E+03 -0.31673815495837E-05 -0.40526538698693E+03  0.00000000000000E+00 -0.39661855088366E+05 -0.37541591011454E+03  0.00000000000000E+00  0.40706450090626E+05  0.13675634576866E+01
  0.68495434348500E+00 -0.20487999428035E-02 -0.31363418947132E+03 -0.53677570671622E-05 -0.42384492985606E+03  0.00000000000000E+00 -0.37434454582024E+05 -0.43337159632176E+03  0.00000000000000E+00  0.38606479946494E+05  0.11725946530714E+01
  0.77318597660221E+00 -0.23389228921268E-02 -0.36599599481019E+03 -0.87719627497494E-05 -0.43395247092654E+03  0.00000000000000E+00 -0.35321189606298E+05 -0.49212413169965E+03  0.00000000000000E+00  0.36614250648045E+05  0.98609661614319E+00
  0.86674919900399E+00 -0.26412789614273E-02 -0.41761367363704E+03 -0.13859732305674E-04 -0.43413576968956E+03  0.00000000000000E+00 -0.33339299466011E+05 -0.54991905100817E+03  0.00000000000000E+00  0.34741783601405E+05  0.81298592024541E+00
  0.96564122740260E+00 -0.29525327689964E-02 -0.46612586983507E+03 -0.21219637796127E-04 -0.42304388997406E+03  0.00000000000000E+00 -0.31501255765879E+05 -0.60478273714324E+03  0.00000000000000E+00  0.32995870053591E+05  0.65881700734462E+00
  0.10698591199824E+01 -0.32691324193354E-02 -0.50886710634188E+03 -0.31541093244430E-04 -0.39947004085409E+03  0.00000000000000E+00 -0.29814793426908E+05 -0.65457743036877E+03  0.00000000000000E+00  0.31378241186601E+05  0.52988145444033E+00
  0.11793997765008E+01 -0.35874384369458E-02 -0.54292181184805E+03 -0.45591526183563E-04 -0.36239224309885E+03  0.00000000000000E+00 -0.28283088034609E+05 -0.69706627686073E+03  0.00000000000000E+00  0.29885905082608E+05  0.43308316131152E+00
  0.12942599383710E+01 -0.39038498213162E-02 -0.56518990398174E+03 -0.64175828662338E-04 -0.31101025765985E+03  0.00000000000000E+00 -0.26905069020581E+05 -0.72998652720919E+03  0.00000000000000E+00  0.28511635488508E+05  0.37581105064237E+00
  0.14144361887646E+01 -0.42149187823965E-02 -0.57246219481683E+03 -0.88076381904405E-04 -0.24477740970984E+03  0.00000000000000E+00 -0.25675854787160E+05 -0.75112905012869E+03  0.00000000000000E+00  0.27244593293162E+05  0.36554835111383E+00
  0.15399249527142E+01 -0.45174480729359E-02 -0.56150352453802E+03 -0.11797359662521E-03 -0.16342615737909E+03  0.00000000000000E+00 -0.24587292354197E+05 -0.75842277714894E+03  0.00000000000000E+00  0.26071058795641E+05  0.40934695670512E+00
  0.16707224972142E+01 -0.48085683130329E-02 -0.52914120867670E+03 -0.15434902496364E-03 -0.66986446076219E+02  0.00000000000000E+00 -0.23628580348909E+05 -0.75002240828123E+03  0.00000000000000E+00  0.24975248385191E+05  0.51301033070195E+00
  0.18068249313342E+01 -0.50857969155772E-02 -0.47235611476109E+03 -0.19737557921816E-03  0.44203971927963E+02  0.00000000000000E+00 -0.22786950283935E+05 -0.72439737131252E+03  0.00000000000000E+00  0.23940185185940E+05  0.68010468628199E+00
  0.19482282063396E+01 -0.53470844655476E-02 -0.38837348028627E+03 -0.24680228019467E-03  0.16949798894545E+03  0.00000000000000E+00 -0.22048377419047E+05 -0.68041872877231E+03  0.00000000000000E+00  0.22948588029916E+05  0.91079686867306E+00
  0.20949281158032E+01 -0.55908578592254E-02 -0.27475046336952E+03 -0.30184410652908E-03  0.30794703707642E+03  0.00000000000000E+00 -0.21398289659898E+05 -0.61743954196546E+03  0.00000000000000E+00  0.21983739240404E+05  0.12007195450497E+01
  0.22469202957384E+01 -0.58160711820017E-02 -0.12945739877733E+03 -0.36109083231064E-03  0.45831899001667E+03  0.00000000000000E+00 -0.20822241627194E+05 -0.53536265512230E+03  0.00000000000000E+00  0.21030288916051E+05  0.15400478120209E+01
  0.24042002247216E+01 -0.60222743952800E-02  0.49050167837971E+02 -0.42245164757949E-03  0.61912639911698E+03  0.00000000000000E+00 -0.20306521914428E+05 -0.43468934395063E+03  0.00000000000000E+00  0.20074954205937E+05  0.19130697864275E+01
  0.25667632240362E+01 -0.62097058392282E-02  0.26177136376554E+03 -0.48315415864783E-03  0.78866497318524E+03  0.00000000000000E+00 -0.19838665062807E+05 -0.31654231687219E+03  0.00000000000000E+00  0.19107076248756E+05  0.22985131681380E+01
  0.27346044578022E+01 -0.63794074491676E-02  0.50911412147503E+03 -0.53981573672017E-03  0.96506160668805E+03  0.00000000000000E+00 -0.19407845908305E+05 -0.18265821753000E+03  0.00000000000000E+00  0.18119006120988E+05  0.26708040930025E+01
  0.29077189331256E+01 -0.65333521943290E-02  0.79086539496933E+03 -0.58860101432392E-03  0.11463305331283E+04  0.00000000000000E+00 -0.19005142194015E+05 -0.35347007804500E+02  0.00000000000000E+00  0.17106302703771E+05  0.30023080964638E+01
  0.30861015002460E+01 -0.66745633083747E-02  0.11061786902445E+04 -0.62547054190083E-03  0.13304354436846E+04  0.00000000000000E+00 -0.18623660806950E+05  0.12258110651186E+03  0.00000000000000E+00  0.16067739183892E+05  0.32663173494730E+01
  0.32697468526860E+01 -0.68071966499399E-02  0.14535794523497E+04 -0.64651254283942E-03  0.15153547905645E+04  0.00000000000000E+00 -0.18258532631757E+05  0.28791761168448E+03  0.00000000000000E+00  0.15005128608461E+05  0.34403775934315E+01
  0.34586495274186E+01 -0.69365536294124E-02  0.18309881204332E+04 -0.64833377229608E-03  0.16991470846697E+04  0.00000000000000E+00 -0.17906789798932E+05  0.45717988115148E+03  0.00000000000000E+00  0.13922991573953E+05  0.35092763875982E+01
  0.36528039050166E+01 -0.70689945468639E-02  0.22357599317138E+04 -0.62847014415302E-03  0.18800128434029E+04  0.00000000000000E+00 -0.17567146205642E+05  0.62674922132051E+03  0.00000000000000E+00  0.12828099007604E+05  0.34671009339600E+01
  0.38522042098308E+01 -0.72117318058104E-02  0.26647398710069E+04 -0.58576689237497E-03  0.20563499502838E+04  0.00000000000000E+00 -0.17239707022682E+05  0.79301310999877E+03  0.00000000000000E+00  0.11728929721449E+05  0.33178325576318E+01
  0.40568445101574E+01 -0.73724982216550E-02  0.31143305674855E+04 -0.52067553822204E-03  0.22267995353761E+04  0.00000000000000E+00 -0.16925635185083E+05  0.95250227325960E+03  0.00000000000000E+00  0.10635085128878E+05  0.30744267420359E+01
  0.42667187184126E+01 -0.75591048022396E-02  0.35805704714307E+04 -0.43542238599863E-03  0.23902800484092E+04  0.00000000000000E+00 -0.16626802639344E+05  0.11020140783403E+04  0.00000000000000E+00  0.95567026048724E+04  0.27565691815216E+01
  0.44818205913162E+01 -0.77789208000560E-02  0.40592193286699E+04 -0.33401996349119E-03  0.25460079411991E+04  0.00000000000000E+00 -0.16345451720382E+05  0.12387156819390E+04  0.00000000000000E+00  0.85039046207121E+04  0.23877391973929E+01
  0.47021437300806E+01 -0.80383225140997E-02  0.45458478251303E+04 -0.22211478500711E-03  0.26935042558250E+04  0.00000000000000E+00 -0.16083887961567E+05  0.13602222071536E+04  0.00000000000000E+00  0.74863140660540E+04  0.19921321581833E+01
  0.49276815805908E+01 -0.83421632115882E-02  0.50359283013975E+04 -0.10668712244789E-03  0.28325873691315E+04  0.00000000000000E+00 -0.15844220419509E+05  0.14646476295069E+04  0.00000000000000E+00  0.65126576509806E+04  0.15920826572919E+01
  0.51584274336132E+01 -0.86933138050741E-02  0.55249236259671E+04  0.43642389067481E-05  0.29633531012197E+04  0.00000000000000E+00 -0.15628159682734E+05  0.15506280699554E+04  0.00000000000000E+00  0.55904698479177E+04  0.12062733763123E+01
  0.53943744249828E+01 -0.90923135001316E-02  0.60083716419269E+04  0.10271020538087E-03  0.30861442752315E+04  0.00000000000000E+00 -0.15436877584829E+05  0.16173197154725E+04  0.00000000000000E+00  0.47258999860625E+04  0.84904426108460E+00
  0.56355155358138E+01 -0.95371540085282E-02  0.64819630302671E+04  0.18011103349190E-03  0.32015125259261E+04  0.00000000000000E+00 -0.15270926811590E+05  0.16643754774984E+04  0.00000000000000E+00  0.39236159022830E+04  0.53076734207525E+00
  0.58818435927084E+01 -0.10023202750823E-01  0.69416109229235E+04  0.22893454066462E-03  0.33101755935278E+04  0.00000000000000E+00 -0.15130213745241E+05  0.16919062350060E+04  0.00000000000000E+00  0.31867900769039E+04  0.25928885225085E+00
  0.61333512679674E+01 -0.10543252543876E-01  0.73835111068370E+04  0.24265339946496E-03  0.34129734120390E+04  0.00000000000000E+00 -0.15014014671969E+05  0.17004326591591E+04  0.00000000000000E+00  0.25171497654688E+04  0.41970936238613E-01
  0.63900310798116E+01 -0.11087670261372E-01  0.78041921464366E+04  0.21631484632953E-03  0.35108259515058E+04  0.00000000000000E+00 -0.14921024286169E+05  0.16908328794472E+04  0.00000000000000E+00  0.19150719687004E+04 -0.11221143501234E+00
  0.66518753926032E+01 -0.11644608484625E-01  0.82005551824123E+04  0.14698236513941E-03  0.36046950204983E+04  0.00000000000000E+00 -0.14849426207105E+05  0.16642889359840E+04  0.00000000000000E+00  0.13797070275458E+04 -0.19153829087190E+00
  0.69188764170672E+01 -0.12200246160497E-01  0.85699035167938E+04  0.34143029475589E-04  0.36955511968668E+04  0.00000000000000E+00 -0.14796977450695E+05  0.16222327281485E+04  0.00000000000000E+00  0.90911999448105E+03 -0.18218050776852E+00
  0.71910262105326E+01 -0.12739039828414E-01  0.89099623589284E+04 -0.11994545266713E-03  0.37843459470963E+04  0.00000000000000E+00 -0.14761101591500E+05  0.15662899776937E+04  0.00000000000000E+00  0.50044484011231E+03 -0.71326654610289E-01
  0.74683166771646E+01 -0.13243994799141E-01  0.92188892889611E+04 -0.31002293503644E-03  0.38719880912540E+04  0.00000000000000E+00 -0.14738987729442E+05  0.14982202888706E+04  0.00000000000000E+00  0.15005104691969E+03  0.14743254614734E+00
  0.77507395682022E+01 -0.13696998232108E-01  0.94952761113973E+04 -0.52779151534658E-03  0.39593233272583E+04  0.00000000000000E+00 -0.14727693526419E+05  0.14198521217644E+04  0.00000000000000E+00 -0.14627642104091E+03  0.46738817067080E+00
  0.80382864822084E+01 -0.14079279718229E-01  0.97381428440619E+04 -0.76216526291052E-03  0.40471156840845E+04  0.00000000000000E+00 -0.14724250088913E+05  0.13330142431651E+04  0.00000000000000E+00 -0.39314508356631E+03  0.86275738737572E+00
  0.83309488653186E+01 -0.14372065524778E-01  0.99469246389711E+04 -0.99986812788117E-03  0.41360304694793E+04  0.00000000000000E+00 -0.14725764543667E+05  0.12394683514710E+04  0.00000000000000E+00 -0.59535778985259E+03  0.12857544677082E+01
  0.86287180114944E+01 -0.14557462537235E-01  0.10121452475836E+05 -0.12263827307794E-02  0.42266192430621E+04  0.00000000000000E+00 -0.14729513732753E+05  0.11408507782229E+04  0.00000000000000E+00 -0.75772412327110E+03  0.16688572514486E+01
  0.89315850627792E+01 -0.14619552687260E-01  0.10261928510027E+05 -0.14271713407784E-02  0.43193081799869E+04  0.00000000000000E+00 -0.14733021074740E+05  0.10386317806653E+04  0.00000000000000E+00 -0.88489845957619E+03  0.19328896389283E+01
  0.92395410095700E+01 -0.14545615837063E-01  0.10368896989431E+05 -0.15890150696655E-02  0.44143915189936E+04  0.00000000000000E+00 -0.14734109742251E+05  0.93409864905482E+03  0.00000000000000E+00 -0.98126124732952E+03  0.20000332674222E+01
  0.95525766908802E+01 -0.14327350798803E-01  0.10443211669373E+05 -0.17012764477589E-02  0.45120314245708E+04  0.00000000000000E+00 -0.14730929178200E+05  0.82836299391263E+03  0.00000000000000E+00 -0.10508518557877E+04  0.18090252421339E+01
  0.98706827946114E+01 -0.13961945655069E-01  0.10486000645001E+05 -0.17568993703660E-02  0.46122646295983E+04  0.00000000000000E+00 -0.14721957141273E+05  0.72238645234237E+03  0.00000000000000E+00 -0.10973494590835E+04  0.13294077397559E+01
  0.10193849857831E+02 -0.13452862109852E-01  0.10498629486968E+05 -0.17530135887019E-02  0.47150150012980E+04  0.00000000000000E+00 -0.14705983477649E+05  0.61701464080446E+03  0.00000000000000E+00 -0.11240887592070E+04  0.57168633945184E+00
  0.10522068267056E+02 -0.12810234352824E-01  0.10482663515982E+05 -0.16910863873247E-02  0.48201101130043E+04  0.00000000000000E+00 -0.14682083072989E+05  0.51300894161258E+03  0.00000000000000E+00 -0.11340937075510E+04 -0.40871126219258E+00
  0.10855328258536E+02 -0.12050826858047E-01  0.10439829993085E+05 -0.15766366187885E-02  0.49272993226646E+04  0.00000000000000E+00 -0.14649584359837E+05  0.41106792193032E+03  0.00000000000000E+00 -0.11301145382578E+04 -0.15152878778667E+01
  0.11193619918547E+02 -0.11197537530917E-01  0.10371980940484E+05 -0.14185807572779E-02  0.50362708729144E+04  0.00000000000000E+00 -0.14608037909679E+05  0.31183432352648E+03  0.00000000000000E+00 -0.11146579752014E+04 -0.26223640731455E+01
  0.11536933183681E+02 -0.10278471265683E-01  0.10281057243432E+05 -0.12283163109208E-02  0.51466660884512E+04  0.00000000000000E+00 -0.14557188054084E+05  0.21588764117246E+03  0.00000000000000E+00 -0.10900051259422E+04 -0.35937137580074E+01
  0.11885257841153E+02 -0.93256475354246E-02  0.10169054618773E+05 -0.10186701897418E-02  0.52580896916487E+04  0.00000000000000E+00 -0.14496949091573E+05  0.12372660852001E+03  0.00000000000000E+00 -0.10582157101034E+04 -0.43042270527210E+01
  0.12238583529096E+02 -0.83734436141367E-02  0.10037991972751E+05 -0.80284942803332E-03  0.53701163174705E+04  0.00000000000000E+00 -0.14427386081867E+05  0.35748387192515E+02  0.00000000000000E+00 -0.10211213653657E+04 -0.46599461119786E+01
  0.12596899736878E+02 -0.74569025807560E-02  0.98898826091487E+04 -0.59352398360032E-03  0.54822941652328E+04  0.00000000000000E+00 -0.14348698655032E+05 -0.47767899097153E+02  0.00000000000000E+00 -0.98031428776087E+03 -0.46121179354113E+01
  0.12960195805408E+02 -0.66100401873881E-02  0.97267086793987E+04 -0.40214367580875E-03  0.55941471996092E+04  0.00000000000000E+00 -0.14261205396214E+05 -0.12666745849356E+03  0.00000000000000E+00 -0.93713924756068E+03 -0.41632354439216E+01
  0.13328460927454E+02 -0.58642638533882E-02  0.95503991726585E+04 -0.23854855639423E-03  0.57051775235371E+04  0.00000000000000E+00 -0.14165326724974E+05 -0.20091282717736E+03  0.00000000000000E+00 -0.89269583139228E+03 -0.33647901601707E+01
  0.13701684147968E+02 -0.52469808378057E-02  0.93628116117313E+04 -0.11087983523063E-03  0.58148696886513E+04  0.00000000000000E+00 -0.14061565212494E+05 -0.27056390802704E+03  0.00000000000000E+00 -0.84785462340662E+03 -0.23078014056103E+01
  0.14079854364413E+02 -0.47804367150154E-02  0.91657174509064E+04 -0.25737273623090E-04  0.59226985569920E+04  0.00000000000000E+00 -0.13950483059478E+05 -0.33574785822958E+03  0.00000000000000E+00 -0.80328771098771E+03 -0.11074269708256E+01
  0.14462960327084E+02 -0.44808021464568E-02  0.89607909890950E+04  0.11537957429037E-04  0.60281412826203E+04  0.00000000000000E+00 -0.13832677509449E+05 -0.39662452804258E+03  0.00000000000000E+00 -0.75951021873615E+03  0.11554622335154E+00
  0.14850990639452E+02 -0.43575217532171E-02  0.87496014618132E+04 -0.33717818504058E-05  0.61306921077473E+04  0.00000000000000E+00 -0.13708757168920E+05 -0.45335509338678E+03  0.00000000000000E+00 -0.71692483536181E+03  0.12521109979220E+01
  0.15243933758499E+02 -0.44129538584324E-02  0.85336079013968E+04 -0.73768649727571E-04  0.62298771905493E+04  0.00000000000000E+00 -0.13579323814966E+05 -0.50608104511418E+03  0.00000000000000E+00 -0.67585932657589E+03  0.22164185674721E+01
  0.15641777995065E+02 -0.46423564359095E-02  0.83141563611447E+04 -0.20159897037779E-03  0.63252665101373E+04  0.00000000000000E+00 -0.13444963258552E+05 -0.55491662207375E+03  0.00000000000000E+00 -0.63658959080949E+03  0.29485558915255E+01
  0.16044511514188E+02 -0.50343002100358E-02  0.80924791408735E+04 -0.38675674711767E-03  0.64164803991016E+04  0.00000000000000E+00 -0.13306247449662E+05 -0.59995600609812E+03  0.00000000000000E+00 -0.59934053438975E+03  0.34101287684362E+01
  0.16452122335465E+02 -0.55716025765084E-02  0.78696956717259E+04 -0.62618053092177E-03  0.65031892475654E+04  0.00000000000000E+00 -0.13163747995004E+05 -0.64129416648697E+03  0.00000000000000E+00 -0.56425708817879E+03  0.35794718382227E+01
  0.16864598333403E+02 -0.62328564411869E-02  0.76468147118229E+04 -0.91307582607912E-03  0.65851078865433E+04  0.00000000000000E+00 -0.13018050331945E+05 -0.67904730823902E+03  0.00000000000000E+00 -0.53136314250256E+03  0.34546697469870E+01
  0.17281927237781E+02 -0.69945280301919E-02  0.74247375357278E+04 -0.12367115807949E-02  0.66619894375180E+04  0.00000000000000E+00 -0.12869745686424E+05 -0.71334706148804E+03  0.00000000000000E+00 -0.50056121086887E+03  0.30647832254199E+01
  0.17704096634012E+02 -0.78333763198356E-02  0.72042619276026E+04 -0.15831087739411E-02  0.67336213015263E+04  0.00000000000000E+00 -0.12719395252217E+05 -0.74430834418980E+03  0.00000000000000E+00 -0.47169347585841E+03  0.24767403782727E+01
  0.18131093963525E+02 -0.87286900805207E-02  0.69860869574429E+04 -0.19364979559858E-02  0.67998205237797E+04  0.00000000000000E+00 -0.12567497415017E+05 -0.77201153335917E+03  0.00000000000000E+00 -0.44460145018386E+03  0.17864174744210E+01
  0.18562906524116E+02 -0.96637860384256E-02  0.67708185798802E+04 -0.22809574810886E-02  0.68604274927192E+04  0.00000000000000E+00 -0.12414483971265E+05 -0.79652364328401E+03  0.00000000000000E+00 -0.41912783708559E+03  0.10986762211683E+01
  0.18999521470348E+02 -0.10626519986827E-01  0.65589759638645E+04 -0.26015978667548E-02  0.69153041015622E+04  0.00000000000000E+00 -0.12260727128790E+05 -0.81792438350795E+03  0.00000000000000E+00 -0.39510494515829E+03  0.51037985249241E+00
  0.19440925813924E+02 -0.11609060134190E-01  0.63509982543058E+04 -0.28851083408781E-02  0.69643410947087E+04  0.00000000000000E+00 -0.12106529566695E+05 -0.83629836408662E+03  0.00000000000000E+00 -0.37239705714439E+03  0.99866919928218E-01
  0.19887106424065E+02 -0.12607475408206E-01  0.61472513801337E+04 -0.31200098869693E-02  0.70074682933294E+04  0.00000000000000E+00 -0.11952110153089E+05 -0.85171453704095E+03  0.00000000000000E+00 -0.35096457089675E+03 -0.85315049334440E-01
  0.20338050027920E+02 -0.13621566837860E-01  0.59480346132998E+04 -0.32971047754377E-02  0.70446560799666E+04  0.00000000000000E+00 -0.11797622001501E+05 -0.86424580213385E+03  0.00000000000000E+00 -0.33085200336086E+03 -0.46032400861350E-01
  0.20793743210941E+02 -0.14654940283278E-01  0.57535867429611E+04 -0.34103177499338E-02  0.70759058671653E+04  0.00000000000000E+00 -0.11643204003487E+05 -0.87402689712850E+03  0.00000000000000E+00 -0.31208567387238E+03  0.15797038089624E+00
  0.21254172417297E+02 -0.15714944526927E-01  0.55640918628586E+04 -0.34577160943990E-02  0.71012385059957E+04  0.00000000000000E+00 -0.11489019147891E+05 -0.88127999074138E+03  0.00000000000000E+00 -0.29459086297555E+03  0.42119458575689E+00
  0.21719323950264E+02 -0.16812011477811E-01  0.53796848840665E+04 -0.34423114004936E-02  0.71206846999860E+04  0.00000000000000E+00 -0.11335252750046E+05 -0.88626821730488E+03  0.00000000000000E+00 -0.27819938523061E+03  0.62897714812152E+00
  0.22189183972648E+02 -0.17958026405940E-01  0.52004569682104E+04 -0.33722861436098E-02  0.71342707366669E+04  0.00000000000000E+00 -0.11182102187311E+05 -0.88923037610724E+03  0.00000000000000E+00 -0.26267465555487E+03  0.69915559178401E+00
  0.22663738507183E+02 -0.19163517635522E-01  0.50264610190989E+04 -0.32603295429643E-02  0.71420017695821E+04  0.00000000000000E+00 -0.11029777178326E+05 -0.89034775876625E+03  0.00000000000000E+00 -0.24770338428127E+03  0.61204346074453E+00
  0.23142973436953E+02 -0.20433962818953E-01  0.48577171522035E+04 -0.31218210431401E-02  0.71438612986655E+04  0.00000000000000E+00 -0.10878472915695E+05 -0.88971532338677E+03  0.00000000000000E+00 -0.23294400140948E+03  0.42265459356190E+00
  0.23626874505811E+02 -0.21766539141330E-01  0.46942178844656E+04 -0.29719622757271E-02  0.71398339181778E+04  0.00000000000000E+00 -0.10728306314082E+05 -0.88730262013794E+03  0.00000000000000E+00 -0.21816727865430E+03  0.25085126724719E+00
  0.24115427318801E+02 -0.23149451922139E-01  0.45359328190479E+04 -0.28226486913031E-02  0.71299308521724E+04  0.00000000000000E+00 -0.10579283988573E+05 -0.88297771479590E+03  0.00000000000000E+00 -0.20333509933701E+03  0.24089641360899E+00
  0.24608617342592E+02 -0.24565243369259E-01  0.43828127434312E+04 -0.26803572669804E-02  0.71142014406183E+04  0.00000000000000E+00 -0.10431347459021E+05 -0.87664014089543E+03  0.00000000000000E+00 -0.18850709134607E+03  0.49224718646133E+00
  0.25106429905906E+02 -0.25996958434910E-01  0.42347931336567E+04 -0.25460494167513E-02  0.70927421480795E+04  0.00000000000000E+00 -0.10284430683122E+05 -0.86834963786189E+03  0.00000000000000E+00 -0.17372516379550E+03  0.10012539487257E+01
  0.25608850199951E+02 -0.27433700408327E-01  0.40917970208613E+04 -0.24170988883153E-02  0.70657112064032E+04  0.00000000000000E+00 -0.10138460705668E+05 -0.85830051049279E+03  0.00000000000000E+00 -0.15904341833030E+03  0.16737419744604E+01
  0.26115863278869E+02 -0.28872560815033E-01  0.39537371960573E+04 -0.22902259769330E-02  0.70333302446607E+04  0.00000000000000E+00 -0.99933495187851E+04 -0.84670358725472E+03  0.00000000000000E+00 -0.14459119860303E+03  0.23919732883786E+01
  0.26627454060178E+02 -0.30316905713529E-01  0.38205179724591E+04 -0.21640354850333E-02  0.69958642301392E+04  0.00000000000000E+00 -0.98490270619319E+04 -0.83374516908059E+03  0.00000000000000E+00 -0.13052537033119E+03  0.30521203133922E+01
  0.27143607325216E+02 -0.31773441683898E-01  0.36920368931104E+04 -0.20401356937820E-02  0.69535981859523E+04  0.00000000000000E+00 -0.97054675209250E+04 -0.81961672295533E+03  0.00000000000000E+00 -0.11695259049646E+03  0.35644311086057E+01
  0.27664307719600E+02 -0.33250590442654E-01  0.35681864723861E+04 -0.19226715750695E-02  0.69068285145073E+04  0.00000000000000E+00 -0.95626714223594E+04 -0.80450607413196E+03  0.00000000000000E+00 -0.10393183695939E+03  0.38704801806533E+01
  0.28189539753680E+02 -0.34759192294820E-01  0.34488556400402E+04 -0.18170618008425E-02  0.68558697209676E+04  0.00000000000000E+00 -0.94206214191760E+04 -0.78853242901728E+03  0.00000000000000E+00 -0.91566789949082E+02  0.39681466112802E+01
  0.28719287803001E+02 -0.36314222834107E-01  0.33339305949824E+04 -0.17291671699618E-02  0.68010583217416E+04  0.00000000000000E+00 -0.92792471323633E+04 -0.77169772167126E+03  0.00000000000000E+00 -0.80108796039225E+02  0.38972232601712E+01
  0.29253536108764E+02 -0.37934161039056E-01  0.32232951532132E+04 -0.16655846738850E-02  0.67427313544804E+04  0.00000000000000E+00 -0.91384515723536E+04 -0.75393511993583E+03  0.00000000000000E+00 -0.69906418946113E+02  0.36937967123441E+01
  0.29792268778302E+02 -0.39635215933468E-01  0.31168308673755E+04 -0.16347792013282E-02  0.66811833602922E+04  0.00000000000000E+00 -0.89982077991073E+04 -0.73523816967421E+03  0.00000000000000E+00 -0.61159143556521E+02  0.33678453345304E+01
  0.30335469785541E+02 -0.41421465154201E-01  0.30144170659134E+04 -0.16482376420001E-02  0.66166334015506E+04  0.00000000000000E+00 -0.88586423132095E+04 -0.71573951933682E+03  0.00000000000000E+00 -0.53694235128546E+02  0.29313300863754E+01
  0.30883122971494E+02 -0.43276250305731E-01  0.29159308492922E+04 -0.17208193739191E-02  0.65492289862946E+04  0.00000000000000E+00 -0.87200106414678E+04 -0.69564006625052E+03  0.00000000000000E+00 -0.47017677307743E+02  0.24464534910770E+01
  0.31435212044725E+02 -0.45161021388726E-01  0.28212471689607E+04 -0.18695214591638E-02  0.64790864607762E+04  0.00000000000000E+00 -0.85825738891701E+04 -0.67507123328936E+03  0.00000000000000E+00 -0.40610483737513E+02  0.20309929970136E+01
  0.31991720581841E+02 -0.47023364794957E-01  0.27302391422740E+04 -0.21101417009400E-02  0.64063433921259E+04  0.00000000000000E+00 -0.84464879919712E+04 -0.65407155692159E+03  0.00000000000000E+00 -0.34185586048855E+02  0.17882659517722E+01
  0.32552632027982E+02 -0.48808795750617E-01  0.26427786094535E+04 -0.24522563019135E-02  0.63311958462108E+04  0.00000000000000E+00 -0.83117702838079E+04 -0.63267711721423E+03  0.00000000000000E+00 -0.27756623122953E+02  0.17191704671037E+01
  0.33117929697310E+02 -0.50468172513683E-01  0.25587368575572E+04 -0.28938023673188E-02  0.62539033825989E+04  0.00000000000000E+00 -0.81783122131663E+04 -0.61094444152543E+03  0.00000000000000E+00 -0.21605931154555E+02  0.17242923348608E+01
  0.33687596773508E+02 -0.51958356326615E-01  0.24779854146594E+04 -0.34163045752956E-02  0.61747560626836E+04  0.00000000000000E+00 -0.80459325688009E+04 -0.58888092819504E+03  0.00000000000000E+00 -0.16167796498058E+02  0.17048091880525E+01
  0.34261616310282E+02 -0.53241447664751E-01  0.24003966725056E+04 -0.39814516373217E-02  0.60940223974558E+04  0.00000000000000E+00 -0.79144624315391E+04 -0.56641067618777E+03  0.00000000000000E+00 -0.11847482452644E+02  0.16412568826314E+01
  0.34839971231854E+02 -0.54288420966113E-01  0.23258441023654E+04 -0.45307925356751E-02  0.60119000847905E+04  0.00000000000000E+00 -0.77838361586705E+04 -0.54344712272420E+03  0.00000000000000E+00 -0.88269117727273E+01  0.15751747749567E+01
  0.35422644333485E+02 -0.55087119654265E-01  0.22542022077823E+04 -0.49912324878822E-02  0.59284787102862E+04  0.00000000000000E+00 -0.76542016721467E+04 -0.52007703147402E+03  0.00000000000000E+00 -0.67986244953778E+01  0.15435116002417E+01
  0.36009618281977E+02 -0.55649501895775E-01  0.21853466521158E+04 -0.52872289010811E-02  0.58437590554415E+04  0.00000000000000E+00 -0.75259193279750E+04 -0.49665802437399E+03  0.00000000000000E+00 -0.49335294722782E+01  0.15338890051958E+01
  0.36600875616193E+02 -0.56012569974147E-01  0.21191548858602E+04 -0.53565465786437E-02  0.57577547061554E+04  0.00000000000000E+00 -0.73993159894146E+04 -0.47359668752039E+03  0.00000000000000E+00 -0.24398497496669E+01  0.14956962143616E+01
  0.37196398747579E+02 -0.56231536770694E-01  0.20555073403236E+04 -0.51633876611704E-02  0.56705866339745E+04  0.00000000000000E+00 -0.72744420089413E+04 -0.45105001171626E+03  0.00000000000000E+00  0.84761591828681E+00  0.13881746343783E+01
  0.37796169960671E+02 -0.56369259239125E-01  0.19942890312968E+04 -0.47038722144667E-02  0.55824789823754E+04  0.00000000000000E+00 -0.71511160152261E+04 -0.42893862393207E+03  0.00000000000000E+00  0.45435553006254E+01  0.11958566832171E+01
  0.38400171413648E+02 -0.56486937156604E-01  0.19353912356683E+04 -0.40035301781358E-02  0.54936915594829E+04  0.00000000000000E+00 -0.70291407287688E+04 -0.40717947063238E+03  0.00000000000000E+00  0.81940234036014E+01  0.89612868634219E+00
  0.39008385138843E+02 -0.56636888844700E-01  0.18787127321467E+04 -0.31096737741931E-02  0.54044739658714E+04  0.00000000000000E+00 -0.69084177391013E+04 -0.38580253371322E+03  0.00000000000000E+00  0.11529471040448E+02  0.43614968131351E+00
  0.39620793043282E+02 -0.56856144277919E-01  0.18241599361523E+04 -0.20811420465140E-02  0.53150566390544E+04  0.00000000000000E+00 -0.67888764718939E+04 -0.36482375750483E+03  0.00000000000000E+00  0.14305019466022E+02 -0.23757201235100E+00
  0.40237376909224E+02 -0.57161526226067E-01  0.17716456187166E+04 -0.97759927916739E-03  0.52256231229375E+04  0.00000000000000E+00 -0.66704156196593E+04 -0.34408091413795E+03  0.00000000000000E+00  0.16188808555154E+02 -0.10971227134543E+01
  0.40858118394707E+02 -0.57547017480615E-01  0.17210869406107E+04  0.14883415460325E-03  0.51362502411143E+04  0.00000000000000E+00 -0.65530390302434E+04 -0.32333060313861E+03  0.00000000000000E+00  0.17110131300496E+02 -0.19797185398188E+01
  0.41482999034086E+02 -0.57983444026078E-01  0.16724041103187E+04  0.12580454298501E-02  0.50468999956824E+04  0.00000000000000E+00 -0.64369628632853E+04 -0.30247492732101E+03  0.00000000000000E+00  0.17539581119402E+02 -0.26508288843140E+01
  0.42112000238584E+02 -0.58421809950802E-01  0.16255202803934E+04  0.23227063536535E-02  0.49575069631134E+04  0.00000000000000E+00 -0.63224673958016E+04 -0.28155783944704E+03  0.00000000000000E+00  0.18144976405186E+02 -0.29091144403247E+01
  0.42745103296850E+02 -0.58800901548392E-01  0.15803621437274E+04  0.33261726994963E-02  0.48680810935363E+04  0.00000000000000E+00 -0.62097282361384E+04 -0.26063481354546E+03  0.00000000000000E+00  0.19349608565181E+02 -0.26256785837849E+01
  0.43382289375511E+02 -0.59056874689529E-01  0.15368602443479E+04  0.42589212094760E-02  0.47787480727798E+04  0.00000000000000E+00 -0.60988349776836E+04 -0.23980664811893E+03  0.00000000000000E+00  0.21317392295968E+02 -0.17707143324251E+01
  0.44023539519733E+02 -0.59131475897490E-01  0.14949485577540E+04  0.51154257526932E-02  0.46897346704804E+04  0.00000000000000E+00 -0.59898115367611E+04 -0.21927655066534E+03  0.00000000000000E+00  0.24001027223190E+02 -0.45784801896892E+00
  0.44668834653784E+02 -0.58976343822959E-01  0.14545636716290E+04  0.58929909013357E-02  0.46013244166967E+04  0.00000000000000E+00 -0.58825410551989E+04 -0.19926072098221E+03  0.00000000000000E+00  0.27038863715430E+02  0.10720925071650E+01
  0.45318155581606E+02 -0.58554571503178E-01  0.14156439532038E+04  0.65928809930753E-02  0.45137900923670E+04  0.00000000000000E+00 -0.57767746839285E+04 -0.17990993824726E+03  0.00000000000000E+00  0.29843300992463E+02  0.25407626970562E+01
  0.45971482987381E+02 -0.57844239837324E-01  0.13781286696574E+04  0.72215590158009E-02  0.44273158707410E+04  0.00000000000000E+00 -0.56722833925036E+04 -0.16130079920207E+03  0.00000000000000E+00  0.31945709344213E+02  0.37554353561272E+01
  0.46628797436107E+02 -0.56843015722007E-01  0.13419570548039E+04  0.77887235406394E-02  0.43419478373493E+04  0.00000000000000E+00 -0.55690097565770E+04 -0.14345632021236E+03  0.00000000000000E+00  0.33287368744406E+02  0.46771298160017E+01
  0.47290079374178E+02 -0.55565717472378E-01  0.13070677363032E+04  0.83024975232515E-02  0.42576207446566E+04  0.00000000000000E+00 -0.54670606203442E+04 -0.12641364395728E+03  0.00000000000000E+00  0.34177415250345E+02  0.53443686887730E+01
  0.47955309129961E+02 -0.54033436330412E-01  0.12733990344029E+04  0.87658831130187E-02  0.41742474051182E+04  0.00000000000000E+00 -0.53665513712828E+04 -0.11025616470071E+03  0.00000000000000E+00  0.34963081086883E+02  0.57567170712693E+01
  0.48624466914389E+02 -0.52264478665343E-01  0.12408902679463E+04  0.91765469253421E-02  0.40917980113462E+04  0.00000000000000E+00 -0.52674920119660E+04 -0.95058228332850E+02  0.00000000000000E+00  0.35771234195428E+02  0.58661852572868E+01
  0.49297532821542E+02 -0.50276707575844E-01  0.12094837185597E+04  0.95276369840714E-02  0.40103216742573E+04  0.00000000000000E+00 -0.51698143815311E+04 -0.80819692152041E+02  0.00000000000000E+00  0.36519477151319E+02  0.56500472145807E+01
  0.49974486829243E+02 -0.48099538069977E-01  0.11791265231842E+04  0.98068680331578E-02  0.39299178773954E+04  0.00000000000000E+00 -0.50734657801351E+04 -0.67449724524072E+02  0.00000000000000E+00  0.37076755257134E+02  0.51673585075646E+01
  0.50655308799654E+02 -0.45783518402637E-01  0.11497716679081E+04  0.99940907922652E-02  0.38506957946325E+04  0.00000000000000E+00 -0.49784777976231E+04 -0.54822970448276E+02  0.00000000000000E+00  0.37406052058912E+02  0.45369571005500E+01
  0.51339978479871E+02 -0.43396202130407E-01  0.11213776150992E+04  0.10059975537781E-01  0.37727607071763E+04  0.00000000000000E+00 -0.48849151520803E+04 -0.42824695084660E+02  0.00000000000000E+00  0.37473323369118E+02  0.38384622531101E+01
  0.52028475502532E+02 -0.41005326153909E-01  0.10939067478903E+04  0.99688888045460E-02  0.36962113204000E+04  0.00000000000000E+00 -0.47927738928856E+04 -0.31318927707520E+02  0.00000000000000E+00  0.37064363384648E+02  0.30585746444729E+01
  0.52720779386421E+02 -0.38661454898249E-01  0.10673233853397E+04  0.96873673223967E-02  0.36211035943400E+04  0.00000000000000E+00 -0.47020320142751E+04 -0.20197017488703E+02  0.00000000000000E+00  0.35969025158282E+02  0.21379989865627E+01
  0.53416869537074E+02 -0.36390645762167E-01  0.10415922193016E+04  0.91957120577302E-02  0.35474141011066E+04  0.00000000000000E+00 -0.46127619925079E+04 -0.94780047406361E+01  0.00000000000000E+00  0.34301122748310E+02  0.10402509742889E+01
  0.54116725247393E+02 -0.34197525203066E-01  0.10166775630012E+04  0.84973928093470E-02  0.34750511385476E+04  0.00000000000000E+00 -0.45251307945541E+04  0.73637179584358E+00  0.00000000000000E+00  0.32506071301070E+02 -0.18535004082367E+00
  0.54820325698270E+02 -0.32073235172241E-01  0.99254323371608E+03  0.76225615306545E-02  0.34039042755878E+04  0.00000000000000E+00 -0.44393073101445E+04  0.10403855584383E+02  0.00000000000000E+00  0.31105557722655E+02 -0.13748382072584E+01
  0.55527649959191E+02 -0.30004423521028E-01  0.96915272782237E+03  0.66259106560051E-02  0.33339051799683E+04  0.00000000000000E+00 -0.43553377730934E+04  0.19615209965549E+02  0.00000000000000E+00  0.30365903321634E+02 -0.23221305284075E+01
  0.56238676988873E+02 -0.27982022917607E-01  0.94646955936331E+03  0.55809600701117E-02  0.32650678710587E+04  0.00000000000000E+00 -0.42730652866261E+04  0.28552823733243E+02  0.00000000000000E+00  0.30078811805939E+02 -0.29186217277744E+01
  0.56953385635883E+02 -0.26007650591543E-01  0.92445787231239E+03  0.45718544973982E-02  0.31974677259320E+04  0.00000000000000E+00 -0.41922028642268E+04  0.37393819290031E+02  0.00000000000000E+00  0.29712076850858E+02 -0.31928056375887E+01
  0.57671754639266E+02 -0.24094826732275E-01  0.90308345437328E+03  0.36823206570876E-02  0.31311581010420E+04  0.00000000000000E+00 -0.41125422905972E+04  0.46211440603623E+02  0.00000000000000E+00  0.28908646643762E+02 -0.32010604406000E+01
  0.58393762629181E+02 -0.22264555849825E-01  0.88231505998918E+03  0.29818918697338E-02  0.30661111925537E+04  0.00000000000000E+00 -0.40340571234708E+04  0.54977932561653E+02  0.00000000000000E+00  0.27748943387932E+02 -0.29232776422944E+01
  0.59119388127536E+02 -0.20537581884197E-01  0.86212564775731E+03  0.25129124959454E-02  0.30022441907430E+04  0.00000000000000E+00 -0.39568136053809E+04  0.63638527317950E+02  0.00000000000000E+00  0.26544927441787E+02 -0.22783367901609E+01
  0.59848609548627E+02 -0.18927853741357E-01  0.84249292211508E+03  0.22843572215733E-02  0.29394645849751E+04  0.00000000000000E+00 -0.38808834162848E+04  0.72072042982091E+02  0.00000000000000E+00  0.25632666722849E+02 -0.12378429861626E+01
  0.60581405199778E+02 -0.17441700702587E-01  0.82339870986807E+03  0.22741373171349E-02  0.28776749115721E+04  0.00000000000000E+00 -0.38063461272505E+04  0.79952819809600E+02  0.00000000000000E+00  0.25370187176309E+02  0.35333612157132E-01
  0.61317753281987E+02 -0.16082043116720E-01  0.80482729102034E+03  0.24349680115220E-02  0.28167921653128E+04  0.00000000000000E+00 -0.37332328704679E+04  0.86779155387442E+02  0.00000000000000E+00  0.25976513111473E+02  0.11286072890811E+01
  0.62057631890579E+02 -0.14851688252228E-01  0.78676333780553E+03  0.27003388438092E-02  0.27568118110613E+04  0.00000000000000E+00 -0.36613788568627E+04  0.92226731775036E+02  0.00000000000000E+00  0.27146160691799E+02  0.15570331214997E+01
  0.62801019015849E+02 -0.13751619410575E-01  0.76919014918398E+03  0.29934289501735E-02  0.26978315722022E+04  0.00000000000000E+00 -0.35904544624339E+04  0.96479922308337E+02  0.00000000000000E+00  0.28087348088156E+02  0.11237711583577E+01
  0.63547892543725E+02 -0.12776314909043E-01  0.75208869368801E+03  0.32419204838933E-02  0.26399867202087E+04  0.00000000000000E+00 -0.35202230870366E+04  0.10016167583677E+03  0.00000000000000E+00  0.28113687750313E+02  0.11815605271585E+00
  0.64298230256423E+02 -0.11910941329282E-01  0.73543790103413E+03  0.33951312552759E-02  0.25833616294091E+04  0.00000000000000E+00 -0.34507403693027E+04  0.10395817174539E+03  0.00000000000000E+00  0.27140128558903E+02 -0.85105436522690E+00
  0.65052009833103E+02 -0.11133305861449E-01  0.71921620709265E+03  0.34348385958416E-02  0.25279568719371E+04  0.00000000000000E+00 -0.33823282671281E+04  0.10819091945551E+03  0.00000000000000E+00  0.25711710018443E+02 -0.12602570916727E+01
  0.65809208850543E+02 -0.10419522005687E-01  0.70340344242146E+03  0.33732299812816E-02  0.24737219999550E+04  0.00000000000000E+00 -0.33153560591574E+04  0.11263423640194E+03  0.00000000000000E+00  0.24601960957314E+02 -0.10014657136921E+01
  0.66569804783798E+02 -0.97494400137512E-02  0.68798194126306E+03  0.32400562903668E-02  0.24206095625561E+04  0.00000000000000E+00 -0.32499848908934E+04  0.11680231969711E+03  0.00000000000000E+00  0.24233160291781E+02 -0.36441646908915E+00
  0.67333775006869E+02 -0.91089070964127E-02  0.67293671165589E+03  0.30680482860142E-02  0.23686061692932E+04  0.00000000000000E+00 -0.31861079705980E+04  0.12040245531712E+03  0.00000000000000E+00  0.24450687487773E+02  0.28201229720517E+00
  0.68101096793386E+02 -0.84889595496143E-02  0.65825520196578E+03  0.28841458304527E-02  0.23177285178905E+04  0.00000000000000E+00 -0.31235016598917E+04  0.12349359799942E+03  0.00000000000000E+00  0.24807841236862E+02  0.77789438711569E+00
  0.68871747317274E+02 -0.78841325430307E-02  0.64392685127739E+03  0.27078679178799E-02  0.22679999103639E+04  0.00000000000000E+00 -0.30620402916285E+04  0.12624803195558E+03  0.00000000000000E+00  0.25045124077778E+02  0.11744497815669E+01
  0.69645703653434E+02 -0.72920866728890E-02  0.62994223395027E+03  0.25533332618100E-02  0.22194485120419E+04  0.00000000000000E+00 -0.30017753588345E+04  0.12859304543993E+03  0.00000000000000E+00  0.25275026180462E+02  0.14787200247088E+01
  0.70422942778430E+02 -0.67141045035468E-02  0.61629177531536E+03  0.24302707864100E-02  0.21721377444969E+04  0.00000000000000E+00 -0.29427694133365E+04  0.13021710006710E+03  0.00000000000000E+00  0.25625867412853E+02  0.14987901220287E+01
  0.71203441571170E+02 -0.61544879541924E-02  0.60296442674804E+03  0.23417369899993E-02  0.21261626526793E+04  0.00000000000000E+00 -0.28849079929266E+04  0.13103226725315E+03  0.00000000000000E+00  0.25837591592589E+02  0.10851325954738E+01
  0.71987176813594E+02 -0.56184214158343E-02  0.58994706065511E+03  0.22802870241531E-02  0.20815717091685E+04  0.00000000000000E+00 -0.28279785501396E+04  0.13143913144077E+03  0.00000000000000E+00  0.25464874181533E+02  0.44088717193858E+00
  0.72774125191363E+02 -0.51097307868485E-02  0.57722503242328E+03  0.22271357014476E-02  0.20382959455507E+04  0.00000000000000E+00 -0.27718914265739E+04  0.13196271107953E+03  0.00000000000000E+00  0.24401163695924E+02 -0.94564195334499E-02
  0.73564263294556E+02 -0.46303895135067E-02  0.56478337729823E+03  0.21573473622591E-02  0.19961754674075E+04  0.00000000000000E+00 -0.27167218710249E+04  0.13278863216812E+03  0.00000000000000E+00  0.22959166041434E+02 -0.17701151800395E-01
  0.74357567618366E+02 -0.41816363896384E-02  0.55260779374122E+03  0.20490939121664E-02  0.19550372109105E+04  0.00000000000000E+00 -0.26625752526533E+04  0.13376024067622E+03  0.00000000000000E+00  0.21513000046405E+02  0.34086017853917E+00
  0.75154014563796E+02 -0.37645929352661E-02  0.54068520207707E+03  0.18919443470736E-02  0.19147302844040E+04  0.00000000000000E+00 -0.26095310154761E+04  0.13462672280068E+03  0.00000000000000E+00  0.20321615318820E+02  0.83093647593228E+00
  0.75953580438366E+02 -0.33794504779760E-02  0.52900412781167E+03  0.16907575723025E-02  0.18751346940890E+04  0.00000000000000E+00 -0.25576737502665E+04  0.13518606053702E+03  0.00000000000000E+00  0.19587215872572E+02  0.12366593508182E+01
  0.76756241456811E+02 -0.30244573181214E-02  0.51755501340823E+03  0.14648287434060E-02  0.18361918357519E+04  0.00000000000000E+00 -0.25070427188757E+04  0.13534417399120E+03  0.00000000000000E+00  0.19381172972616E+02  0.14279176196607E+01
  0.77561973741798E+02 -0.26958398285140E-02  0.50633027661161E+03  0.12430090783901E-02  0.17979289262233E+04  0.00000000000000E+00 -0.24575454624506E+04  0.13515159920963E+03  0.00000000000000E+00  0.19513070126989E+02  0.13769568901548E+01
  0.78370753324626E+02 -0.23885541906354E-02  0.49532387832525E+03  0.10553290415524E-02  0.17604354675444E+04  0.00000000000000E+00 -0.24089831902664E+04  0.13478223554042E+03  0.00000000000000E+00  0.19615029673489E+02  0.11720875920013E+01
  0.79182556145944E+02 -0.20972945876764E-02  0.48453041497717E+03  0.92270762991138E-03  0.17237988485513E+04  0.00000000000000E+00 -0.23611708601816E+04  0.13447828960048E+03  0.00000000000000E+00  0.19382679964914E+02  0.10181983253379E+01
  0.79997358056472E+02 -0.18173319484625E-02  0.47394411308184E+03  0.84916317602383E-03  0.16880386264963E+04  0.00000000000000E+00 -0.23140540926808E+04  0.13439732538907E+03  0.00000000000000E+00  0.18810705471818E+02  0.11357095895140E+01
  0.80815134817706E+02 -0.15451548329078E-02  0.46355821739922E+03  0.82172417454475E-03  0.16530991381052E+04  0.00000000000000E+00 -0.22677014152582E+04  0.13441950149849E+03  0.00000000000000E+00  0.18173049849206E+02  0.15477681632332E+01
  0.81635862102653E+02 -0.12790661753931E-02  0.45336506483008E+03  0.81899402872869E-03  0.16188999157477E+04  0.00000000000000E+00 -0.22221684262898E+04  0.13420288575243E+03  0.00000000000000E+00  0.17700072281016E+02  0.19990522492766E+01
  0.82459515496545E+02 -0.10197574982047E-02  0.44335678407240E+03  0.82386523548204E-03  0.15853779783784E+04  0.00000000000000E+00 -0.21774042636125E+04  0.13347841427061E+03  0.00000000000000E+00  0.17336408424760E+02  0.21451256414901E+01
  0.83286070497572E+02 -0.77078499687108E-03  0.43352624440750E+03  0.83269868680674E-03  0.15524885096913E+04  0.00000000000000E+00 -0.21333021320342E+04  0.13227888147515E+03  0.00000000000000E+00  0.16847297810590E+02  0.18388632640440E+01
  0.84115502517605E+02 -0.53854353554134E-03  0.42386783271091E+03  0.85527563407655E-03  0.15201786052548E+04  0.00000000000000E+00 -0.20898458450370E+04  0.13085746588652E+03  0.00000000000000E+00  0.16167456244896E+02  0.12258317922217E+01
  0.84947786882933E+02 -0.33138155779085E-03  0.41437785350019E+03  0.90769759268442E-03  0.14883879534521E+04  0.00000000000000E+00 -0.20471455801688E+04  0.12945533258443E+03  0.00000000000000E+00  0.15494787484280E+02  0.57092316825612E+00
  0.85782898834994E+02 -0.15819722863669E-03  0.40505450712261E+03  0.10049417754716E-02  0.14570884532992E+04  0.00000000000000E+00 -0.20053130746050E+04  0.12821889660616E+03  0.00000000000000E+00  0.15019025712538E+02  0.68654880089042E-01
  0.86620813531106E+02 -0.26833897870765E-04  0.39589736221629E+03  0.11561981404410E-02  0.14263139264436E+04  0.00000000000000E+00 -0.19643732730425E+04  0.12724013732461E+03  0.00000000000000E+00  0.14729935398077E+02 -0.19078229564218E+00
  0.87461506045220E+02  0.57666467737803E-04  0.38690640093978E+03  0.13624311412922E-02  0.13961370868963E+04  0.00000000000000E+00 -0.19242969927301E+04  0.12657929663773E+03  0.00000000000000E+00  0.14493083322313E+02 -0.17970483636029E+00
  0.88304951368649E+02  0.94161071776149E-04  0.37808112871703E+03  0.16164854798071E-02  0.13666105244174E+04  0.00000000000000E+00 -0.18850899885181E+04  0.12617744980324E+03  0.00000000000000E+00  0.14270060733980E+02  0.50885800080962E-01
  0.89151124410815E+02  0.85351373428631E-04  0.36942019787736E+03  0.19057239528636E-02  0.13377496233141E+04  0.00000000000000E+00 -0.18467906645290E+04  0.12578216183720E+03  0.00000000000000E+00  0.14139346865541E+02  0.30265644052629E+00
  0.90000000000000E+02  0.37811823256832E-04  0.36092142651084E+03  0.22142026591658E-02  0.13095703547654E+04  0.00000000000000E+00 -0.18093632717755E+04  0.12511634270223E+03  0.00000000000000E+00  0.14049095240002E+02  0.29619945737645E+00
  0.90851552884089E+02 -0.37372295456096E-04  0.35258189742604E+03  0.25229450573617E-02  0.12821051082597E+04  0.00000000000000E+00 -0.17726951800856E+04  0.12411326722738E+03  0.00000000000000E+00  0.13781353050209E+02 -0.11106854951133E+00
  0.91705757731324E+02 -0.12486142435051E-03  0.34439808712718E+03  0.28108304956801E-02  0.12553765414254E+04  0.00000000000000E+00 -0.17366948327040E+04  0.12295913088335E+03  0.00000000000000E+00  0.13161390947549E+02 -0.79699635139659E+00
  0.92562589131059E+02 -0.20660013086681E-03  0.33636609798585E+03  0.30575982167941E-02  0.12293680134372E+04  0.00000000000000E+00 -0.17013381808911E+04  0.12199194782360E+03  0.00000000000000E+00  0.12183174381645E+02 -0.14260962646707E+01
  0.93422021594510E+02 -0.26375945185545E-03  0.32848196646140E+03  0.32475865356795E-02  0.12040132622364E+04  0.00000000000000E+00 -0.16666657549988E+04  0.12150767742268E+03  0.00000000000000E+00  0.11029998943812E+02 -0.16298661073855E+01
  0.94284029555521E+02 -0.27985244203375E-03  0.32074190568825E+03  0.33731861507973E-02  0.11792124133833E+04  0.00000000000000E+00 -0.16327569901716E+04  0.12159965535248E+03  0.00000000000000E+00  0.10007402299388E+02 -0.11925201144907E+01
  0.95148587371320E+02 -0.24579077209547E-03  0.31314240032010E+03  0.34373765575252E-02  0.11548632104196E+04  0.00000000000000E+00 -0.15996996498281E+04  0.12212380846394E+03  0.00000000000000E+00  0.94384819981340E+01 -0.12855704047257E+00
  0.96015669323281E+02 -0.16396978193158E-03  0.30568020516038E+03  0.34528219593511E-02  0.11308985624834E+04  0.00000000000000E+00 -0.15675467127122E+04  0.12269536709386E+03  0.00000000000000E+00  0.95406713964687E+01  0.12713822740085E+01
  0.96885249617695E+02 -0.47862795068921E-04  0.29835228919428E+03  0.34362426468860E-02  0.11073195359806E+04  0.00000000000000E+00 -0.15362425923942E+04  0.12281251411123E+03  0.00000000000000E+00  0.10240686207065E+02  0.24858214787669E+01
  0.97757302386524E+02  0.82077395528202E-04  0.29115566671255E+03  0.34015640260785E-02  0.10841872750802E+04  0.00000000000000E+00 -0.15056119495709E+04  0.12216914527478E+03  0.00000000000000E+00  0.11149773092785E+02  0.30533942308371E+01
  0.98631801688190E+02  0.20400663618765E-03  0.28408705057631E+03  0.33563060818396E-02  0.10615692333248E+04  0.00000000000000E+00 -0.14754686467297E+04  0.12086458123036E+03  0.00000000000000E+00  0.11843357440721E+02  0.28991361551840E+01
  0.99508721508331E+02  0.30041512724532E-03  0.27714244845467E+03  0.33020508708167E-02  0.10394983304736E+04  0.00000000000000E+00 -0.14457221659570E+04  0.11925661660308E+03  0.00000000000000E+00  0.12130256281575E+02  0.23090883219079E+01
  0.10038803576058E+03  0.36181774550758E-03  0.27031701293309E+03  0.32367588320479E-02  0.10179797653046E+04  0.00000000000000E+00 -0.14163755160154E+04  0.11762720171714E+03  0.00000000000000E+00  0.12041191673615E+02  0.15932541896504E+01
  0.10126971828734E+03  0.38753692745634E-03  0.26360537474927E+03  0.31565460560374E-02  0.99701130028504E+03  0.00000000000000E+00 -0.13874690542922E+04  0.11602795198856E+03  0.00000000000000E+00  0.11682823330955E+02  0.86194014463643E+00
  0.10215374286057E+03  0.38463641166788E-03  0.25700239193256E+03  0.30562889025087E-02  0.97658263507855E+03  0.00000000000000E+00 -0.13590481077761E+04  0.11439615931399E+03  0.00000000000000E+00  0.11168156602681E+02  0.10467607699371E+00
  0.10304008318255E+03  0.36515733398220E-03  0.25050395020161E+03  0.29299913406556E-02  0.95666617921055E+03  0.00000000000000E+00 -0.13311460792277E+04  0.11274018110944E+03  0.00000000000000E+00  0.10596307852508E+02 -0.63616570488345E+00
  0.10392871288667E+03  0.33972973485032E-03  0.24410737934452E+03  0.27723180257049E-02  0.93721030297176E+03  0.00000000000000E+00 -0.13037838165820E+04  0.11119294498667E+03  0.00000000000000E+00  0.10057198858938E+02 -0.12128783723544E+01
  0.10481960553824E+03  0.30844962638307E-03  0.23781134585709E+03  0.25824488616209E-02  0.91814468845528E+03  0.00000000000000E+00 -0.12769796915268E+04  0.10988803820932E+03  0.00000000000000E+00  0.96451190585697E+01 -0.14876090480202E+01
  0.10571273463521E+03  0.25885913010974E-03  0.23161541258288E+03  0.23692128614913E-02  0.89941820140178E+03  0.00000000000000E+00 -0.12507054629330E+04  0.10888164072947E+03  0.00000000000000E+00  0.93379192757733E+01 -0.14496608710585E+01
  0.10660807360904E+03  0.17839036092560E-03  0.22551952259702E+03  0.21523155715532E-02  0.88101985343153E+03  0.00000000000000E+00 -0.12248821415528E+04  0.10822438178345E+03  0.00000000000000E+00  0.89716279050237E+01 -0.11444251298081E+01
  0.10750559582543E+03  0.70592124313489E-04  0.21952363973682E+03  0.19547981747983E-02  0.86294066071326E+03  0.00000000000000E+00 -0.11994941068142E+04  0.10793251381103E+03  0.00000000000000E+00  0.85084711380276E+01 -0.58679602477643E+00
  0.10840527458514E+03 -0.42063971403000E-04  0.21362768908686E+03  0.17901517331086E-02  0.84514614568942E+03  0.00000000000000E+00 -0.11746355657818E+04  0.10782341818164E+03  0.00000000000000E+00  0.81697405746125E+01  0.13317583850839E+00
  0.10930708312478E+03 -0.13101673976960E-03  0.20783169416322E+03  0.16547349680006E-02  0.82761241510280E+03  0.00000000000000E+00 -0.11503991518577E+04  0.10750390107624E+03  0.00000000000000E+00  0.81961561755431E+01  0.74653837832786E+00
  0.11021099461759E+03 -0.17790960000974E-03  0.20213582448893E+03  0.15320519834419E-02  0.81037479750924E+03  0.00000000000000E+00 -0.11267556140174E+04  0.10663254622639E+03  0.00000000000000E+00  0.85474701508660E+01  0.93637850044767E+00
  0.11111698217428E+03 -0.18338860785303E-03  0.19654018536177E+03  0.14043275496885E-02  0.79352178809303E+03  0.00000000000000E+00 -0.11035477252369E+04  0.10523557764761E+03  0.00000000000000E+00  0.88539565087352E+01  0.60500331322689E+00
  0.11202501884378E+03 -0.16654870083642E-03  0.19104445605735E+03  0.12621099558052E-02  0.77713059833054E+03  0.00000000000000E+00 -0.10806039320757E+04  0.10376384674329E+03  0.00000000000000E+00  0.86782256278920E+01  0.14290244646986E-01
  0.11293507761406E+03 -0.15678402186626E-03  0.18564767426131E+03  0.11070925979235E-02  0.76119995827339E+03  0.00000000000000E+00 -0.10579053474493E+04  0.10272931213461E+03  0.00000000000000E+00  0.79344162208133E+01 -0.39303625062679E+00
  0.11384713141295E+03 -0.18024356918565E-03  0.18034836012727E+03  0.94855854142839E-03  0.74565198489268E+03  0.00000000000000E+00 -0.10356040910327E+04  0.10227248579413E+03  0.00000000000000E+00  0.69727504276559E+01 -0.35774147594606E+00
  0.11476115310893E+03 -0.24762271999357E-03  0.17514481294624E+03  0.79651591268093E-03  0.73039450604640E+03  0.00000000000000E+00 -0.10138720167776E+04  0.10213218782186E+03  0.00000000000000E+00  0.62443085646130E+01  0.44347494673630E-01
  0.11567711551194E+03 -0.35113044851537E-03  0.17003525459048E+03  0.65583703638174E-03  0.71537895620121E+03  0.00000000000000E+00 -0.99275935389484E+03  0.10195164637586E+03  0.00000000000000E+00  0.59458261127748E+01  0.55263409207983E+00
  0.11659499137418E+03 -0.47057847079416E-03  0.16501773015383E+03  0.52465998348556E-03  0.70061185393461E+03  0.00000000000000E+00 -0.97217528675939E+03  0.10157739602380E+03  0.00000000000000E+00  0.59313405201808E+01  0.96308795454667E+00
  0.11751475339093E+03 -0.58154354021728E-03  0.16008997863649E+03  0.39702511100487E-03  0.68611781905353E+03  0.00000000000000E+00 -0.95200275130349E+03  0.10107312703872E+03  0.00000000000000E+00  0.59571161492351E+01  0.12351050560670E+01
  0.11843637420138E+03 -0.66125322406710E-03  0.15524953521716E+03  0.26693695558568E-03  0.67190368858711E+03  0.00000000000000E+00 -0.93219849796153E+03  0.10052225305732E+03  0.00000000000000E+00  0.59285741586628E+01  0.14051587424532E+01
  0.11935982638940E+03 -0.69423953365812E-03  0.15049409024751E+03  0.13142880292264E-03  0.65796141810452E+03  0.00000000000000E+00 -0.91277125841390E+03  0.99890108008077E+02  0.00000000000000E+00  0.58864710415573E+01  0.14602661770385E+01
  0.12028508248440E+03 -0.67783862889635E-03  0.14582184689555E+03 -0.80586294043265E-05  0.64428853659027E+03  0.00000000000000E+00 -0.89372003313623E+03  0.99053396503406E+02  0.00000000000000E+00  0.58729625420534E+01  0.13160234977938E+01
  0.12121211496211E+03 -0.62402594157764E-03  0.14123163868380E+03 -0.14655922836618E-03  0.63089001976975E+03  0.00000000000000E+00 -0.87503461216233E+03  0.97917575733149E+02  0.00000000000000E+00  0.58999860807296E+01  0.90383751992353E+00
  0.12214089624543E+03 -0.55850842980488E-03  0.13672280937928E+03 -0.27860351566790E-03  0.61776385477571E+03  0.00000000000000E+00 -0.85671711804343E+03  0.96513630600528E+02  0.00000000000000E+00  0.59741084568171E+01  0.25644805696338E+00
  0.12307139870524E+03 -0.51807469772546E-03  0.13229497029176E+03 -0.40150288849333E-03  0.60489831346940E+03  0.00000000000000E+00 -0.83875888304275E+03  0.95046759502659E+02  0.00000000000000E+00  0.60525122632402E+01 -0.46724709328002E+00
  0.12400359466120E+03 -0.54219542481206E-03  0.12794771736939E+03 -0.51691591138515E-03  0.59227890464914E+03  0.00000000000000E+00 -0.82115755401409E+03  0.93776139906928E+02  0.00000000000000E+00  0.61087235785840E+01 -0.10471276213920E+01
  0.12493745638262E+03 -0.65882172493850E-03  0.12368037399760E+03 -0.62977515680681E-03  0.57990020137102E+03  0.00000000000000E+00 -0.80393841910153E+03  0.92830233163427E+02  0.00000000000000E+00  0.61936346094756E+01 -0.13352645568886E+01
  0.12587295608923E+03 -0.87258681981455E-03  0.11949188510304E+03 -0.74483699691553E-03  0.56777261916219E+03  0.00000000000000E+00 -0.78712573708069E+03  0.92186342368839E+02  0.00000000000000E+00  0.63641704218969E+01 -0.13123374485396E+01
  0.12681006595205E+03 -0.11631829450407E-02  0.11538094581382E+03 -0.86293058468456E-03  0.55591910751835E+03  0.00000000000000E+00 -0.77071440446098E+03  0.91749161596649E+02  0.00000000000000E+00  0.66132239671003E+01 -0.10539916785887E+01
  0.12774875809420E+03 -0.14945574324169E-02  0.11134625074270E+03 -0.97962538360674E-03  0.54436864451041E+03  0.00000000000000E+00 -0.75466623821327E+03  0.91423416811005E+02  0.00000000000000E+00  0.68568166957507E+01 -0.67358363622552E+00
  0.12868900459172E+03 -0.18279019171181E-02  0.10738667279790E+03 -0.10867639104394E-02  0.53314507911599E+03  0.00000000000000E+00 -0.73893930805174E+03  0.91134365699785E+02  0.00000000000000E+00  0.69994315602089E+01 -0.27667354368447E+00
  0.12963077747442E+03 -0.21303683078596E-02  0.10350128311560E+03 -0.11750662464083E-02  0.52225996784214E+03  0.00000000000000E+00 -0.72351070443445E+03  0.90824484617970E+02  0.00000000000000E+00  0.69936427812386E+01  0.65368487949456E-01
  0.13057404872671E+03 -0.23783238564945E-02  0.99689247427461E+02 -0.12362813929214E-02  0.51171101964996E+03  0.00000000000000E+00 -0.70837292038844E+03  0.90467586219092E+02  0.00000000000000E+00  0.68387088102050E+01  0.33002711303374E+00
  0.13151879028842E+03 -0.25580693977868E-02  0.95949709671566E+02 -0.12645219899609E-02  0.50147761501704E+03  0.00000000000000E+00 -0.69353560449851E+03  0.90072016417821E+02  0.00000000000000E+00  0.65873667006413E+01  0.54728071716517E+00
  0.13246497405563E+03 -0.26650027062567E-02  0.92281757278596E+02 -0.12569770526628E-02  0.49152349543737E+03  0.00000000000000E+00 -0.67902679169899E+03  0.89634358665615E+02  0.00000000000000E+00  0.63411512267738E+01  0.75004892960912E+00
  0.13341257188155E+03 -0.27007021302306E-02  0.88684456334346E+02 -0.12138575274996E-02  0.48181641133587E+03  0.00000000000000E+00 -0.66486316334160E+03  0.89128902323931E+02  0.00000000000000E+00  0.61576694474047E+01  0.92036154028472E+00
  0.13436155557728E+03 -0.26684208670558E-02  0.85156892263589E+02 -0.11374469866925E-02  0.47233933393783E+03  0.00000000000000E+00 -0.65103707877480E+03  0.88556373578186E+02  0.00000000000000E+00  0.60133876124735E+01  0.10251027494274E+01
  0.13531189691273E+03 -0.25701556712358E-02  0.81698214306297E+02 -0.10319166789877E-02  0.46308385499173E+03  0.00000000000000E+00 -0.63753713513316E+03  0.87946870676339E+02  0.00000000000000E+00  0.58711355613583E+01  0.10593383302180E+01
  0.13626356761741E+03 -0.24087211930104E-02  0.78307714535943E+02 -0.90537508050793E-03  0.45404561565072E+03  0.00000000000000E+00 -0.62436159065771E+03  0.87309771425102E+02  0.00000000000000E+00  0.57226141969215E+01  0.10208110546953E+01
  0.13721653938129E+03 -0.21927199063629E-02  0.74984907953616E+02 -0.77141909351793E-03  0.44522464681394E+03  0.00000000000000E+00 -0.61151558757180E+03  0.86624571276554E+02  0.00000000000000E+00  0.55760933846770E+01  0.89166771799588E+00
  0.13817078385562E+03 -0.19381668367100E-02  0.71729551431193E+02 -0.64622852248608E-03  0.43662075118615E+03  0.00000000000000E+00 -0.59900218534291E+03  0.85893326013292E+02  0.00000000000000E+00  0.54328897760281E+01  0.67174866839856E+00
  0.13912627265381E+03 -0.16647311247233E-02  0.68541598264619E+02 -0.54254012719773E-03  0.42822568456649E+03  0.00000000000000E+00 -0.58682717131273E+03  0.85173070177478E+02  0.00000000000000E+00  0.53047422960074E+01  0.41571672060697E+00
  0.14008297735225E+03 -0.13905824704651E-02  0.65421131246118E+02 -0.46569308525121E-03  0.42002492456925E+03  0.00000000000000E+00 -0.57500640191467E+03  0.84528080497830E+02  0.00000000000000E+00  0.52377809099148E+01  0.20365903289218E+00
  0.14104086949114E+03 -0.11296928052911E-02  0.62368301750692E+02 -0.41411739228654E-03  0.41200856039712E+03  0.00000000000000E+00 -0.56354922092087E+03  0.83970434106364E+02  0.00000000000000E+00  0.52747070682762E+01  0.71238591382638E-01
  0.14199992057539E+03 -0.89164806267425E-03  0.59383280779038E+02 -0.38232506828821E-03  0.40417509934008E+03  0.00000000000000E+00 -0.55245072496370E+03  0.83454769457176E+02  0.00000000000000E+00  0.54277611897966E+01 -0.11088170739704E-01
  0.14296010207540E+03 -0.68209918423229E-03  0.56466234408742E+02 -0.36363919612668E-03  0.39653048963318E+03  0.00000000000000E+00 -0.54170444090741E+03  0.82906250188255E+02  0.00000000000000E+00  0.56931867847625E+01 -0.10932563085188E+00
  0.14392138542796E+03 -0.50294537100329E-03  0.53617336070307E+02 -0.35169030871313E-03  0.38909459594576E+03  0.00000000000000E+00 -0.53129533484722E+03  0.82278181575247E+02  0.00000000000000E+00  0.60260426238635E+01 -0.28003326772274E+00
  0.14488374203710E+03 -0.35279325466780E-03  0.50836791476602E+02 -0.34124140732398E-03  0.38190408877895E+03  0.00000000000000E+00 -0.52118849922012E+03  0.81617418880454E+02  0.00000000000000E+00  0.63205647583417E+01 -0.51032936043543E+00
  0.14584714327488E+03 -0.22811569676400E-03  0.48124824883567E+02 -0.32888857549336E-03  0.37499783582283E+03  0.00000000000000E+00 -0.51135374901760E+03  0.81040399816602E+02  0.00000000000000E+00  0.64880202826772E+01 -0.70322521619634E+00
  0.14681156048232E+03 -0.12462428136632E-03  0.45481626239638E+02 -0.31349393638669E-03  0.36839780498482E+03  0.00000000000000E+00 -0.50179361887379E+03  0.80617731782770E+02  0.00000000000000E+00  0.65396242749539E+01 -0.75726970981870E+00
  0.14777696497021E+03 -0.38199167412345E-04  0.42907321121632E+02 -0.29594288784441E-03  0.36210387339456E+03  0.00000000000000E+00 -0.49252289042535E+03  0.80323725224813E+02  0.00000000000000E+00  0.65344979673199E+01 -0.65380685908263E+00
  0.14874332801995E+03  0.34736305641573E-04  0.40402007210747E+02 -0.27819541537173E-03  0.35609804520283E+03  0.00000000000000E+00 -0.48353805079485E+03  0.80103855019328E+02  0.00000000000000E+00  0.64867683876551E+01 -0.44761843340615E+00
  0.14971062088446E+03  0.97103229789842E-04  0.37965842158145E+02 -0.26214559719338E-03  0.35034840290569E+03  0.00000000000000E+00 -0.47482708729609E+03  0.79929791386702E+02  0.00000000000000E+00  0.63774252463483E+01 -0.20579064157435E+00
  0.15067881478897E+03  0.15114746561038E-03  0.35599126977434E+02 -0.24886293145086E-03  0.34481648174737E+03  0.00000000000000E+00 -0.46638701904088E+03  0.79789061669219E+02  0.00000000000000E+00  0.62069098996062E+01  0.24463537283893E-01
  0.15164788093193E+03  0.19856232982244E-03  0.33302331108248E+02 -0.23833829449345E-03  0.33946903404683E+03  0.00000000000000E+00 -0.45822355172575E+03  0.79672132997365E+02  0.00000000000000E+00  0.60069922963568E+01  0.22689894708054E+00
  0.15261779048581E+03  0.24068083983216E-03  0.31076059324351E+02 -0.22953367629241E-03  0.33428670578183E+03  0.00000000000000E+00 -0.45035294174745E+03  0.79554787224982E+02  0.00000000000000E+00  0.58398283842877E+01  0.40445011516629E+00
  0.15358851459804E+03  0.27851258173001E-03  0.28921008802558E+02 -0.22066709332066E-03  0.32926749767505E+03  0.00000000000000E+00 -0.44279547587190E+03  0.79378623805992E+02  0.00000000000000E+00  0.57672238709072E+01  0.53893612809177E+00
  0.15456002439176E+03  0.31265844426160E-03  0.26837951791968E+02 -0.20977329364468E-03  0.32442424074037E+03  0.00000000000000E+00 -0.43555479867630E+03  0.79091113420266E+02  0.00000000000000E+00  0.57922899461308E+01  0.59090010758388E+00
  0.15553229096678E+03  0.34337161643148E-03  0.24827740769867E+02 -0.19527800678799E-03  0.31977511719365E+03  0.00000000000000E+00 -0.42861374514723E+03  0.78708329756948E+02  0.00000000000000E+00  0.58550280734719E+01  0.55261874031898E+00
  0.15650528540039E+03  0.37068995643182E-03  0.22891312115213E+02 -0.17621545318587E-03  0.31533252268051E+03  0.00000000000000E+00 -0.42195313337738E+03  0.78303903908199E+02  0.00000000000000E+00  0.58957495211082E+01  0.47054932215634E+00
  0.15747897874822E+03  0.39431038900723E-03  0.21029666387524E+02 -0.15220978569001E-03  0.31109661680181E+03  0.00000000000000E+00 -0.41557020983375E+03  0.77929102402368E+02  0.00000000000000E+00  0.59134372012943E+01  0.39885505984917E+00
  0.15845334204511E+03  0.41335483729263E-03  0.19243823695740E+02 -0.12359513327059E-03  0.30705741339925E+03  0.00000000000000E+00 -0.40947626152880E+03  0.77566411063254E+02  0.00000000000000E+00  0.59547995113838E+01  0.34647590053219E+00
  0.15942834630597E+03  0.42655670903545E-03  0.17534771440252E+02 -0.91589204555227E-04  0.30320460689696E+03  0.00000000000000E+00 -0.40367468416400E+03  0.77172185514722E+02  0.00000000000000E+00  0.60465917125030E+01  0.28380636793231E+00
  0.16040396252665E+03  0.43290738768562E-03  0.15903415825785E+02 -0.58153607957536E-04  0.29953594466858E+03  0.00000000000000E+00 -0.39814904680564E+03  0.76737572695757E+02  0.00000000000000E+00  0.61595189140896E+01  0.18778005235167E+00
  0.16138016168478E+03  0.43226756491223E-03  0.14350534461248E+02 -0.25539387135124E-04  0.29605648852379E+03  0.00000000000000E+00 -0.39287704324432E+03  0.76294872916817E+02  0.00000000000000E+00  0.62426939277067E+01  0.67953313421249E-01
  0.16235691474068E+03  0.42562120153750E-03  0.12876734674384E+02  0.43020682637578E-05  0.29277271134460E+03  0.00000000000000E+00 -0.38784898553762E+03  0.75898771743476E+02  0.00000000000000E+00  0.62664215973906E+01 -0.33916254505520E-01
  0.16333419263816E+03  0.41485701007014E-03  0.11482436833154E+02  0.30446113196264E-04  0.28968728065613E+03  0.00000000000000E+00 -0.38307417374351E+03  0.75605218454597E+02  0.00000000000000E+00  0.62374684089310E+01 -0.61324087566639E-01
  0.16431196630542E+03  0.40199816072787E-03  0.10167895748533E+02  0.53676875910910E-04  0.28679615040993E+03  0.00000000000000E+00 -0.37857529877224E+03  0.75421848835704E+02  0.00000000000000E+00  0.61997471693604E+01  0.10799066328588E-01
  0.16529020665594E+03  0.38822685493636E-03  0.89332519323184E+01  0.76601338332922E-04  0.28409261583703E+03  0.00000000000000E+00 -0.37436011549149E+03  0.75284363814226E+02  0.00000000000000E+00  0.61833070471502E+01  0.13388796742786E+00
  0.16626888458929E+03  0.37342109082007E-03  0.77785877485945E+01  0.10286227475634E-03  0.28157352955113E+03  0.00000000000000E+00 -0.37039902381710E+03  0.75122013591265E+02  0.00000000000000E+00  0.61477089479671E+01  0.22329230522507E+00
  0.16724797099203E+03  0.35652243157887E-03  0.67039644608616E+01  0.13578869569224E-03  0.27923577001191E+03  0.00000000000000E+00 -0.36665424403323E+03  0.74924935131000E+02  0.00000000000000E+00  0.60309305137570E+01  0.24184839543194E+00
  0.16822743673857E+03  0.33626362693473E-03  0.57094324066581E+01  0.17729841929948E-03  0.27706843449585E+03  0.00000000000000E+00 -0.36312702294237E+03  0.74714138765572E+02  0.00000000000000E+00  0.58482310067226E+01  0.21372729447312E+00
  0.16920725269205E+03  0.31161161256653E-03  0.47950218337011E+01  0.22747643207905E-03  0.27505544564046E+03  0.00000000000000E+00 -0.35985367551381E+03  0.74476022663459E+02  0.00000000000000E+00  0.56891295802409E+01  0.16248329209521E+00
  0.17018738970516E+03  0.28184804596362E-03  0.39607277496559E+01  0.28448325765710E-03  0.27318689146048E+03  0.00000000000000E+00 -0.35685841415530E+03  0.74175939421424E+02  0.00000000000000E+00  0.56141866308017E+01  0.79897438363382E-01
  0.17116781862106E+03  0.24669012861931E-03  0.32064997378288E+01  0.34440655756379E-03  0.27146381085729E+03  0.00000000000000E+00 -0.35413512384171E+03  0.73817359953038E+02  0.00000000000000E+00  0.56045067172438E+01 -0.42355479622749E-01
  0.17214851027424E+03  0.20673394284160E-03  0.25322415603473E+01  0.40146156140071E-03  0.26989271375311E+03  0.00000000000000E+00 -0.35167450734258E+03  0.73456379931893E+02  0.00000000000000E+00  0.56110188936527E+01 -0.18154500807040E+00
  0.17312943549134E+03  0.16391742050202E-03  0.19378207195148E+01  0.44930541892195E-03  0.26847898108037E+03  0.00000000000000E+00 -0.34948907077442E+03  0.73173135343815E+02  0.00000000000000E+00  0.56141792288699E+01 -0.28434117901470E+00
  0.17411056509208E+03  0.12141862588460E-03  0.14230838704375E+01  0.48322360254901E-03  0.26722464031088E+03  0.00000000000000E+00 -0.34760689298495E+03  0.73034092941362E+02  0.00000000000000E+00  0.56327665500951E+01 -0.29170466995252E+00
  0.17509186989009E+03  0.82833289277360E-04  0.98787192242115E+00  0.50184302260123E-03  0.26613007149293E+03  0.00000000000000E+00 -0.34604853968494E+03  0.73062585666556E+02  0.00000000000000E+00  0.56934372754231E+01 -0.17398865129782E+00
  0.17607332069378E+03  0.51034208526919E-04  0.63203179207446E+00  0.50731844681377E-03  0.26519805201007E+03  0.00000000000000E+00 -0.34481447612478E+03  0.73234461961925E+02  0.00000000000000E+00  0.58036675393205E+01  0.54295531265794E-01
  0.17705488830723E+03  0.27359266223743E-04  0.35542535744252E+00  0.50412219083645E-03  0.26443769665361E+03  0.00000000000000E+00 -0.34389128037855E+03  0.73486117047123E+02  0.00000000000000E+00  0.59524829244063E+01  0.34097308549379E+00
  0.17803654353105E+03  0.11617201328889E-04  0.15793695386895E+00  0.49735788946060E-03  0.26386625730025E+03  0.00000000000000E+00 -0.34326050164416E+03  0.73732842893536E+02  0.00000000000000E+00  0.61164250990724E+01  0.61346957765463E+00
  0.17901825716322E+03  0.28125603920478E-05  0.39479712853778E-01  0.49139738409658E-03  0.26350761265651E+03  0.00000000000000E+00 -0.34289904102821E+03  0.73903596649818E+02  0.00000000000000E+00  0.62526324453162E+01  0.80477464623231E+00
  0.18000000000000E+03 -0.10101471118132E-14 -0.18496171107247E-14  0.48908530008806E-03  0.26338477713447E+03  0.00000000000000E+00 -0.34278235889689E+03  0.73963230409405E+02  0.00000000000000E+00  0.63068820569235E+01  0.87301978920580E+00
