 % Spectral simulation Chan180_S4_B3
 % 
 % Papers: 
 % 
 % 1. A.W. Vreman and J.G.M. Kuerten, Comparison of DNS databases of turbulent 
 %    channel flow at Re_tau=180, Phys. Fluids 26, 015102 (2014). 
 % 2. A.W. Vreman and J.G.M. Kuerten, Statistics of spatial derivatives of 
 %    velocity and pressure in turbulent channel flow, Phys. Fluids 26, 
 %    085103 (2014).
 % 3. A.W. Vreman and J.G.M. Kuerten, A third-order multistep time 
 %    discretization for a Cheyshev tau spectral method. 
 % 
 % The simulations "*_B3" were performed with a modified spectral method: 
 %  - The time discretization scheme was replaced by the third-order time 
 %    discretization scheme B3, defined in Ref. 3 mentioned above. 
 %  - The right-hand side of the pressure Poisson equation was -u_{i,k}u_{k,i}
 %    (instead of minus the divergence of the rotational form of the
 %    convective terms). Thus the Laplacian of the pressure is zero to 
 %    machine precision at the walls, which leads to improved behaviour of  
 %    higher-order moments of pressure derivatives in the first few grid 
 %    points of the wall. The pressure Poisson equation was used for 
 %    post-processing only. 
 %
 % Parameters:     H=1; nu=1/180; forcing=1
 % Domain:         4pi x  2  x 2pi/3
 % Resolution:     576 x 577 x 385
 % Averaging time: 100
 % Computed u_tau: 0.99970
 %
 % Creation date of the columns in this datafile: 3 February 2015
 %
 % Data format:    288 rows, 11 columns
 %
 % Budget of < vor_i' vor_i' > (2 times turbulent enstrophy), summation over i,k    
 % 
 % Description of columns:
 %
 % Column   1:  y+ (=180*y)
 % Column   2:  M1_vor
 % Column   3:  M2_vor
 %          M1_vor + M2_vor = 2 <vor'_i vor'_k> <u_{i,k}> + 2 <vor'_i u'_{i,k}> <vor_k>  
 % Column   4:  M3_vor        -2<vor'_i u'_{i,k}> <vor_{i,k}> 
 % Column   5:  G_vor         -2<vor'_i vor'_k u'_{i,k}>
 % Column   6:  0
 % Column   7: -2*nu*B_vor    -2*nu*<vor'_{i,k} vor'_{i,k}>
 % Column   8:  Tt_vor        -<u'_k vor'_i vor'_i >_{,k}
 % Column   9:  0
 % Column  10:  Tv_vor        nu*<vor_i' vor_i'>_{,kk}
 % Column  11:  total         (M1+M2+M3+G-2*nu*B+Tt+Tv)_vor 
  0.26772949043941E-02  0.46557418595743E+02 -0.12090406563742E-01 -0.34647756608312E-03  0.50893973671694E+02  0.00000000000000E+00 -0.11133382513930E+06  0.16960668503610E+02  0.00000000000000E+00  0.11123656109187E+06  0.17135576456218E+02
  0.10709099973005E-01  0.18642649288670E+03 -0.19148676105319E+00 -0.55507651636310E-02  0.20363244451446E+03  0.00000000000000E+00 -0.11066164901704E+06  0.67814390886365E+02  0.00000000000000E+00  0.11022106721038E+06  0.17094484100351E+02
  0.24095176279195E-01  0.42019751598435E+03 -0.95297751209991E+00 -0.28164016299717E-01  0.45839385204465E+03  0.00000000000000E+00 -0.10956275175616E+06  0.15248484038796E+03  0.00000000000000E+00  0.10854968037608E+06  0.17023686807530E+02
  0.42835125616196E-01  0.74885328091305E+03 -0.29399385440154E+01 -0.89313254741312E-01  0.81550315627879E+03  0.00000000000000E+00 -0.10806839269884E+06  0.27087179043732E+03  0.00000000000000E+00  0.10625312131538E+06  0.16927592369946E+02
  0.66928390514998E-01  0.11737658571720E+04 -0.69547877411741E+01 -0.21908423744824E+00  0.12754672234644E+04  0.00000000000000E+00 -0.10622070624655E+06  0.42288700859036E+03  0.00000000000000E+00  0.10337256716055E+06  0.16807131251058E+02
  0.96374254253397E-01  0.16966888097036E+04 -0.13866219558175E+02 -0.45720109660413E+00  0.18390129176097E+04  0.00000000000000E+00 -0.10407116740147E+06  0.60849533679869E+03  0.00000000000000E+00  0.99957959101846E+05  0.16665343829562E+02
  0.13117184088660E+00  0.23197418016371E+04 -0.24497534292982E+02 -0.85415386002975E+00  0.25071174844505E+04  0.00000000000000E+00 -0.10167874721688E+06  0.82775237230120E+03  0.00000000000000E+00  0.96065991933078E+05  0.16504686429602E+02
  0.17132011526520E+00  0.30453839344874E+04 -0.39501227874740E+02 -0.14729785969450E+01  0.32810192138198E+04  0.00000000000000E+00 -0.99107844075170E+05  0.10808280242513E+04  0.00000000000000E+00  0.91757915602076E+05  0.16328492993169E+02
  0.21681788306941E+00  0.38763717856619E+04 -0.59225611124261E+02 -0.23919558089385E+01  0.41621956375202E+04  0.00000000000000E+00 -0.96426085518489E+05  0.13680039909676E+04  0.00000000000000E+00  0.87097271529624E+05  0.16139858351511E+02
  0.26766379084320E+00  0.48156979274667E+04 -0.83579565357756E+02 -0.37085611052737E+01  0.51522967212308E+04  0.00000000000000E+00 -0.93702099427414E+05  0.16896321048388E+04  0.00000000000000E+00  0.82147703069604E+05  0.15942269262800E+02
  0.32385632603760E+00  0.58665057726316E+04 -0.11190161340795E+03 -0.55450769572897E+01  0.62530216661613E+04  0.00000000000000E+00 -0.91003352788989E+05  0.20460406402354E+04  0.00000000000000E+00  0.76970970397961E+05  0.15738997635242E+02
  0.38539381705199E+00  0.70319769036548E+04 -0.14283930670641E+03 -0.80563517944316E+01  0.74659300646961E+04  0.00000000000000E+00 -0.88394151415281E+05  0.24373764181415E+04  0.00000000000000E+00  0.71625297100356E+05  0.15533413066165E+02
  0.45227443328640E+00  0.83151876215952E+04 -0.17424452806472E+03 -0.11440265780557E+02  0.87921812830033E+04  0.00000000000000E+00 -0.85933885119158E+05  0.28633731354618E+04  0.00000000000000E+00  0.66164156486217E+05  0.15328613273305E+02
  0.52449618519541E+00  0.97189323114890E+04 -0.20308972393831E+03 -0.15951519526252E+02  0.10232200129569E+05  0.00000000000000E+00 -0.83675590331382E+05  0.33230402934300E+04  0.00000000000000E+00  0.60635586420795E+05  0.15127580436871E+02
  0.60205692434760E+00  0.11245512387313E+05 -0.22540935260202E+03 -0.21919385187359E+02  0.11785272194444E+05  0.00000000000000E+00 -0.81664886121515E+05  0.38142737750814E+04  0.00000000000000E+00  0.55082089441983E+05  0.14932939515740E+02
  0.68495434348500E+00  0.12896491073409E+05 -0.23627001080039E+03 -0.29770024641959E+02  0.13449078788127E+05  0.00000000000000E+00 -0.79939320106959E+05  0.43333980084226E+04  0.00000000000000E+00  0.49541139298399E+05  0.14747025956007E+02
  0.77318597660221E+00  0.14672416123820E+05 -0.22977182357159E+03 -0.40053855640374E+02  0.15219189182831E+05  0.00000000000000E+00 -0.78528137791729E+05  0.48746618791490E+04  0.00000000000000E+00  0.44046268007326E+05  0.14571722184177E+02
  0.86674919900399E+00  0.16572514788173E+05 -0.19908278682376E+03 -0.53478196960920E+02  0.17088536709472E+05  0.00000000000000E+00 -0.77452462639823E+05  0.54297249913999E+04  0.00000000000000E+00  0.38628655608756E+05  0.14408474193900E+02
  0.96564122740260E+00  0.18594367891346E+05 -0.13650686781331E+03 -0.70945007461013E+02  0.19046914754340E+05  0.00000000000000E+00 -0.76725845299548E+05  0.59871875421560E+04  0.00000000000000E+00  0.33319085166795E+05  0.14258179814889E+02
  0.10698591199824E+01  0.20733572753746E+05 -0.33585812500628E+02 -0.93592913176546E+02  0.21080537991158E+05  0.00000000000000E+00 -0.76355110356700E+05  0.65322331815039E+04  0.00000000000000E+00  0.28150066318339E+05  0.14121162369636E+02
  0.11793997765008E+01  0.22983407732881E+05  0.11876621302262E+03 -0.12284186303497E+03  0.23171721967468E+05  0.00000000000000E+00 -0.76341400442298E+05  0.70464677149208E+04  0.00000000000000E+00  0.23157875733663E+05  0.13997056622291E+02
  0.12942599383710E+01  0.25334514238183E+05  0.33009681156290E+03 -0.16043766024442E+03  0.25298738688084E+05  0.00000000000000E+00 -0.76681294326155E+05  0.75080424077816E+04  0.00000000000000E+00  0.18384224513705E+05  0.13884672916582E+02
  0.14144361887646E+01  0.27774614905626E+05  0.61022081359612E+03 -0.20849231095716E+03  0.27435905100970E+05  0.00000000000000E+00 -0.77367862530903E+05  0.78921453780687E+04  0.00000000000000E+00  0.13877250390328E+05  0.13781746729295E+02
  0.15399249527142E+01  0.30288288891207E+05  0.96900022056659E+03 -0.26951469185082E+03  0.29553953506760E+05  0.00000000000000E+00 -0.78391525793745E+05  0.81719231585514E+04  0.00000000000000E+00  0.96915592587694E+04  0.13684550258717E+02
  0.16707224972142E+01  0.32856826577253E+05  0.14161026413357E+04 -0.34642460341845E+03  0.31620716631186E+05  0.00000000000000E+00 -0.79740601872368E+05  0.83198558317309E+04  0.00000000000000E+00  0.58871121713479E+04  0.13587377067041E+02
  0.18068249313342E+01  0.35458185996305E+05  0.19607430532324E+04 -0.44254205358159E+03  0.33602135363467E+05  0.00000000000000E+00 -0.81401465488150E+05  0.83095535864347E+04  0.00000000000000E+00  0.25268714512883E+04  0.13481908996144E+02
  0.19482282063396E+01  0.38067071620106E+05  0.26114145686971E+04 -0.56154287702136E+03  0.35463565536377E+05  0.00000000000000E+00 -0.83358301464866E+05  0.81178767366335E+04  0.00000000000000E+00 -0.32672744254717E+03  0.13356677379051E+02
  0.20949281158032E+01  0.40655152596688E+05  0.33756147433308E+04 -0.70737185042116E+03  0.37171324898325E+05  0.00000000000000E+00 -0.85592495136178E+05  0.77272141274445E+04  0.00000000000000E+00 -0.26162426085909E+04  0.13196770598743E+02
  0.22469202957384E+01  0.43191431971245E+05  0.42595747782052E+04 -0.88410562424204E+03  0.38694387285784E+05  0.00000000000000E+00 -0.88081766572723E+05  0.71276998637710E+04  0.00000000000000E+00 -0.42942375226614E+04  0.12984179379412E+02
  0.24042002247216E+01  0.45642771029555E+05  0.52679996837008E+04 -0.10957603113547E+04  0.40006103244809E+05  0.00000000000000E+00 -0.90799205005327E+05  0.63191168663614E+04  0.00000000000000E+00 -0.53283265949041E+04  0.12698912840942E+02
  0.25667632240362E+01  0.47974564017596E+05  0.64038280031277E+04 -0.13460425786640E+04  0.41085809845515E+05  0.00000000000000E+00 -0.93712387641687E+05  0.53122379072595E+04  0.00000000000000E+00 -0.57056884594010E+04  0.12321093746733E+02
  0.27346044578022E+01  0.50151548694248E+05  0.76680199536265E+04 -0.16380485110205E+04  0.41920190601260E+05  0.00000000000000E+00 -0.96782767627676E+05  0.41293928694220E+04  0.00000000000000E+00 -0.54365022739893E+04  0.11833705870165E+02
  0.29077189331256E+01  0.52138728212569E+05  0.90593827465229E+04 -0.19739210422867E+04  0.42504260469928E+05  0.00000000000000E+00 -0.99965489029026E+05  0.28041224871573E+04  0.00000000000000E+00 -0.45558581929851E+04  0.11225651879105E+02
  0.30861015002460E+01  0.53902370543842E+05  0.10574441334062E+05 -0.23544837977924E+04  0.42841879655007E+05  0.00000000000000E+00 -0.10320973712176E+06  0.13798732824845E+04  0.00000000000000E+00 -0.31238496051209E+04  0.10494290725052E+02
  0.32697468526860E+01  0.55411043910072E+05  0.12207361858529E+05 -0.27788759547924E+04  0.42945739922170E+05  0.00000000000000E+00 -0.10645966805425E+06 -0.92206670744160E+02  0.00000000000000E+00 -0.12237480661230E+04  0.96469448589301E+01
  0.34586495274186E+01  0.56636641242659E+05  0.13949933653553E+05 -0.32442182428652E+04  0.42836813451145E+05  0.00000000000000E+00 -0.10965589270336E+06 -0.15562117435807E+04  0.00000000000000E+00  0.10416351633674E+04  0.87008209145138E+01
  0.36528039050166E+01  0.57555344132330E+05  0.15791613806088E+05 -0.37453434963051E+04  0.42543301240901E+05  0.00000000000000E+00 -0.11273742458600E+06 -0.29549207635005E+04  0.00000000000000E+00  0.35551112098690E+04  0.76815433843572E+01
  0.38522042098308E+01  0.58148477435083E+05  0.17719636108102E+05 -0.42746253965665E+04  0.42099160388141E+05  0.00000000000000E+00 -0.11564394883829E+06 -0.42334413772771E+04  0.00000000000000E+00  0.61913622923633E+04  0.66206115584209E+01
  0.40568445101574E+01  0.58403209725489E+05  0.19719183817982E+05 -0.48219356649706E+04  0.41542322731135E+05  0.00000000000000E+00 -0.11831823411090E+06 -0.53427403939092E+04  0.00000000000000E+00  0.88237465481309E+04  0.55526529545223E+01
  0.42667187184126E+01  0.58313061927575E+05  0.21773623143292E+05 -0.53747528696950E+04  0.40912738396372E+05  0.00000000000000E+00 -0.12070849489540E+06 -0.62427584234809E+04  0.00000000000000E+00  0.11331095639571E+05  0.45129182328874E+01
  0.44818205913162E+01  0.57878196217373E+05  0.23864791891047E+05 -0.59184355767014E+04  0.40250385367333E+05  0.00000000000000E+00 -0.12277051875349E+06 -0.69048531003589E+04  0.00000000000000E+00  0.13603969351047E+05  0.35353962516365E+01
  0.47021437300806E+01  0.57105468971337E+05  0.25973335450727E+05 -0.64366596655390E+04  0.39593380613132E+05  0.00000000000000E+00 -0.12446939906217E+06 -0.73133864803006E+04  0.00000000000000E+00  0.15549911276128E+05  0.26511033102106E+01
  0.49276815805908E+01  0.56008244267746E+05  0.28079080309152E+05 -0.69120055071700E+04  0.38976311294639E+05  0.00000000000000E+00 -0.12578075467362E+06 -0.74663580844058E+04  0.00000000000000E+00  0.17097368532857E+05  0.18861391975115E+01
  0.51584274336132E+01  0.54605977300816E+05  0.30161433752996E+05 -0.73266668576480E+04  0.38428878896615E+05  0.00000000000000E+00 -0.12669136720066E+06 -0.73750753765705E+04  0.00000000000000E+00  0.18198078429867E+05  0.12589454172885E+01
  0.53943744249828E+01  0.52923589121304E+05  0.32199797372271E+05 -0.76632412929395E+04  0.37974918204117E+05  0.00000000000000E+00 -0.12719921783479E+06 -0.70629366322717E+04  0.00000000000000E+00  0.18827868228877E+05  0.77716656487610E+00
  0.56355155358138E+01  0.50990664552859E+05  0.34173981479720E+05 -0.79055531605653E+04  0.37631820328914E+05  0.00000000000000E+00 -0.12731295296249E+06 -0.65634699070483E+04  0.00000000000000E+00  0.18985944705208E+05  0.43503659994167E+00
  0.58818435927084E+01  0.48840513294526E+05  0.36064607614448E+05 -0.80394553672433E+04  0.37410357606120E+05  0.00000000000000E+00 -0.12705084742335E+06 -0.59178203499470E+04  0.00000000000000E+00  0.18692857708581E+05  0.21308313568807E+00
  0.61333512679674E+01  0.46509139662317E+05  0.37853486878621E+05 -0.80535563929771E+04  0.37314880546821E+05  0.00000000000000E+00 -0.12643936422816E+06 -0.51719060838883E+04  0.00000000000000E+00  0.17987401047507E+05  0.81430243593786E-01
  0.63900310798116E+01  0.44034168932760E+05  0.39523962913306E+05 -0.79398237202816E+04  0.37343834785220E+05  0.00000000000000E+00 -0.12551142952919E+06 -0.43734703530648E+04  0.00000000000000E+00  0.16922764153881E+05  0.71826329913165E-02
  0.66518753926032E+01  0.41453777841034E+05  0.41061209786697E+05 -0.76940238704276E+04  0.37490530029562E+05  0.00000000000000E+00 -0.12430455180022E+06 -0.35692476875556E+04  0.00000000000000E+00  0.15562270035737E+05 -0.35665174889800E-01
  0.69188764170672E+01  0.38805673664941E+05  0.42452476871067E+05 -0.73159714873582E+04  0.37744083813947E+05  0.00000000000000E+00 -0.12285891456150E+06 -0.28024355916459E+04  0.00000000000000E+00  0.13975030572879E+05 -0.56717667846897E-01
  0.71910262105326E+01  0.36126160866419E+05  0.43687274848961E+05 -0.68095741373918E+04  0.38090460338030E+05  0.00000000000000E+00 -0.12121556260048E+06 -0.21106240170477E+04  0.00000000000000E+00  0.12231820624722E+05 -0.44076791811676E-01
  0.74683166771646E+01  0.33449326960240E+05  0.44757499239140E+05 -0.61826742876208E+04  0.38513528472344E+05  0.00000000000000E+00 -0.11941478298974E+06 -0.15242846625638E+04  0.00000000000000E+00  0.10401420618356E+05  0.33350151052218E-01
  0.77507395682022E+01  0.30806370725331E+05  0.45657490187484E+05 -0.54467039000775E+04  0.38996072249162E+05  0.00000000000000E+00 -0.11749475584379E+06 -0.10658663702135E+04  0.00000000000000E+00  0.85476080543106E+04  0.21510220234995E+00
  0.80382864822084E+01  0.28225086718086E+05  0.46384029633722E+05 -0.46161790257219E+04  0.39520700513765E+05  0.00000000000000E+00 -0.11549051838157E+06 -0.74948627672018E+03  0.00000000000000E+00  0.67268991972364E+04  0.53237879869175E+00
  0.83309488653186E+01  0.25729510961237E+05  0.46936279229685E+05 -0.37080707995479E+04  0.40070618112086E+05  0.00000000000000E+00 -0.11343325331941E+06 -0.58115656736068E+03  0.00000000000000E+00  0.49870625031135E+04  0.99011980140040E+00
  0.86287180114944E+01  0.23339724300642E+05  0.47315664425388E+05 -0.27410948025763E+04  0.40630237119449E+05  0.00000000000000E+00 -0.11134988346899E+06 -0.55944893221799E+03  0.00000000000000E+00  0.33663557669569E+04  0.15544086558157E+01
  0.89315850627792E+01  0.21071802772219E+05  0.47525711833957E+05 -0.17349627395113E+04  0.41185621543897E+05  0.00000000000000E+00 -0.10926293287484E+06 -0.67647847441629E+03  0.00000000000000E+00  0.18933884698374E+04  0.21505311407518E+01
  0.92395410095700E+01  0.18937898751121E+05  0.47571848239446E+05 -0.70963900768942E+03  0.41724771633143E+05  0.00000000000000E+00 -0.10719060309840E+06 -0.91908543743465E+03  0.00000000000000E+00  0.58748343698899E+03  0.26745171781440E+01
  0.95525766908802E+01  0.16946432801413E+05  0.47461170371353E+05  0.31535949999607E+03  0.42237763778929E+05  0.00000000000000E+00 -0.10514701077743E+06 -0.12701046912394E+04  0.00000000000000E+00 -0.54059444228555E+03  0.30165407311461E+01
  0.98706827946114E+01  0.15102373948515E+05  0.47202194837731E+05  0.13215884393196E+04  0.42716768454301E+05  0.00000000000000E+00 -0.10314253703358E+06 -0.17096333024725E+04  0.00000000000000E+00 -0.14876649896000E+04  0.30903542157321E+01
  0.10193849857831E+02  0.13407585377181E+05  0.46804597427140E+05  0.22922018503590E+04  0.43155971104633E+05  0.00000000000000E+00 -0.10118424811357E+06 -0.22162313791679E+04  0.00000000000000E+00 -0.22570166653886E+04  0.28596011869777E+01
  0.10522068267056E+02  0.11861213094756E+05  0.46278950420998E+05  0.32123632659259E+04  0.43551419787016E+05  0.00000000000000E+00 -0.99276356907303E+05 -0.27680139646357E+04  0.00000000000000E+00 -0.28572232507351E+04  0.23524460218682E+01
  0.10855328258536E+02  0.10460096672571E+05  0.45636465672343E+05  0.40695350604165E+04  0.43900820338963E+05  0.00000000000000E+00 -0.97420702940948E+05 -0.33436080374481E+04  0.00000000000000E+00 -0.33009471630244E+04  0.16596028728368E+01
  0.11193619918547E+02  0.91991835526156E+04  0.44888750088108E+05  0.48536468119810E+04  0.44203296998103E+05  0.00000000000000E+00 -0.95617231952236E+05 -0.39229567531619E+04  0.00000000000000E+00 -0.36037723908756E+04  0.91635453412846E+00
  0.11536933183681E+02  0.80719313199197E+04  0.44047578899430E+05  0.55571500907265E+04  0.44459134334020E+05  0.00000000000000E+00 -0.93864457870670E+05 -0.44879595097088E+04  0.00000000000000E+00 -0.37831046898721E+04  0.27257384461973E+00
  0.11885257841153E+02  0.70706855456339E+04  0.43124690818042E+05  0.61749722499736E+04  0.44669514356923E+05  0.00000000000000E+00 -0.92159894244028E+05 -0.50229453218663E+04  0.00000000000000E+00 -0.38571663769932E+04 -0.14297231439105E+00
  0.12238583529096E+02  0.61870241158953E+04  0.42131607928628E+05  0.67043853435437E+04  0.44836260422072E+05  0.00000000000000E+00 -0.90500447474244E+05 -0.55149860211487E+04  0.00000000000000E+00 -0.38441002257729E+04 -0.25591102761473E+00
  0.12596899736878E+02  0.54120622239311E+04  0.41079482000482E+05  0.71448082244317E+04  0.44961597917126E+05  0.00000000000000E+00 -0.88882764256968E+05 -0.59540561287731E+04  0.00000000000000E+00 -0.37611966454273E+04 -0.66665197654856E-01
  0.12960195805408E+02  0.47367152055059E+04  0.39978967854641E+05  0.74975603401757E+04  0.45047941342296E+05  0.00000000000000E+00 -0.87303519207420E+05 -0.63330406097646E+04  0.00000000000000E+00 -0.36242741712111E+04  0.35075422306545E+00
  0.13328460927454E+02  0.41519188562188E+04  0.38840123534781E+05  0.77655849966221E+04  0.45097717463102E+05  0.00000000000000E+00 -0.85759623596271E+05 -0.66475910202765E+04  0.00000000000000E+00 -0.34472571901227E+04  0.87304405328541E+00
  0.13701684147968E+02  0.36488085658585E+04  0.37672336312445E+05  0.79531582618317E+04  0.45113232948820E+05  0.00000000000000E+00 -0.84248339988534E+05 -0.68958434111928E+04  0.00000000000000E+00 -0.32419869675252E+04  0.13657217024688E+01
  0.14079854364413E+02  0.32188595805978E+04  0.36484272958850E+05  0.80655975622388E+04  0.45096590575782E+05  0.00000000000000E+00 -0.82767300881427E+05 -0.70780312259174E+04  0.00000000000000E+00 -0.30182690998850E+04  0.17194702390875E+01
  0.14462960327084E+02  0.28539912859105E+04  0.35283852153880E+05  0.81089816254860E+04  0.45049650226127E+05  0.00000000000000E+00 -0.81314449523741E+05 -0.71960450650695E+04  0.00000000000000E+00 -0.27841098406141E+04  0.18708619785521E+01
  0.14850990639452E+02  0.25466389794040E+04  0.34078236349297E+05  0.80898908870257E+04  0.44974022261631E+05  0.00000000000000E+00 -0.79887942848656E+05 -0.72530007261587E+04  0.00000000000000E+00 -0.25460419438361E+04  0.18029587073661E+01
  0.15243933758499E+02  0.22897973118444E+04  0.32873839937544E+05  0.80151748958280E+04  0.44871076925452E+05  0.00000000000000E+00 -0.78486066434564E+05 -0.72528703430306E+04  0.00000000000000E+00 -0.23094211272476E+04  0.15311658261385E+01
  0.15641777995065E+02  0.20770402193014E+04  0.31676350335298E+05  0.78917507503658E+04  0.44741957443317E+05  0.00000000000000E+00 -0.77107196150788E+05 -0.72002024167302E+04  0.00000000000000E+00 -0.20786147892441E+04  0.10853915190423E+01
  0.16044511514188E+02  0.19025224363285E+04  0.30490758646602E+05  0.77264343219646E+04  0.44587592881383E+05  0.00000000000000E+00 -0.75749808483195E+05 -0.70999196450663E+04  0.00000000000000E+00 -0.18570817101117E+04  0.49844790474526E+00
  0.16452122335465E+02  0.17609674124592E+04  0.29321396893468E+05  0.75258041193609E+04  0.44408712823690E+05  0.00000000000000E+00 -0.74412516556462E+05 -0.69571622621643E+04  0.00000000000000E+00 -0.16473965802571E+04 -0.19414990607265E+00
  0.16864598333403E+02  0.16476457148405E+04  0.28171979323449E+05  0.72960962008723E+04  0.44205866945403E+05  0.00000000000000E+00 -0.73094102827052E+05 -0.67771481403296E+04  0.00000000000000E+00 -0.14512824573243E+04 -0.94524014121612E+00
  0.17281927237781E+02  0.15583469804419E+04  0.27045645965348E+05  0.70431275664899E+04  0.43979450258482E+05  0.00000000000000E+00 -0.71793528457928E+05 -0.65650403085049E+04  0.00000000000000E+00 -0.12696893791984E+04 -0.16873748699104E+01
  0.17704096634012E+02  0.14893474383740E+04  0.25945007293794E+05  0.67722449056882E+04  0.43729731715290E+05  0.00000000000000E+00 -0.70509922774599E+05 -0.63258389581467E+04  0.00000000000000E+00 -0.11029042873199E+04 -0.23346669185778E+01
  0.18131093963525E+02  0.14373742178964E+04  0.24872189385276E+05  0.64882953226650E+04  0.43456884201328E+05  0.00000000000000E+00 -0.69242571233155E+05 -0.60643149225297E+04  0.00000000000000E+00 -0.95064976436050E+03 -0.27927928800592E+01
  0.18562906524116E+02  0.13995672764587E+04  0.23828879141950E+05  0.61956155740078E+04  0.43161018169258E+05  0.00000000000000E+00 -0.67990896540751E+05 -0.57849601478548E+04  0.00000000000000E+00 -0.81218759670904E+03 -0.29641236399572E+01
  0.18999521470348E+02  0.13734399058100E+04  0.22816369031261E+05  0.58980363413493E+04  0.42842220539636E+05  0.00000000000000E+00 -0.66754405653547E+05 -0.54919144801250E+04  0.00000000000000E+00 -0.68649011950556E+03 -0.27444351211759E+01
  0.19440925813924E+02  0.13568392551674E+04  0.21835600537525E+05  0.55988981139569E+04  0.42500593609305E+05  0.00000000000000E+00 -0.65532609395337E+05 -0.51888859236522E+04  0.00000000000000E+00 -0.57246373562409E+03 -0.20275386581880E+01
  0.19887106424065E+02  0.13479085915698E+04  0.20887205459707E+05  0.53010754472695E+04  0.42136287623161E+05  0.00000000000000E+00 -0.64324965422151E+05 -0.48791325717536E+04  0.00000000000000E+00 -0.46911565505932E+03 -0.73652725656092E+00
  0.20338050027920E+02  0.13450524979792E+04  0.19971544497341E+05  0.50070067606362E+04  0.41749527736077E+05  0.00000000000000E+00 -0.63130880682871E+05 -0.45655399252418E+04  0.00000000000000E+00 -0.37559137814979E+03  0.11195057716672E+01
  0.20793743210941E+02  0.13469050880308E+04  0.19088743038116E+05  0.47187273961253E+04  0.41340639332729E+05  0.00000000000000E+00 -0.61949749191068E+05 -0.42507344862607E+04  0.00000000000000E+00 -0.29113909673478E+03  0.33920809369254E+01
  0.21254172417297E+02  0.13523006528784E+04  0.18238724258487E+05  0.44379042286743E+04  0.40910065826925E+05  0.00000000000000E+00 -0.60780971955524E+05 -0.39371276526032E+04  0.00000000000000E+00 -0.21511179481036E+03  0.57835640270611E+01
  0.21719323950264E+02  0.13602466655333E+04  0.17421239432747E+05  0.41658705815514E+04  0.40458356891597E+05  0.00000000000000E+00 -0.59623969420252E+05 -0.36268676298485E+04  0.00000000000000E+00 -0.14697300010258E+03  0.79035212250464E+01
  0.22189183972648E+02  0.13699000783244E+04  0.16635895089262E+05  0.39036605763663E+04  0.39986113176361E+05  0.00000000000000E+00 -0.58478260575013E+05 -0.33217909898507E+04  0.00000000000000E+00 -0.86134772421702E+02  0.93825830283400E+01
  0.22663738507183E+02  0.13805479588948E+04  0.15882176780568E+05  0.36520424064555E+04  0.39493920916671E+05  0.00000000000000E+00 -0.57343590160730E+05 -0.30234066718401E+04  0.00000000000000E+00 -0.31675249979321E+02  0.10015980040130E+02
  0.23142973436953E+02  0.13915922871285E+04  0.15159469730333E+05  0.34115503400318E+04  0.38982339635230E+05  0.00000000000000E+00 -0.56219955123503E+05 -0.27328285188361E+04  0.00000000000000E+00  0.17717497686771E+02  0.98858480716504E+01
  0.23626874505811E+02  0.14025373376495E+04  0.14467077103737E+05  0.31825154037681E+04  0.38451958929525E+05  0.00000000000000E+00 -0.55107478629235E+05 -0.24506885219036E+04  0.00000000000000E+00  0.63457690074888E+02  0.93793136165065E+01
  0.24115427318801E+02  0.14129779381028E+04  0.13804236717387E+05  0.29650946100834E+04  0.37903474884329E+05  0.00000000000000E+00 -0.54006284191707E+05 -0.21772461992109E+04  0.00000000000000E+00  0.10678649190382E+03  0.90402508886240E+01
  0.24608617342592E+02  0.14225879644947E+04  0.13170136589898E+05  0.27592984151212E+04  0.37337749707473E+05  0.00000000000000E+00 -0.52916477946131E+05 -0.19127426076949E+04  0.00000000000000E+00  0.14875287243914E+03  0.93049955994595E+01
  0.25106429905906E+02  0.14311093671693E+04  0.12563929200901E+05  0.25650160119433E+04  0.36755867140839E+05  0.00000000000000E+00 -0.51838127093444E+05 -0.16576908917761E+04  0.00000000000000E+00  0.19018159234311E+03  0.10285327975655E+02
  0.25608850199951E+02  0.14383422381033E+04  0.11984744002891E+05  0.23820381008118E+04  0.36159177424408E+05  0.00000000000000E+00 -0.50771144082310E+05 -0.14128386735272E+04  0.00000000000000E+00  0.23141222440999E+03  0.11731234786541E+02
  0.26115863278869E+02  0.14441365691090E+04  0.11431697676431E+05  0.22100769006960E+04  0.35549286987606E+05  0.00000000000000E+00 -0.49715207385000E+05 -0.11789548255690E+04  0.00000000000000E+00  0.27210091239928E+03  0.13136835672827E+02
  0.26627454060178E+02  0.14483864652714E+04  0.10903901909854E+05  0.20487834257204E+04  0.34927984262134E+05  0.00000000000000E+00 -0.48669817370829E+05 -0.95665926774112E+03  0.00000000000000E+00  0.31131371734102E+03  0.13893141750934E+02
  0.27143607325216E+02  0.14510268249990E+04  0.10400468983845E+05  0.18977624039901E+04  0.34297137172508E+05  0.00000000000000E+00 -0.47634423792408E+05 -0.74625707953388E+03  0.00000000000000E+00  0.34777975574945E+03  0.13494269148859E+02
  0.27664307719600E+02  0.14520310911148E+04  0.99205157174223E+04  0.17565853870344E+04  0.33658591909436E+05  0.00000000000000E+00 -0.46608601112738E+05 -0.54759529031581E+03  0.00000000000000E+00  0.38025232122135E+03  0.11780023175766E+02
  0.28189539753680E+02  0.14514081216774E+04  0.94631662773614E+04  0.16248024043918E+04  0.33014100938113E+05  0.00000000000000E+00 -0.45592228393066E+05 -0.36009071214438E+03  0.00000000000000E+00  0.40788837244372E+03  0.90470087770727E+01
  0.28719287803001E+02  0.14491970913720E+04  0.90275542638830E+04  0.15019521527421E+04  0.32365299887892E+05  0.00000000000000E+00 -0.44585533035714E+05 -0.18293497006467E+03  0.00000000000000E+00  0.43035983841017E+03  0.58952285205204E+01
  0.29253536108764E+02  0.14454607041005E+04  0.86128244483816E+04  0.13875704813945E+04  0.31713710617081E+05  0.00000000000000E+00 -0.43588999881778E+05 -0.15387130944366E+02  0.00000000000000E+00  0.44772840162747E+03  0.29076398623458E+01
  0.29792268778302E+02  0.14402779218524E+04  0.82181343212259E+04  0.12811969856780E+04  0.31060732425306E+05  0.00000000000000E+00 -0.42603300296157E+05  0.14295441488118E+03  0.00000000000000E+00  0.46041423860067E+03  0.41001138749988E+00
  0.30335469785541E+02  0.14337374574162E+04  0.78426553042354E+04  0.11823797692840E+04  0.30407616297029E+05  0.00000000000000E+00 -0.41629280263334E+05  0.29207633692765E+03  0.00000000000000E+00  0.46928594577511E+03 -0.15291526667333E+01
  0.30883122971494E+02  0.14259326121962E+04  0.74855735690440E+04  0.10906786438878E+04  0.29755445510652E+05  0.00000000000000E+00 -0.40667896778673E+05  0.43174796424950E+03  0.00000000000000E+00  0.47558578467400E+03 -0.29326939698541E+01
  0.31435212044725E+02  0.14169575327451E+04  0.71460907639864E+04  0.10056670521914E+04  0.29105147635323E+05  0.00000000000000E+00 -0.39720047889251E+05  0.56180078743632E+03  0.00000000000000E+00  0.48058132291715E+03 -0.38027946517076E+01
  0.31991720581841E+02  0.14069051108321E+04  0.68234249234935E+04  0.92693301392233E+03  0.28457548828092E+05  0.00000000000000E+00 -0.38786397771194E+05  0.68224934116877E+03  0.00000000000000E+00  0.48517360830148E+03 -0.41629453845724E+01
  0.32552632027982E+02  0.13958667351715E+04  0.65168114645571E+04  0.85407959347018E+03  0.27813460341685E+05  0.00000000000000E+00 -0.37867305699539E+05  0.79329160267832E+03  0.00000000000000E+00  0.48968118896059E+03 -0.41147730160482E+01
  0.33117929697310E+02  0.13839331790414E+04  0.62255040863947E+04  0.78672553592519E+03  0.27173762753437E+05  0.00000000000000E+00 -0.36962863525928E+05  0.89534744851200E+03  0.00000000000000E+00  0.49382786797177E+03 -0.37626546467361E+01
  0.33687596773508E+02  0.13711950229920E+04  0.59487755128370E+04  0.72450646841062E+03  0.26539451126148E+05  0.00000000000000E+00 -0.36072994394705E+05  0.98907139972635E+03  0.00000000000000E+00  0.49688315476389E+03 -0.31117098275301E+01
  0.34261616310282E+02  0.13577412873152E+04  0.56859180033111E+04  0.66707648370289E+03  0.25911625429223E+05  0.00000000000000E+00 -0.35197525786729E+05  0.10752586783981E+04  0.00000000000000E+00  0.49779035551684E+03 -0.21155492623797E+01
  0.34839971231854E+02  0.13436561421174E+04  0.54362436693507E+04  0.61410937680239E+03  0.25291393187265E+05  0.00000000000000E+00 -0.34336280970254E+05  0.11546822379459E+04  0.00000000000000E+00  0.49540039494962E+03 -0.79596182319915E+00
  0.35422644333485E+02  0.13290149092319E+04  0.51990849906862E+04  0.56529869565567E+03  0.24679680380513E+05  0.00000000000000E+00 -0.33489333422202E+05  0.12278578336825E+04  0.00000000000000E+00  0.48914266196769E+03  0.74604953523288E+00
  0.36009618281977E+02  0.13138812315891E+04  0.49737960577047E+04  0.52035626627637E+03  0.24077087278343E+05  0.00000000000000E+00 -0.32657190429091E+05  0.12949113657217E+04  0.00000000000000E+00  0.47956847911794E+03  0.24102496620428E+01
  0.36600875616193E+02  0.12983068506735E+04  0.47597546660129E+04  0.47900959766624E+03  0.23483919092429E+05  0.00000000000000E+00 -0.31840581835587E+05  0.13557400188561E+04  0.00000000000000E+00  0.46798974579917E+03  0.41381358496882E+01
  0.37196398747579E+02  0.12823344458371E+04  0.45563647464644E+04  0.44099907552610E+03  0.22900324169086E+05  0.00000000000000E+00 -0.31040104295212E+05  0.14101998493412E+04  0.00000000000000E+00  0.45572611289268E+03  0.58441039357501E+01
  0.37796169960671E+02  0.12660028422627E+04  0.43630584180938E+04  0.40607595125801E+03  0.22326415734184E+05  0.00000000000000E+00 -0.30256101741700E+05  0.14580915653770E+04  0.00000000000000E+00  0.44376822457842E+03  0.73109940546443E+01
  0.38400171413648E+02  0.12493528379317E+04  0.41792973678245E+04  0.37400182217469E+03  0.21762362188213E+05  0.00000000000000E+00 -0.29488739007753E+05  0.14991878865504E+04  0.00000000000000E+00  0.43277701230651E+03  0.82401072473011E+01
  0.39008385138843E+02  0.12324314387429E+04  0.40045735337667E+04  0.34454973672396E+03  0.21208470898681E+05  0.00000000000000E+00 -0.28738044739412E+05  0.15334854470541E+04  0.00000000000000E+00  0.42299203886657E+03  0.84583544230547E+01
  0.39620793043282E+02  0.12152925738164E+04  0.38384088984370E+04  0.31750639732654E+03  0.20665221385949E+05  0.00000000000000E+00 -0.28003830337722E+05  0.15615043417836E+04  0.00000000000000E+00  0.41392645432961E+03  0.80297139207258E+01
  0.40237376909224E+02  0.11979937612159E+04  0.36803543117410E+04  0.29267426643801E+03  0.20133150296900E+05  0.00000000000000E+00 -0.27285715919435E+05  0.15842549456149E+04  0.00000000000000E+00  0.40446446351141E+03  0.71761259861405E+01
  0.40858118394707E+02  0.11805905638919E+04  0.35299877833373E+04  0.26987224592884E+03  0.19612615159807E+05  0.00000000000000E+00 -0.26583499143896E+05  0.16026603656870E+04  0.00000000000000E+00  0.39391676909171E+03  0.61437438473738E+01
  0.41482999034086E+02  0.11631320411035E+04  0.33869127711620E+04  0.24893447185313E+03  0.19103661418243E+05  0.00000000000000E+00 -0.25897483081867E+05  0.16169391664702E+04  0.00000000000000E+00  0.38302011032871E+03  0.51168972934137E+01
  0.42112000238584E+02  0.11456594007982E+04  0.32507564685000E+04  0.22970803522863E+03  0.18606143886127E+05  0.00000000000000E+00 -0.25228296365270E+05  0.16266260427511E+04  0.00000000000000E+00  0.37360000396355E+03  0.41974720982655E+01
  0.42745103296850E+02  0.11282077290443E+04  0.31211677200239E+04  0.21205105015077E+03  0.18119999529915E+05  0.00000000000000E+00 -0.24576387212763E+05  0.16311015112981E+04  0.00000000000000E+00  0.36722047017595E+03  0.33607978450542E+01
  0.43382289375511E+02  0.11108086433016E+04  0.29978144934445E+04  0.19583203371665E+03  0.17645456305396E+05  0.00000000000000E+00 -0.23941578115841E+05  0.16301693177599E+04  0.00000000000000E+00  0.36387255847605E+03  0.23752362540098E+01
  0.44023539519733E+02  0.10934914959427E+04  0.28803814044386E+04  0.18093038962393E+03  0.17183004154044E+05  0.00000000000000E+00 -0.23322956123197E+05  0.16244476595968E+04  0.00000000000000E+00  0.36163987711062E+03  0.93885755909309E+00
  0.44668834653784E+02  0.10762827725122E+04  0.27685677732404E+04  0.16723694242978E+03  0.16733116572931E+05  0.00000000000000E+00 -0.22719286595708E+05  0.16152735355922E+04  0.00000000000000E+00  0.35786388585291E+03 -0.94511314968696E+00
  0.45318155581606E+02  0.10592051158523E+04  0.26620860896679E+04  0.15465377703816E+03  0.16295936630545E+05  0.00000000000000E+00 -0.22129665781030E+05  0.16041077616967E+04  0.00000000000000E+00  0.35089561274079E+03 -0.27807934884138E+01
  0.45971482987381E+02  0.10422767137727E+04  0.25606606446697E+04  0.14309345955989E+03  0.15871171984167E+05  0.00000000000000E+00 -0.21553821919326E+05  0.15920303331579E+04  0.00000000000000E+00  0.34079418198403E+03 -0.37946020151972E+01
  0.46628797436107E+02  0.10255102024446E+04  0.24640266978128E+04  0.13247785811626E+03  0.15458237916429E+05  0.00000000000000E+00 -0.20991909771373E+05  0.15796584569396E+04  0.00000000000000E+00  0.32866756359556E+03 -0.33310760347971E+01
  0.47290079374178E+02  0.10089106677184E+04  0.23719306916354E+04  0.12273631680917E+03  0.15056490749035E+05  0.00000000000000E+00 -0.20444131679175E+05  0.15671737425108E+04  0.00000000000000E+00  0.31572464271673E+03 -0.11648687498859E+01
  0.47955309129961E+02  0.99247465768196E+03  0.22841311415406E+04  0.11380300819661E+03  0.14665372050539E+05  0.00000000000000E+00 -0.19910562053226E+05  0.15541677381774E+04  0.00000000000000E+00  0.30298090889769E+03  0.23674518072442E+01
  0.48624466914389E+02  0.97619279714241E+03  0.22003992737322E+04  0.10561420132449E+03  0.14284448722459E+05  0.00000000000000E+00 -0.19391192864968E+05  0.15395319208948E+04  0.00000000000000E+00  0.29140104050867E+03  0.63950910938611E+01
  0.49297532821542E+02  0.96005572402751E+03  0.21205191576972E+04  0.98106740238131E+02  0.13913456491295E+05  0.00000000000000E+00 -0.18885887911332E+05  0.15218991200256E+04  0.00000000000000E+00  0.28161904870757E+03  0.97683706584185E+01
  0.49974486829243E+02  0.94405996821062E+03  0.20442877132518E+04  0.91218363636104E+02  0.13552343056523E+05  0.00000000000000E+00 -0.18394247181028E+05  0.15005261900899E+04  0.00000000000000E+00  0.27338678089651E+03  0.11574891579540E+02
  0.50655308799654E+02  0.92821078195973E+03  0.19715145896263E+04  0.84889392773097E+02  0.13201208046761E+05  0.00000000000000E+00 -0.17915731397906E+05  0.14757366614057E+04  0.00000000000000E+00  0.26574788016973E+03  0.11575954790000E+02
  0.51339978479871E+02  0.91252139274565E+03  0.19020214507217E+04  0.79064882139889E+02  0.12860157643873E+05  0.00000000000000E+00 -0.17449958674904E+05  0.14485956411592E+04  0.00000000000000E+00  0.25779286507275E+03  0.10195200807901E+02
  0.52028475502532E+02  0.89700953985500E+03  0.18356405089566E+04  0.73696414874478E+02  0.12529177606167E+05  0.00000000000000E+00 -0.16996804445121E+05  0.14203323442168E+04  0.00000000000000E+00  0.24911400509001E+03  0.81659740390268E+01
  0.52720779386421E+02  0.88169278444578E+03  0.17722127281148E+04  0.68742833465706E+02  0.12208076079281E+05  0.00000000000000E+00 -0.16556287279918E+05  0.13918220193012E+04  0.00000000000000E+00  0.23984409176232E+03  0.61032564525153E+01
  0.53416869537074E+02  0.86658481692760E+03  0.17115862383801E+04  0.64169643896452E+02  0.11896518446836E+05  0.00000000000000E+00 -0.16128369964140E+05  0.13632886179497E+04  0.00000000000000E+00  0.23040268712400E+03  0.41804869734178E+01
  0.54116725247393E+02  0.85169433784794E+03  0.16536151931977E+04  0.59947641453670E+02  0.11594112610187E+05  0.00000000000000E+00 -0.15712839498581E+05  0.13344910370277E+04  0.00000000000000E+00  0.22117280276536E+03  0.21941238990486E+01
  0.54820325698270E+02  0.83702581484566E+03  0.15981590227385E+04  0.56051620774730E+02  0.11300468107738E+05  0.00000000000000E+00 -0.15309365191999E+05  0.13053424633592E+04  0.00000000000000E+00  0.21237695890300E+03  0.58796360944314E-01
  0.55527649959191E+02  0.82257998743701E+03  0.15450821495528E+04  0.52459488553934E+02  0.11015229327863E+05  0.00000000000000E+00 -0.14917544626431E+05  0.12764803413053E+04  0.00000000000000E+00  0.20393220260081E+03 -0.17811291175391E+01
  0.56238676988873E+02  0.80835303297771E+03  0.14942544199179E+04  0.49151348660703E+02  0.10738101186379E+05  0.00000000000000E+00 -0.14536852321710E+05  0.12491454043966E+04  0.00000000000000E+00  0.19532373267186E+03 -0.25231967069315E+01
  0.56953385635883E+02  0.79433575679676E+03  0.14455521933534E+04  0.46108014860978E+02  0.10468820445030E+05  0.00000000000000E+00 -0.14166708062246E+05  0.12243040347867E+04  0.00000000000000E+00  0.18600479798248E+03 -0.15828194360400E+01
  0.57671754639266E+02  0.78051540615174E+03  0.13988595306179E+04  0.43309172644011E+02  0.10207050073112E+05  0.00000000000000E+00 -0.13806754955994E+05  0.12017104503145E+04  0.00000000000000E+00  0.17625818242378E+03  0.94785926996440E+00
  0.58393762629181E+02  0.76688086963627E+03  0.13540689526447E+04  0.40732295845686E+02  0.99523434415849E+04  0.00000000000000E+00 -0.13456962069176E+05  0.11798019558020E+04  0.00000000000000E+00  0.16736430665010E+03  0.42297529873446E+01
  0.59119388127536E+02  0.75342875600752E+03  0.13110815800285E+04  0.38353306361179E+02  0.97042851393888E+04  0.00000000000000E+00 -0.13117324266050E+05  0.11566584570086E+04  0.00000000000000E+00  0.16058221058271E+03  0.70651833275766E+01
  0.59848609548627E+02  0.74016692943440E+03  0.12698065019132E+04  0.36148893141814E+02  0.94626374927082E+04  0.00000000000000E+00 -0.12787572324037E+05  0.11311685918866E+04  0.00000000000000E+00  0.15617130629255E+03  0.85273913396326E+01
  0.60581405199778E+02  0.72711378456080E+03  0.12301593833908E+04  0.34099467082023E+02  0.92273241611307E+04  0.00000000000000E+00 -0.12467238081187E+05  0.11033775315663E+04  0.00000000000000E+00  0.15345775412805E+03  0.82940006721320E+01
  0.61317753281987E+02  0.71429326135860E+03  0.11920609248305E+04  0.32191408243316E+02  0.89983391336762E+04  0.00000000000000E+00 -0.12155831213698E+05  0.10740312704857E+04  0.00000000000000E+00  0.15139331376782E+03  0.64780986642933E+01
  0.62057631890579E+02  0.70172704415070E+03  0.11554359025906E+04  0.30417447353538E+02  0.87757043972232E+04  0.00000000000000E+00 -0.11852871740332E+05  0.10440613691040E+04  0.00000000000000E+00  0.14888981604546E+03  0.33642361355322E+01
  0.62801019015849E+02  0.68942690109167E+03  0.11202128800541E+04  0.28774813044447E+02  0.85594534878726E+04  0.00000000000000E+00 -0.11557912429264E+05  0.10144190809046E+04  0.00000000000000E+00  0.14506565058150E+03 -0.55961571467577E+00
  0.63547892543725E+02  0.67739028949831E+03  0.10863242874521E+04  0.27261892638548E+02  0.83495666746998E+04  0.00000000000000E+00 -0.11270624490948E+05  0.98618158090702E+03  0.00000000000000E+00  0.13953020021355E+03 -0.43695655381852E+01
  0.64298230256423E+02  0.66560094015232E+03  0.10537066949767E+04  0.25874860125682E+02  0.81458626611462E+04  0.00000000000000E+00 -0.10990902295405E+05  0.96044104591551E+03  0.00000000000000E+00  0.13267363578354E+03 -0.67424573049228E+01
  0.65052009833103E+02  0.65403407338114E+03  0.10223010669464E+04  0.24605725045438E+02  0.79479724340410E+04  0.00000000000000E+00 -0.10718858546328E+05  0.93772621083711E+03  0.00000000000000E+00  0.12562563282618E+03 -0.65934032504948E+01
  0.65809208850543E+02  0.64266368328790E+03  0.99205259361603E+03  0.23442564003353E+02  0.77554397590032E+04  0.00000000000000E+00 -0.10454605758123E+05  0.91761352540045E+03  0.00000000000000E+00  0.11958177565310E+03 -0.38118571592174E+01
  0.66569804783798E+02  0.63146853442386E+03  0.96291009440491E+03  0.22371413657488E+02  0.75678278694939E+04  0.00000000000000E+00 -0.10198060148338E+05  0.89891520853361E+03  0.00000000000000E+00  0.11520166478125E+03  0.63463695683973E+00
  0.67333775006869E+02  0.62043546560525E+03  0.93482546779046E+03  0.21378472685181E+02  0.73848002941365E+04  0.00000000000000E+00 -0.99489429311636E+04  0.88013294863774E+03  0.00000000000000E+00  0.11257821912932E+03  0.52079368209043E+01
  0.68101096793386E+02  0.60956059006080E+03  0.90775333800291E+03  0.20451798962703E+02  0.72062272940109E+04  0.00000000000000E+00 -0.97068579499911E+04  0.86004332506360E+03  0.00000000000000E+00  0.11135289976860E+03  0.85312958783365E+01
  0.68871747317274E+02  0.59884851122032E+03  0.88165055430178E+03  0.19582584045934E+02  0.70322700610697E+04  0.00000000000000E+00 -0.94714350035449E+04  0.83808362314687E+03  0.00000000000000E+00  0.11088399577122E+03  0.98843260109084E+01
  0.69645703653434E+02  0.58830877056906E+03  0.85647536567869E+03  0.18766056143255E+02  0.68633465998918E+04  0.00000000000000E+00 -0.92423668025970E+04  0.81435916345141E+03  0.00000000000000E+00  0.11026358347624E+03  0.91527366134784E+01
  0.70422942778430E+02  0.57794993278445E+03  0.83218661627579E+03  0.18001495546966E+02  0.66999163081374E+04  0.00000000000000E+00 -0.90193238202271E+04  0.78962581953581E+03  0.00000000000000E+00  0.10834242592624E+03  0.66987779795994E+01
  0.71203441571170E+02  0.56777407345427E+03  0.80874342382845E+03  0.17290845113421E+02  0.65421809557407E+04  0.00000000000000E+00 -0.88020391676412E+04  0.76510840618938E+03  0.00000000000000E+00  0.10433872315743E+03  0.33972598425303E+01
  0.71987176813594E+02  0.55777504576298E+03  0.78610536097703E+03  0.16636320494371E+02  0.63899386641593E+04  0.00000000000000E+00 -0.85904608793033E+04  0.74192413742218E+03  0.00000000000000E+00  0.98478108175307E+02  0.39675768791400E+00
  0.72774125191363E+02  0.54794113198670E+03  0.76423274811776E+03  0.16038424144733E+02  0.62426861636013E+04  0.00000000000000E+00 -0.83846864509477E+04  0.72063078038350E+03  0.00000000000000E+00  0.91771641578974E+02 -0.13855611347271E+01
  0.73564263294556E+02  0.53825910604225E+03  0.74308684577933E+03  0.15495466101476E+02  0.60998275293638E+04  0.00000000000000E+00 -0.81847917052311E+04  0.70122994576737E+03  0.00000000000000E+00  0.85312446420184E+02 -0.15803657567295E+01
  0.74357567618366E+02  0.52871661533331E+03  0.72263019435929E+03  0.15004274528759E+02  0.59608242917926E+04  0.00000000000000E+00 -0.79907311993210E+04  0.68331331176720E+03  0.00000000000000E+00  0.79810507666345E+02 -0.43200387344663E+00
  0.75154014563796E+02  0.51930260084752E+03  0.70282730741065E+03  0.14560999882897E+02  0.58252472966455E+04  0.00000000000000E+00 -0.78023506901540E+04  0.66625886528549E+03  0.00000000000000E+00  0.75540033902054E+02  0.13864138200972E+01
  0.75953580438366E+02  0.51000713136209E+03  0.68364547983391E+03  0.14161438603108E+02  0.56927822433278E+04  0.00000000000000E+00 -0.76195303121528E+04  0.64945156318625E+03  0.00000000000000E+00  0.72672157625392E+02  0.31897017857567E+01
  0.76756241456811E+02  0.50082140467463E+03  0.66505534070592E+03  0.13801093759906E+02  0.55632681278780E+04  0.00000000000000E+00 -0.74421718710486E+04  0.63242604383979E+03  0.00000000000000E+00  0.71314214734511E+02  0.45143545441485E+01
  0.77561973741798E+02  0.49173764910064E+03  0.64703096699100E+03  0.13475366484221E+02  0.54367370220582E+04  0.00000000000000E+00 -0.72699251492561E+04  0.61511655183317E+03  0.00000000000000E+00  0.70961383288340E+02  0.51337904995069E+01
  0.78370753324626E+02  0.48274872493686E+03  0.62954948502946E+03  0.13179888667386E+02  0.53133346449099E+04  0.00000000000000E+00 -0.71021581133371E+04  0.59802326984939E+03  0.00000000000000E+00  0.70469234786273E+02  0.51471348421705E+01
  0.79182556145944E+02  0.47384807994375E+03  0.61259015672474E+03  0.12910687442034E+02  0.51931586167791E+04  0.00000000000000E+00 -0.69383488547455E+04  0.58182241851140E+03  0.00000000000000E+00  0.68983535235421E+02  0.49646398909133E+01
  0.79997358056472E+02  0.46503076246771E+03  0.59613307059770E+03  0.12664112971865E+02  0.50761808240511E+04  0.00000000000000E+00 -0.67783880910210E+04  0.56661207720507E+03  0.00000000000000E+00  0.66644092211410E+02  0.48768484838787E+01
  0.80815134817706E+02  0.45629486852521E+03  0.58015779873767E+03  0.12436887761448E+02  0.49623011988832E+04  0.00000000000000E+00 -0.66223806001808E+04  0.55181276679452E+03  0.00000000000000E+00  0.64054785604843E+02  0.46777061260705E+01
  0.81635862102653E+02  0.44764182113852E+03  0.56464271401341E+03  0.12226429713635E+02  0.48513992628834E+04  0.00000000000000E+00 -0.64702675174006E+04  0.53700148394777E+03  0.00000000000000E+00  0.61335765828519E+02  0.39799601246314E+01
  0.82459515496545E+02  0.43907490781636E+03  0.54956545530105E+03  0.12031011203800E+02  0.47432914677871E+04  0.00000000000000E+00 -0.63217887823455E+04  0.52253313394328E+03  0.00000000000000E+00  0.58082396811345E+02  0.27895905174255E+01
  0.83286070497572E+02  0.43059728764833E+03  0.53490429846547E+03  0.11849283937684E+02  0.46376666628995E+04  0.00000000000000E+00 -0.61767453613310E+04  0.50929318682181E+03  0.00000000000000E+00  0.54123798719941E+02  0.16891571616937E+01
  0.84115502517605E+02  0.42221131370738E+03  0.52063960639557E+03  0.11679367651223E+02  0.45341096070054E+04  0.00000000000000E+00 -0.60352277367791E+04  0.49794165893925E+03  0.00000000000000E+00  0.50109513670194E+02  0.14633305899567E+01
  0.84947786882933E+02  0.41391971743016E+03  0.50675462310781E+03  0.11518369003274E+02  0.44322466031965E+04  0.00000000000000E+00 -0.58974870116282E+04  0.48845282645237E+03  0.00000000000000E+00  0.47061219782357E+02  0.24663473442114E+01
  0.85782898834994E+02  0.40572708891979E+03  0.49323555529396E+03  0.11362965105995E+02  0.43319076244723E+04  0.00000000000000E+00 -0.57636393727530E+04  0.48024535167468E+03  0.00000000000000E+00  0.45517550537593E+02  0.43567632513366E+01
  0.86620813531106E+02  0.39763971722337E+03  0.48007119629711E+03  0.11210695139739E+02  0.42331920089097E+04  0.00000000000000E+00 -0.56335556952549E+04  0.47246515131213E+03  0.00000000000000E+00  0.45264323904600E+02  0.62873975316826E+01
  0.87461506045220E+02  0.38966360031041E+03  0.46725222171286E+03  0.11060917953794E+02  0.41363939941458E+04  0.00000000000000E+00 -0.55069307686009E+04  0.46433736070587E+03  0.00000000000000E+00  0.45603849996562E+02  0.73811762244627E+01
  0.88304951368649E+02  0.38180231486196E+03  0.45477028001103E+03  0.10914705041845E+02  0.40418313281180E+04  0.00000000000000E+00 -0.53834749504792E+04  0.45543771006672E+03  0.00000000000000E+00  0.45903612747381E+02  0.71850003677319E+01
  0.89151124410815E+02  0.37405633832256E+03  0.44261710568377E+03  0.10773954774965E+02  0.39497250088115E+04  0.00000000000000E+00 -0.52630283932538E+04  0.44570403798525E+03  0.00000000000000E+00  0.45881349001839E+02  0.57294013261116E+01
  0.90000000000000E+02  0.36642368119566E+03  0.43078390188347E+03  0.10640555591844E+02  0.38601873986935E+04  0.00000000000000E+00 -0.51454713277121E+04  0.43541356327270E+03  0.00000000000000E+00  0.45361454973713E+02  0.33392278987340E+01
  0.90851552884089E+02  0.35890080480934E+03  0.41926113762467E+03  0.10515986320482E+02  0.37732411098930E+04  0.00000000000000E+00 -0.50306481764173E+04  0.42519790973166E+03  0.00000000000000E+00  0.44086593520786E+02  0.55536548271095E+00
  0.91705757731324E+02  0.35148329530823E+03  0.40803869080917E+03  0.10401186745398E+02  0.36888156328019E+04  0.00000000000000E+00 -0.49184074193047E+04  0.41590721822556E+03  0.00000000000000E+00  0.41865339231121E+02 -0.18960561833354E+01
  0.92562589131059E+02  0.34416652677629E+03  0.39710611868043E+03  0.10296494234639E+02  0.36067339322422E+04  0.00000000000000E+00 -0.48087115962386E+04  0.40818150602312E+03  0.00000000000000E+00  0.38896217812204E+02 -0.33308004697850E+01
  0.93422021594510E+02  0.33694666360006E+03  0.38645286802520E+03  0.10201760312118E+02  0.35267420567800E+04  0.00000000000000E+00 -0.47016673178901E+04  0.40209900269870E+03  0.00000000000000E+00  0.35789035391978E+02 -0.34359310820225E+01
  0.94284029555521E+02  0.32982135599493E+03  0.37606854724171E+03  0.10116784063789E+02  0.34485778044745E+04  0.00000000000000E+00 -0.45974293691183E+04  0.39733844118054E+03  0.00000000000000E+00  0.33213498040332E+02 -0.22929381224869E+01
  0.95148587371320E+02  0.32278924843948E+03  0.36594348209280E+03  0.10041667610134E+02  0.33720273765029E+04  0.00000000000000E+00 -0.44961363894580E+04  0.39337132769601E+03  0.00000000000000E+00  0.31739530652306E+02 -0.22375646437486E+00
  0.96015669323281E+02  0.31584894453400E+03  0.35606923461565E+03  0.99766202132615E+01  0.32969861786691E+04  0.00000000000000E+00 -0.43978517893002E+04  0.38927408582964E+03  0.00000000000000E+00  0.31787817496355E+02  0.20910920578003E+01
  0.96885249617695E+02  0.30899871117752E+03  0.34643852334235E+03  0.99215382831405E+01  0.32235319284104E+04  0.00000000000000E+00 -0.43023818406515E+04  0.38388298959363E+03  0.00000000000000E+00  0.33186024918414E+02  0.35778750739323E+01
  0.97757302386524E+02  0.30223682966266E+03  0.33704455732393E+03  0.98761074701890E+01  0.31519047227301E+04  0.00000000000000E+00 -0.42092177673196E+04  0.37664414072595E+03  0.00000000000000E+00  0.34909499795511E+02  0.33980903887515E+01
  0.98631801688190E+02  0.29556148506932E+03  0.32788030220171E+03  0.98404283107055E+01  0.30823469337888E+04  0.00000000000000E+00 -0.41178214202389E+04  0.36817997935860E+03  0.00000000000000E+00  0.35713990410212E+02  0.17016989004407E+01
  0.99508721508331E+02  0.28896992096466E+03  0.31893803444308E+03  0.98153387510350E+01  0.30149392864654E+04  0.00000000000000E+00 -0.40279578024045E+04  0.35987098691747E+03  0.00000000000000E+00  0.35013642525315E+02 -0.41059233760079E+00
  0.10038803576058E+03  0.28245772807990E+03  0.31020918683713E+03  0.98018846732012E+01  0.29495580248284E+04  0.00000000000000E+00 -0.39397530780683E+04  0.35290527274209E+03  0.00000000000000E+00  0.33118706548775E+02 -0.17022743588292E+01
  0.10126971828734E+03  0.27601905070698E+03  0.30168455433553E+03  0.98001765810589E+01  0.28859368484733E+04  0.00000000000000E+00 -0.38535263902368E+04  0.34756630229718E+03  0.00000000000000E+00  0.30906981925796E+02 -0.16124759169242E+01
  0.10215374286057E+03  0.26964813159782E+03  0.29335487775758E+03  0.98082642590369E+01  0.28237822298209E+04  0.00000000000000E+00 -0.37695720414769E+04  0.34310690767475E+03  0.00000000000000E+00  0.29346628078252E+02 -0.52500228851096E+00
  0.10304008318255E+03  0.26334214322781E+03  0.28521132940726E+03  0.98219547834826E+01  0.27629067332664E+04  0.00000000000000E+00 -0.36879166048634E+04  0.33844166785193E+03  0.00000000000000E+00  0.28826048607865E+02  0.63327228137911E+00
  0.10392871288667E+03  0.25710357615421E+03  0.27724558596887E+03  0.98362468822641E+01  0.27032721152920E+04  0.00000000000000E+00 -0.36082864699822E+04  0.33318145180398E+03  0.00000000000000E+00  0.28885638877978E+02  0.12381449971284E+01
  0.10481960553824E+03  0.25093980185072E+03  0.26944989630151E+03  0.98475801975569E+01  0.26449103987878E+04  0.00000000000000E+00 -0.35304017803418E+04  0.32780248279144E+03  0.00000000000000E+00  0.28850678164498E+02  0.13990577517190E+01
  0.10571273463521E+03  0.24485981683668E+03  0.26181748956110E+03  0.98550931288355E+01  0.25878534468859E+04  0.00000000000000E+00 -0.34541532412421E+04  0.32294731918702E+03  0.00000000000000E+00  0.28380408470733E+02  0.15603328282055E+01
  0.10660807360904E+03  0.23887072821796E+03  0.25434299617947E+03  0.98600927318258E+01  0.25321090109719E+04  0.00000000000000E+00 -0.33795276999774E+04  0.31891673089102E+03  0.00000000000000E+00  0.27444120062142E+02  0.20159790768965E+01
  0.10750559582543E+03  0.23297617004660E+03  0.24702246089455E+03  0.98645816309341E+01  0.24776341007098E+04  0.00000000000000E+00 -0.33065591637628E+04  0.31564643598364E+03  0.00000000000000E+00  0.26244878819670E+02  0.28294643224019E+01
  0.10840527458514E+03  0.22717668005250E+03  0.23985307232141E+03  0.98700467389916E+01  0.24243315099635E+04  0.00000000000000E+00 -0.32353416811643E+04  0.31275469381148E+03  0.00000000000000E+00  0.25210111624300E+02  0.38544333478321E+01
  0.10930708312478E+03  0.22147092914782E+03  0.23283290989843E+03  0.98770137753514E+01  0.23721115067138E+04  0.00000000000000E+00 -0.31659661335302E+04  0.30958766063946E+03  0.00000000000000E+00  0.24788589961891E+02  0.47024766066450E+01
  0.11021099461759E+03  0.21585696039128E+03  0.22596064549608E+03  0.98853008986074E+01  0.23209821277572E+04  0.00000000000000E+00 -0.30983720439624E+04  0.30556101381858E+03  0.00000000000000E+00  0.25015314522716E+02  0.48893189220664E+01
  0.11111698217428E+03  0.21033290089476E+03  0.21923511280852E+03  0.98946623849205E+01  0.22710664793870E+04  0.00000000000000E+00 -0.30323031937302E+04  0.30065540146480E+03  0.00000000000000E+00  0.25320138648019E+02  0.42015018577780E+01
  0.11202501884378E+03  0.20489699854351E+03  0.21265489943220E+03  0.99052910256644E+01  0.22224981080482E+04  0.00000000000000E+00 -0.29674980940913E+04  0.29548197910524E+03  0.00000000000000E+00  0.25002122825766E+02  0.29413048893247E+01
  0.11293507761406E+03  0.19954761402702E+03  0.20621802940781E+03  0.99178190624673E+01  0.21752997848326E+04  0.00000000000000E+00 -0.29039356031649E+04  0.29069653980481E+03  0.00000000000000E+00  0.23925083938946E+02  0.16692679087330E+01
  0.11384713141295E+03  0.19428361227670E+03  0.19992173320823E+03  0.99330736026305E+01  0.21293853651069E+04  0.00000000000000E+00 -0.28417944061047E+04  0.28648856012784E+03  0.00000000000000E+00  0.22501830257215E+02  0.71976847475587E+00
  0.11476115310893E+03  0.18910457423958E+03  0.19376244243492E+03  0.99520017736528E+01  0.20846400709635E+04  0.00000000000000E+00 -0.27812651319822E+04  0.28267820534352E+03  0.00000000000000E+00  0.21244786593759E+02  0.11694936677947E+00
  0.11567711551194E+03  0.18401029388566E+03  0.18773605091391E+03  0.99757984605743E+01  0.20409869523837E+04  0.00000000000000E+00 -0.27224415886654E+04  0.27904011737656E+03  0.00000000000000E+00  0.20464160374970E+02 -0.22821527002728E+00
  0.11659499137418E+03  0.17899976520517E+03  0.18183829989587E+03  0.10006016890175E+02  0.19984098997870E+04  0.00000000000000E+00 -0.26652267926167E+04  0.27558332372171E+03  0.00000000000000E+00  0.20032097129757E+02 -0.35738998704745E+00
  0.11751475339093E+03  0.17407024616847E+03  0.17606518908670E+03  0.10044284927729E+02  0.19568945002526E+04  0.00000000000000E+00 -0.26094109024487E+04  0.27253499846472E+03  0.00000000000000E+00  0.19605824961630E+02 -0.19585858687942E+00
  0.11843637420138E+03  0.16921728639268E+03  0.17041328421739E+03  0.10091476323710E+02  0.19163613472362E+04  0.00000000000000E+00 -0.25548822874344E+04  0.26998726955274E+03  0.00000000000000E+00  0.19138185278967E+02  0.32656156723937E+00
  0.11935982638940E+03  0.16443601464475E+03  0.16487978675546E+03  0.10146990502498E+02  0.18767006142166E+04  0.00000000000000E+00 -0.25016467071223E+04  0.26772244078713E+03  0.00000000000000E+00  0.18858772002027E+02  0.10979117861249E+01
  0.12028508248440E+03  0.15972269142540E+03  0.15946244977227E+03  0.10208907902907E+02  0.18378442471407E+04  0.00000000000000E+00 -0.24497062431908E+04  0.26536772237262E+03  0.00000000000000E+00  0.18922781046593E+02  0.18225564696768E+01
  0.12121211496211E+03  0.15507551685389E+03  0.15415947515706E+03  0.10274964294941E+02  0.17997867423123E+04  0.00000000000000E+00 -0.23990115415457E+04  0.26262286651200E+03  0.00000000000000E+00  0.19273190339893E+02  0.21812139243733E+01
  0.12214089624543E+03  0.15049441852056E+03  0.14896939736879E+03  0.10343742818404E+02  0.17625683476090E+04  0.00000000000000E+00 -0.23494792970681E+04  0.25944414496772E+03  0.00000000000000E+00  0.19687693826338E+02  0.20284480427377E+01
  0.12307139870524E+03  0.14597994794296E+03  0.14389092463092E+03  0.10415364842492E+02  0.17262478390944E+04  0.00000000000000E+00 -0.23010171510655E+04  0.25608387171130E+03  0.00000000000000E+00  0.19890951253285E+02  0.14917484098604E+01
  0.12400359466120E+03  0.14153206573647E+03  0.13892267945008E+03  0.10491243645185E+02  0.16908666164969E+04  0.00000000000000E+00 -0.22535834391450E+04  0.25289656873810E+03  0.00000000000000E+00  0.19753714215651E+02  0.87944913744688E+00
  0.12493745638262E+03  0.13714971145819E+03  0.13406285759860E+03  0.10573230835429E+02  0.16564273990452E+04  0.00000000000000E+00 -0.22072074915520E+04  0.25014529272088E+03  0.00000000000000E+00  0.19349115004423E+02  0.50011511072110E+00
  0.12587295608923E+03  0.13283114973042E+03  0.12930906489312E+03  0.10662791074927E+02  0.16228941308623E+04  0.00000000000000E+00 -0.21619777907993E+04  0.24789585453479E+03  0.00000000000000E+00  0.18911519093509E+02  0.52671938976287E+00
  0.12681006595205E+03  0.12857458719794E+03  0.12465849162849E+03  0.10760486615218E+02  0.15902201743537E+04  0.00000000000000E+00 -0.21179999755640E+04  0.24593279024295E+03  0.00000000000000E+00  0.18735518163125E+02  0.88207263739498E+00
  0.12774875809420E+03  0.12437878944898E+03  0.12010820055121E+03  0.10865857165688E+02  0.15583907731041E+04  0.00000000000000E+00 -0.20753036223835E+04  0.24386407414318E+03  0.00000000000000E+00  0.18949040807891E+02  0.12531128375494E+01
  0.12868900459172E+03  0.12024353367215E+03  0.11565526778779E+03  0.10977790663022E+02  0.15274398440230E+04  0.00000000000000E+00 -0.20337927093859E+04  0.24140049005143E+03  0.00000000000000E+00  0.19374780927565E+02  0.12989977390736E+01
  0.12963077747442E+03  0.11616961791777E+03  0.11129680510298E+03  0.11095269787119E+02  0.14974229040697E+04  0.00000000000000E+00 -0.19932913529962E+04  0.23860136397496E+03  0.00000000000000E+00  0.19630437336856E+02  0.92504519312742E+00
  0.13057404872671E+03  0.11215829757189E+03  0.10703006070712E+03  0.11218076875394E+02  0.14683615993938E+04  0.00000000000000E+00 -0.19536564612903E+04  0.23583479090717E+03  0.00000000000000E+00  0.19413349420065E+02  0.35971358516070E+00
  0.13151879028842E+03  0.10821042602203E+03  0.10285267822958E+03  0.11347007030771E+02  0.14402068544658E+04  0.00000000000000E+00 -0.19148661104620E+04  0.23346447193969E+03  0.00000000000000E+00  0.18736514891956E+02 -0.48157882183951E-01
  0.13246497405563E+03  0.10432585159114E+03  0.98762950615956E+02  0.11483471673038E+02  0.14128608387525E+04  0.00000000000000E+00 -0.18769947357282E+04  0.23156392141568E+03  0.00000000000000E+00  0.17872322086172E+02 -0.12537959368699E+00
  0.13341257188155E+03  0.10050339935842E+03  0.94759854361773E+02  0.11628807106688E+02  0.13862384134804E+04  0.00000000000000E+00 -0.18401009349301E+04  0.22995951946597E+03  0.00000000000000E+00  0.17052807612688E+02  0.41866455738131E-01
  0.13436155557728E+03  0.96741272515110E+02  0.90842856988858E+02  0.11783716701255E+02  0.13602961090401E+04  0.00000000000000E+00 -0.18041840512982E+04  0.22849937072161E+03  0.00000000000000E+00  0.16336172237884E+02  0.31544690660664E+00
  0.13531189691273E+03  0.93037522939308E+02  0.87011678371591E+02  0.11948025330813E+02  0.13350126496862E+04  0.00000000000000E+00 -0.17692286592010E+04  0.22718526679756E+03  0.00000000000000E+00  0.15717685683364E+02  0.68416960780703E+00
  0.13626356761741E+03  0.89390499474648E+02  0.83266131245263E+02  0.12120670685566E+02  0.13103688637384E+04  0.00000000000000E+00 -0.17352313743149E+04  0.22605454625268E+03  0.00000000000000E+00  0.15217002683429E+02  0.11863397651190E+01
  0.13721653938129E+03  0.85799349924406E+02  0.79606008284286E+02  0.12299907178365E+02  0.12863478628027E+04  0.00000000000000E+00 -0.17021958263296E+04  0.22502424825563E+03  0.00000000000000E+00  0.14875226589154E+02  0.17567767049311E+01
  0.13817078385562E+03  0.82264363471708E+02  0.76030990065474E+02  0.12483787005430E+02  0.12629407151806E+04  0.00000000000000E+00 -0.16701312054334E+04  0.22388536220335E+03  0.00000000000000E+00  0.14743777217693E+02  0.22177897108650E+01
  0.13912627265381E+03  0.78786834469950E+02  0.72540621997575E+02  0.12670755901275E+02  0.12401520983724E+04  0.00000000000000E+00 -0.16390472743407E+04  0.22242298941241E+03  0.00000000000000E+00  0.14864682721023E+02  0.23907085339301E+01
  0.14008297735225E+03  0.75368541680409E+02  0.69134358750589E+02  0.12860026986906E+02  0.12180095994876E+04  0.00000000000000E+00 -0.16089185634330E+04  0.22055115600024E+03  0.00000000000000E+00  0.15181483689386E+02  0.21866031620776E+01
  0.14104086949114E+03  0.72011202794231E+02  0.65811623838920E+02  0.13051581652391E+02  0.11965582649679E+04  0.00000000000000E+00 -0.15796556552417E+04  0.21840921995094E+03  0.00000000000000E+00  0.15474417298673E+02  0.16606552614228E+01
  0.14199992057539E+03  0.68716152604009E+02  0.62571857499103E+02  0.13245865527360E+02  0.11758232989745E+04  0.00000000000000E+00 -0.15511811162939E+04  0.21629167315189E+03  0.00000000000000E+00  0.15549335114651E+02  0.10170665776002E+01
  0.14296010207540E+03  0.65484326711813E+02  0.59414538845507E+02  0.13443354675377E+02  0.11557887551691E+04  0.00000000000000E+00 -0.15235247273051E+04  0.21438307123603E+03  0.00000000000000E+00  0.15464734224782E+02  0.45405355751733E+00
  0.14392138542796E+03  0.62316457146628E+02  0.56339174130316E+02  0.13644249322972E+02  0.11364329453894E+04  0.00000000000000E+00 -0.14967617573141E+04  0.21263585890199E+03  0.00000000000000E+00  0.15382531448151E+02 -0.10540974648379E-01
  0.14488374203710E+03  0.59213241018427E+02  0.53345268823988E+02  0.13848459543831E+02  0.11177635742503E+04  0.00000000000000E+00 -0.14708938174552E+04  0.21097038807804E+03  0.00000000000000E+00  0.15293987671846E+02 -0.45889806873653E+00
  0.14584714327488E+03  0.56175317263160E+02  0.50432309990494E+02  0.14055759513122E+02  0.10997945286610E+04  0.00000000000000E+00 -0.14458623942896E+04  0.20948066840157E+03  0.00000000000000E+00  0.15072820173562E+02 -0.85099028659322E+00
  0.14681156048232E+03  0.53203133359183E+02  0.47599791942819E+02  0.14265832033252E+02  0.10824997971848E+04  0.00000000000000E+00 -0.14216440830076E+04  0.20836990820620E+03  0.00000000000000E+00  0.14720086258903E+02 -0.98553402244514E+00
  0.14777696497021E+03  0.50296932261092E+02  0.44847301378848E+02  0.14478084995162E+02  0.10658073802082E+04  0.00000000000000E+00 -0.13982653332132E+04  0.20774305952162E+03  0.00000000000000E+00  0.14400570061139E+02 -0.69200478718718E+00
  0.14874332801995E+03  0.47457000425218E+02  0.42174600199112E+02  0.14691406531756E+02  0.10496354653171E+04  0.00000000000000E+00 -0.13757409173210E+04  0.20749582212221E+03  0.00000000000000E+00  0.14271082225955E+02 -0.15540499603951E-01
  0.14971062088446E+03  0.44684073586681E+02  0.39581622984674E+02  0.14904179537289E+02  0.10339314168232E+04  0.00000000000000E+00 -0.13540450152413E+04  0.20735408410347E+03  0.00000000000000E+00  0.14367297334609E+02  0.77765912855537E+00
  0.15067881478897E+03  0.41979579624765E+02  0.37068410640308E+02  0.15114734693353E+02  0.10186907724447E+04  0.00000000000000E+00 -0.13331173412307E+04  0.20703964389482E+03  0.00000000000000E+00  0.14588706491573E+02  0.13645065587580E+01
  0.15164788093193E+03  0.39345459568055E+02  0.34635074827420E+02  0.15321990952105E+02  0.10039502447498E+04  0.00000000000000E+00 -0.13128841451487E+04  0.20646405332301E+03  0.00000000000000E+00  0.14755059193198E+02  0.15877374649492E+01
  0.15261779048581E+03  0.36783702145838E+02  0.32281824020333E+02  0.15525728583337E+02  0.98976081185872E+03  0.00000000000000E+00 -0.12933136698211E+04  0.20573546793825E+03  0.00000000000000E+00  0.14761154190875E+02  0.15350189162952E+01
  0.15358851459804E+03  0.34296006341926E+02  0.30008995427690E+02  0.15726221646293E+02  0.97616587687239E+03  0.00000000000000E+00 -0.12744431442887E+04  0.20498854406352E+03  0.00000000000000E+00  0.14657034437796E+02  0.13995345008768E+01
  0.15456002439176E+03  0.31883800620052E+02  0.27817040899322E+02  0.15923545349762E+02  0.96319640625222E+03  0.00000000000000E+00 -0.12563307018564E+04  0.20428386471733E+03  0.00000000000000E+00  0.14546533153207E+02  0.13204891354938E+01
  0.15553229096678E+03  0.29548486460539E+02  0.25706472318486E+02  0.16117097889148E+02  0.95087220367546E+03  0.00000000000000E+00 -0.12389970254487E+04  0.20362974238372E+03  0.00000000000000E+00  0.14467763368300E+02  0.13447406470087E+01
  0.15650528540039E+03  0.27291645663407E+02  0.23677801876324E+02  0.16305597454889E+02  0.93919821216017E+03  0.00000000000000E+00 -0.12224211074163E+04  0.20299871833046E+03  0.00000000000000E+00  0.14399263841227E+02  0.14501319102169E+01
  0.15747897874822E+03  0.25115083080492E+02  0.21731501981607E+02  0.16487444171141E+02  0.92815683089342E+03  0.00000000000000E+00 -0.12065736239569E+04  0.20231463392188E+03  0.00000000000000E+00  0.14332345296128E+02  0.15642153877706E+01
  0.15845334204511E+03  0.23020731911353E+02  0.19867996787434E+02  0.16661193320171E+02  0.91770688146033E+03  0.00000000000000E+00 -0.11914432934599E+04  0.20147938977755E+03  0.00000000000000E+00  0.14302109340650E+02  0.15950091376187E+01
  0.15942834630597E+03  0.21010494881778E+02  0.18087687832460E+02  0.16825916090845E+02  0.90779817572570E+03  0.00000000000000E+00 -0.11770316329237E+04  0.20043521319778E+03  0.00000000000000E+00  0.14347720328835E+02  0.14735751336458E+01
  0.16040396252665E+03  0.19086101206786E+02  0.16390982888354E+02  0.16981314084408E+02  0.89839270323656E+03  0.00000000000000E+00 -0.11633283742822E+04  0.19920288818774E+03  0.00000000000000E+00  0.14453004106896E+02  0.11786194285298E+01
  0.16138016168478E+03  0.17249053129969E+02  0.14778272529447E+02  0.17127601602263E+02  0.88947350481674E+03  0.00000000000000E+00 -0.11503108097929E+04  0.19785829612342E+03  0.00000000000000E+00  0.14557300218453E+02  0.73321862735927E+00
  0.16235691474068E+03  0.15500659475551E+02  0.13249844736913E+02  0.17265292106525E+02  0.88104062639839E+03  0.00000000000000E+00 -0.11379552148464E+04  0.19651277391768E+03  0.00000000000000E+00  0.14588339379647E+02  0.20232116834120E+00
  0.16333419263816E+03  0.13842073368921E+02  0.11805809931949E+02  0.17394982249910E+02  0.87309786818686E+03  0.00000000000000E+00 -0.11262468747755E+04  0.19531496585103E+03  0.00000000000000E+00  0.14492034870027E+02 -0.29914031682321E+00
  0.16431196630542E+03  0.12274296973573E+02  0.10446107573529E+02  0.17517140357273E+02  0.86563706919586E+03  0.00000000000000E+00 -0.11151973196841E+04  0.19438303590307E+03  0.00000000000000E+00  0.14291292482557E+02 -0.64837719823955E+00
  0.16529020665594E+03  0.10798181727127E+02  0.91705826228573E+01  0.17631960689282E+02  0.85863884622582E+03  0.00000000000000E+00 -0.11048193771339E+04  0.19374449902699E+03  0.00000000000000E+00  0.14039933371897E+02 -0.79537346992927E+00
  0.16626888458929E+03  0.94144384879131E+01  0.79790720184474E+01  0.17739330012451E+02  0.85208298273920E+03  0.00000000000000E+00 -0.10950932280124E+04  0.19338913281547E+03  0.00000000000000E+00  0.13735066028689E+02 -0.75320591026675E+00
  0.16724797099203E+03  0.81236728569441E+01  0.68714481070969E+01  0.17838849128195E+02  0.84594909045746E+03  0.00000000000000E+00 -0.10859929108671E+04  0.19332042490442E+03  0.00000000000000E+00  0.13364056567221E+02 -0.52536884574833E+00
  0.16822743673857E+03  0.69264471307754E+01  0.58476023300957E+01  0.17929921889282E+02  0.84021285662413E+03  0.00000000000000E+00 -0.10775355177371E+04  0.19348544959977E+03  0.00000000000000E+00  0.13011311188606E+02 -0.12192897446755E+00
  0.16920725269205E+03  0.58233156343459E+01  0.49073997229697E+01  0.18011981779956E+02  0.83485351526833E+03  0.00000000000000E+00 -0.10697610742491E+04  0.19371719187176E+03  0.00000000000000E+00  0.12811135707987E+02  0.36346573626049E+00
  0.17018738970516E+03  0.48148006102691E+01  0.40506454227560E+01  0.18084763169325E+02  0.82986568898688E+03  0.00000000000000E+00 -0.10626698715824E+04  0.19383842000753E+03  0.00000000000000E+00  0.12797475191559E+02  0.78192180593521E+00
  0.17116781862106E+03  0.39013479846673E+01  0.32770754776068E+01  0.18148417532545E+02  0.82525924812602E+03  0.00000000000000E+00 -0.10562221809340E+04  0.19378681851788E+03  0.00000000000000E+00  0.12886671026806E+02  0.10373977315160E+01
  0.17214851027424E+03  0.30833135546064E+01  0.25863634199652E+01  0.18203388825773E+02  0.82104999400435E+03  0.00000000000000E+00 -0.10503940986626E+04  0.19361465642431E+03  0.00000000000000E+00  0.12992000664202E+02  0.11356182305911E+01
  0.17312943549134E+03  0.23609886304865E+01  0.19781353512854E+01  0.18250153843394E+02  0.81725424214874E+03  0.00000000000000E+00 -0.10452003533560E+04  0.19342482840371E+03  0.00000000000000E+00  0.13084607799440E+02  0.11526028210724E+01
  0.17411056509208E+03  0.17346341574753E+01  0.14519916697638E+01  0.18289035538234E+02  0.81388761222191E+03  0.00000000000000E+00 -0.10406681892642E+04  0.19330723522250E+03  0.00000000000000E+00  0.13166203486228E+02  0.11685230319082E+01
  0.17509186989009E+03  0.12044869854886E+01  0.10075347768240E+01  0.18320236698035E+02  0.81096312342039E+03  0.00000000000000E+00 -0.10368178883718E+04  0.19327268555401E+03  0.00000000000000E+00  0.13251693627731E+02  0.12018726906826E+01
  0.17607332069378E+03  0.77072815409250E+00  0.64440054968465E+00  0.18344068831642E+02  0.80849340998540E+03  0.00000000000000E+00 -0.10336679367828E+04  0.19323923558207E+03  0.00000000000000E+00  0.13375325588327E+02  0.11992319084104E+01
  0.17705488830723E+03  0.43344041181822E+00  0.36228471320487E+00  0.18361165835321E+02  0.80649906900643E+03  0.00000000000000E+00 -0.10312365697574E+04  0.19311013778206E+03  0.00000000000000E+00  0.13569405758361E+02  0.10989337497924E+01
  0.17803654353105E+03  0.19260375159585E+00  0.16095162301251E+00  0.18372442770120E+02  0.80501515321363E+03  0.00000000000000E+00 -0.10295304012881E+04  0.19287738181699E+03  0.00000000000000E+00  0.13824144541651E+02  0.91227642892750E+00
  0.17901825716322E+03  0.48145059144594E-01  0.40227756413022E-01  0.18378803692399E+02  0.80409076708374E+03  0.00000000000000E+00 -0.10285318932847E+04  0.19264431255224E+03  0.00000000000000E+00  0.14061047722420E+02  0.73141058169291E+00
  0.18000000000000E+03 -0.21602648824323E-14 -0.46296574919762E-14  0.18380855920675E+02  0.80377534556349E+03  0.00000000000000E+00 -0.10282055377106E+04  0.19254640407685E+03  0.00000000000000E+00  0.14160450209650E+02  0.65751806009447E+00
