 % Spectral simulation Chan180_S4_B3
 % 
 % Papers: 
 % 
 % 1. A.W. Vreman and J.G.M. Kuerten, Comparison of DNS databases of turbulent 
 %    channel flow at Re_tau=180, Phys. Fluids 26, 015102 (2014). 
 % 2. A.W. Vreman and J.G.M. Kuerten, Statistics of spatial derivatives of 
 %    velocity and pressure in turbulent channel flow, Phys. Fluids 26, 
 %    085103 (2014).
 % 3. A.W. Vreman and J.G.M. Kuerten, A third-order multistep time 
 %    discretization for a Cheyshev tau spectral method. 
 % 
 % The simulations "*_B3" were performed with a modified spectral method: 
 %  - The time discretization scheme was replaced by the third-order time 
 %    discretization scheme B3, defined in Ref. 3 mentioned above. 
 %  - The right-hand side of the pressure Poisson equation was -u_{i,k}u_{k,i}
 %    (instead of minus the divergence of the rotational form of the
 %    convective terms). Thus the Laplacian of the pressure is zero to 
 %    machine precision at the walls, which leads to improved behaviour of  
 %    higher-order moments of pressure derivatives in the first few grid 
 %    points of the wall. The pressure Poisson equation was used for 
 %    post-processing only. 
 %
 % Parameters:     H=1; nu=1/180; forcing=1
 % Domain:         4pi x  2  x 2pi/3
 % Resolution:     576 x 577 x 385
 % Averaging time: 100
 % Computed u_tau: 0.99970
 %
 % Creation date of the columns in this datafile: 3 February 2015
 %
 % Data format:    288 rows, 11 columns
 %
 % Budget of vorticity variance < vor_i' vor_i' >  
 % i=2,   summation over k    
 %
 % Description of columns:
 %
 % Column   1:  y+ (=180*y)
 % Column   2:  M1_vor_i
 % Column   3:  M2_vor_i
 %      M1_vor_i + M2_vor_i = 2 <vor'_i vor'_k> <u_{i,k}> + 2 <vor'_i u'_{i,k}> <vor_k>  
 % Column   4:  M3_vor_i      -2<vor'_i u'_{i,k}> <vor_{i,k}> 
 % Column   5:  G_vor_i       -2<vor'_i vor'_k u'_{i,k}>
 % Column   6:  0
 % Column   7: -2*nu*B_vor_i  -2*nu*<vor'_{i,k} vor'_{i,k}>
 % Column   8:  Tt_vor_i      -<u'_k vor'_i vor'_i >_{,k}
 % Column   9:  0
 % Column  10:  Tv_vor_i      nu*<vor_i' vor_i'>_{,kk}
 % Column  11:  total         (M1+M2+M3+G-2*nu*B+Tt+Tv)_vor_i 
  0.26772949043941E-02  0.22029496799022E-05  0.32321581905026E-23  0.93702532894588E-26  0.36983108341639E-05  0.00000000000000E+00 -0.86652604982190E+04 -0.18313925615182E-05  0.00000000000000E+00  0.86652604947894E+04  0.64025880419649E-06
  0.10709099973005E-01  0.14099251519574E-03  0.49049265851898E-21  0.11569607313719E-23  0.23640407863019E-03  0.00000000000000E+00 -0.86652936446785E+04 -0.11804329741429E-03  0.00000000000000E+00  0.86652933953043E+04  0.99790740932804E-05
  0.24095176279195E-01  0.16060794528804E-02 -0.70948673521479E-20 -0.10538073832770E-23  0.26873652348840E-02  0.00000000000000E+00 -0.86654362307101E+04 -0.13410253037645E-02  0.00000000000000E+00  0.86654333289031E+04  0.50612392442417E-04
  0.42835125616196E-01  0.90248671733671E-02  0.11009386277295E-19  0.11119266089157E-21  0.15057151312043E-01  0.00000000000000E+00 -0.86658159593133E+04 -0.75086470847059E-02  0.00000000000000E+00  0.86657995458305E+04  0.15988865197869E-03
  0.66928390514998E-01  0.34432466189216E-01  0.36244205702433E-19  0.24118429341498E-21  0.57234129048720E-01  0.00000000000000E+00 -0.86666051966210E+04 -0.28516347075468E-01  0.00000000000000E+00  0.86665424367541E+04  0.39038130671543E-03
  0.96374254253397E-01  0.10283901129998E+00  0.16929660963934E-18  0.31531782896025E-21  0.17016627523466E+00  0.00000000000000E+00 -0.86680149999803E+04 -0.84694490734295E-01  0.00000000000000E+00  0.86678274985499E+04  0.80936549238686E-03
  0.13117184088660E+00  0.25940944302020E+00  0.13988074232519E-18  0.51887967817729E-20  0.42694762484274E+00  0.00000000000000E+00 -0.86702880172163E+04 -0.21223861898845E+00  0.00000000000000E+00  0.86698153980414E+04  0.14992740689195E-02
  0.17132011526520E+00  0.57828127187343E+00 -0.22449363295521E-17  0.39877366606123E-20  0.94590199573853E+00  0.00000000000000E+00 -0.86736905938979E+04 -0.46956503407030E+00  0.00000000000000E+00  0.86726385327852E+04  0.25571208443580E-02
  0.21681788306941E+00  0.11730569037598E+01 -0.16376265716826E-17 -0.13144928842698E-19  0.19054119623655E+01  0.00000000000000E+00 -0.86785044094490E+04 -0.94444657423540E+00  0.00000000000000E+00  0.86763744820405E+04  0.40948833993752E-02
  0.26766379084320E+00  0.22090153479228E+01 -0.65951566033103E-17 -0.58761480706611E-19  0.35602002923658E+01  0.00000000000000E+00 -0.86850179129978E+04 -0.17617772267511E+01  0.00000000000000E+00  0.86810167134077E+04  0.62388234509854E-02
  0.32385632603760E+00  0.39170885529265E+01 -0.32044661386398E-17  0.73966157551795E-19  0.62587132417800E+01  0.00000000000000E+00 -0.86935177553332E+04 -0.30918002356474E+01  0.00000000000000E+00  0.86864428835204E+04  0.91297462458897E-02
  0.38539381705199E+00  0.66096340157896E+01  0.12970983875171E-16 -0.11425697817764E-18  0.10461167545987E+02  0.00000000000000E+00 -0.87042803282728E+04 -0.51586248220893E+01  0.00000000000000E+00  0.86923810737071E+04  0.12922174013511E-01
  0.45227443328640E+00  0.10698000742632E+02  0.15265904337396E-16  0.80908830366240E-19  0.16757693032562E+02  0.00000000000000E+00 -0.87175634446368E+04 -0.82488319156671E+01  0.00000000000000E+00  0.86983743672391E+04  0.17784461753763E-01
  0.52449618519541E+00  0.16711823051643E+02 -0.25549050234465E-16 -0.46125531623571E-18  0.25885820330156E+02  0.00000000000000E+00 -0.87335981400402E+04 -0.12719942632158E+02  0.00000000000000E+00  0.87037443371372E+04  0.23897846673208E-01
  0.60205692434760E+00  0.25319879700295E+02  0.40967597190049E-17 -0.54345769849973E-19  0.38746323288387E+02  0.00000000000000E+00 -0.87525805704853E+04 -0.19008477351964E+02  0.00000000000000E+00  0.87075543013662E+04  0.31456517614060E-01
  0.68495434348500E+00  0.37352219524372E+02  0.14191628341103E-15  0.70319273913679E-18  0.56416132263518E+02  0.00000000000000E+00 -0.87746640324943E+04 -0.27637284968631E+02  0.00000000000000E+00  0.87085736324150E+04  0.40666739962035E-01
  0.77318597660221E+00  0.53823076842950E+02  0.29380146538258E-15 -0.12713852886634E-17  0.80156703414099E+02  0.00000000000000E+00 -0.87999512537302E+04 -0.39221758037255E+02  0.00000000000000E+00  0.87052449787183E+04  0.51747207869994E-01
  0.86674919900399E+00  0.75953881497160E+02  0.17053110327284E-15  0.12874242667090E-17  0.11141589221126E+03  0.00000000000000E+00 -0.88284872898080E+04 -0.54474490971652E+02  0.00000000000000E+00  0.86956569357773E+04  0.64928706071441E-01
  0.96564122740260E+00  0.10519541530157E+03  0.10733724781087E-15  0.18117752461386E-18  0.15182108595717E+03  0.00000000000000E+00 -0.88602536013880E+04 -0.74207874779218E+02  0.00000000000000E+00  0.86775254302075E+04  0.80455299003006E-01
  0.10698591199824E+01  0.14324789013286E+03 -0.21839646033024E-15  0.51730978791429E-17  0.20316116751907E+03  0.00000000000000E+00 -0.88951641424438E+04 -0.99334074923176E+02  0.00000000000000E+00  0.86481877447668E+04  0.98585051784539E-01
  0.11793997765008E+01  0.19207744025628E+03  0.10869881617814E-15  0.20581578116781E-17  0.26735489214002E+03  0.00000000000000E+00 -0.89330645170899E+04 -0.13086179736238E+03  0.00000000000000E+00  0.86046135743598E+04  0.11959230379944E+00
  0.12942599383710E+01  0.25392725657413E+03  0.22765280060475E-15 -0.21767797367334E-17  0.34640354779676E+03  0.00000000000000E+00 -0.89737353973014E+04 -0.16988923129115E+03  0.00000000000000E+00  0.85434375932202E+04  0.14376899851231E+00
  0.14144361887646E+01  0.33132137297058E+03 -0.38942125022749E-15 -0.69489772795229E-17  0.44232641458163E+03  0.00000000000000E+00 -0.90169013723116E+04 -0.21759255261905E+03  0.00000000000000E+00  0.84610175636595E+04  0.17142628103466E+00
  0.15399249527142E+01  0.42705897906967E+03 -0.13370907543206E-16 -0.12048696897277E-17  0.55707858866704E+03  0.00000000000000E+00 -0.90622461677304E+04 -0.27520940130068E+03  0.00000000000000E+00  0.83535208938775E+04  0.20289258309276E+00
  0.16707224972142E+01  0.54419711586502E+03 -0.51883438179225E-15 -0.39554878628575E-17  0.69245219002532E+03  0.00000000000000E+00 -0.91094347008536E+04 -0.34401680238728E+03  0.00000000000000E+00  0.82170407051580E+04  0.23850780743669E+00
  0.18068249313342E+01  0.68601974572061E+03 -0.16733661802647E-15  0.33856146764334E-17  0.84996376016189E+03  0.00000000000000E+00 -0.91581417432534E+04 -0.42530311905531E+03  0.00000000000000E+00  0.80477399644877E+04  0.27860806150329E+00
  0.19482282063396E+01  0.85599150517871E+03  0.38683039501837E-15 -0.25936087916499E-16  0.10307326293269E+04  0.00000000000000E+00 -0.92080861087678E+04 -0.52033381355386E+03  0.00000000000000E+00  0.78420192871225E+04  0.32349930636610E+00
  0.20949281158032E+01  0.10576949659955E+04 -0.31763459887769E-14  0.96775564778147E-17  0.12353569737714E+04  0.00000000000000E+00 -0.92590683883285E+04 -0.63031109028409E+03  0.00000000000000E+00  0.75967009532261E+04  0.37341438043768E+00
  0.22469202957384E+01  0.12947509493703E+04 -0.61136293856831E-15  0.16156262445983E-16  0.14637959276818E+04  0.00000000000000E+00 -0.93110094564833E+04 -0.75632790346744E+03  0.00000000000000E+00  0.73092189371118E+04  0.42845421324182E+00
  0.24042002247216E+01  0.15707223434660E+04 -0.94414471461675E-15 -0.42264583746223E-18  0.17152671893713E+04  0.00000000000000E+00 -0.93639864229361E+04 -0.89931734180202E+03  0.00000000000000E+00  0.69778027450501E+04  0.48851314928379E+00
  0.25667632240362E+01  0.18890029264372E+04 -0.44114826852497E-14 -0.29529757050861E-16  0.19881698353838E+04  0.00000000000000E+00 -0.94182625097577E+04 -0.10599990034759E+04  0.00000000000000E+00  0.66016419491268E+04  0.55319771423456E+00
  0.27346044578022E+01  0.22526938362567E+04  0.21260744857953E-14 -0.18167082593019E-16  0.22800413826420E+04  0.00000000000000E+00 -0.94743075579294E+04 -0.12388245989823E+04  0.00000000000000E+00  0.61810186867620E+04  0.62174874902394E+00
  0.29077189331256E+01  0.26644714761091E+04 -0.34407742024156E-15 -0.54435148295209E-17  0.25875564874138E+04  0.00000000000000E+00 -0.95328064935617E+04 -0.14359255635460E+04  0.00000000000000E+00  0.57173970784230E+04  0.69298483803050E+00
  0.30861015002460E+01  0.31264517084903E+04 -0.20060634289244E-13 -0.59465221740773E-16  0.29065721378797E+04  0.00000000000000E+00 -0.95946540384676E+04 -0.16510658501209E+04  0.00000000000000E+00  0.52134613225565E+04  0.76528033794330E+00
  0.32697468526860E+01  0.36400560757761E+04 -0.90344983508117E-14  0.25224204230593E-16  0.32322209980984E+04  0.00000000000000E+00 -0.96609351100243E+04 -0.18836032127267E+04  0.00000000000000E+00  0.46730978401358E+04  0.83659125923896E+00
  0.34586495274186E+01  0.42058863974870E+04 -0.19488706686123E-14  0.20028905074192E-16  0.35590509957713E+04  0.00000000000000E+00 -0.97328915785037E+04 -0.21324621456722E+04  0.00000000000000E+00  0.41013208596151E+04  0.90452869739875E+00
  0.36528039050166E+01  0.48236143564079E+04 -0.24327784287541E-13  0.10434995647309E-15  0.38812056613392E+04  0.00000000000000E+00 -0.98118771957738E+04 -0.23961211884731E+04  0.00000000000000E+00  0.35041448402053E+04  0.96647370541814E+00
  0.38522042098308E+01  0.54918925419272E+04 -0.41418767725090E-14  0.94713320470018E-17  0.41926364711847E+04  0.00000000000000E+00 -0.98993034573168E+04 -0.26726165823898E+04  0.00000000000000E+00  0.28884107408913E+04  0.10197142966131E+01
  0.40568445101574E+01  0.62082928447279E+04 -0.21280466554036E-13  0.25519938861960E-16  0.44873358351949E+04  0.00000000000000E+00 -0.99965798212222E+04 -0.29595633151203E+04  0.00000000000000E+00  0.22615760435954E+04  0.10615871756740E+01
  0.42667187184126E+01  0.69692771026073E+04  0.17861922723586E-13  0.16933120448942E-16  0.47595776407212E+04  0.00000000000000E+00 -0.10105052032595E+05 -0.32541935155788E+04  0.00000000000000E+00  0.16314804115595E+04  0.10896067144113E+01
  0.44818205913162E+01  0.77702035290478E+04 -0.12154007903137E-13 -0.39282838918362E-16  0.50041515699090E+04  0.00000000000000E+00 -0.10225942280045E+05 -0.35534110441072E+04  0.00000000000000E+00  0.10060998040479E+04  0.11015788522877E+01
  0.47021437300806E+01  0.86053707939529E+04 -0.97567126400220E-14 -0.48051309310624E-17  0.52165777881844E+04  0.00000000000000E+00 -0.10360294574179E+05 -0.38538600873124E+04  0.00000000000000E+00  0.39330178348495E+03  0.10957041306469E+01
  0.49276815805908E+01  0.94680997766323E+04 -0.99983642278720E-14  0.34689410613439E-16  0.53932899934756E+04  0.00000000000000E+00 -0.10508928153621E+05 -0.41520046940517E+04  0.00000000000000E+00 -0.19938623676742E+03  0.10706856682017E+01
  0.51584274336132E+01  0.10350851099619E+05  0.29536411018263E-14  0.13802741075000E-15  0.55317770573763E+04  0.00000000000000E+00 -0.10672400983371E+05 -0.44442155791998E+04  0.00000000000000E+00 -0.76498574563801E+03  0.10258487858662E+01
  0.53943744249828E+01  0.11245374710141E+05  0.44533736969012E-14  0.77410634636059E-16  0.56306763474296E+04  0.00000000000000E+00 -0.10850984610118E+05 -0.47268602036952E+04  0.00000000000000E+00 -0.12972449733875E+04  0.96127036994744E+00
  0.56355155358138E+01  0.12142886131119E+05  0.40805649503191E-13  0.57489632837071E-16  0.56898150216470E+04  0.00000000000000E+00 -0.11044650862573E+05 -0.49963921369900E+04  0.00000000000000E+00 -0.17907802609901E+04  0.87789221318417E+00
  0.58818435927084E+01  0.13034262666367E+05 -0.50282009632107E-13  0.18814699869181E-16  0.57101988572262E+04  0.00000000000000E+00 -0.11253070187431E+05 -0.52494359691193E+04  0.00000000000000E+00 -0.22411777833233E+04  0.77758371993059E+00
  0.61333512679674E+01  0.13910251901278E+05 -0.10521584202153E-13 -0.37618916129286E-16  0.56939512676887E+04  0.00000000000000E+00 -0.11475620818984E+05 -0.54828645184577E+04  0.00000000000000E+00 -0.26450547151773E+04  0.66311634775320E+00
  0.63900310798116E+01  0.14761684344758E+05 -0.22591398391105E-13 -0.92127945338722E-16  0.56442078748006E+04  0.00000000000000E+00 -0.11711407499775E+05 -0.56938656945862E+04  0.00000000000000E+00 -0.30000809879973E+04  0.53803719979260E+00
  0.66518753926032E+01  0.15579682030514E+05 -0.13444581595744E-14  0.60136747580261E-16  0.55649741831056E+04  0.00000000000000E+00 -0.11959288104809E+05 -0.58799970796267E+04  0.00000000000000E+00 -0.33049645686336E+04  0.40646055048728E+00
  0.69188764170672E+01  0.16355855320372E+05 -0.12521123588544E-15 -0.17628383925050E-15  0.54609554537738E+04  0.00000000000000E+00 -0.12217906282557E+05 -0.60392270304220E+04  0.00000000000000E+00 -0.35594046260097E+04  0.27283515724048E+00
  0.71910262105326E+01  0.17082480981932E+05  0.62758845660968E-13  0.38640234601209E-16  0.53373687329948E+04  0.00000000000000E+00 -0.12485728125899E+05 -0.61699618531969E+04  0.00000000000000E+00 -0.37640179770163E+04  0.14175881452911E+00
  0.74683166771646E+01  0.17752655772283E+05  0.20715174575918E-13  0.34751938685013E-16  0.51997471443093E+04  0.00000000000000E+00 -0.12761080931727E+05 -0.62710593079462E+04  0.00000000000000E+00 -0.39202447770238E+04  0.17899895578921E-01
  0.77507395682022E+01  0.18360421153937E+05 -0.75067300409543E-13  0.37196697063091E-17  0.50537460356727E+04  0.00000000000000E+00 -0.13042192291286E+05 -0.63418293228175E+04  0.00000000000000E+00 -0.40302395423308E+04 -0.93966825232201E-01
  0.80382864822084E+01  0.18900856293169E+05  0.51048668374047E-13  0.24011801857342E-16  0.49049594635204E+04  0.00000000000000E+00 -0.13327228050903E+05 -0.63820232810752E+04  0.00000000000000E+00 -0.40967532906462E+04 -0.18886593466505E+00
  0.83309488653186E+01  0.19370138039427E+05 -0.32421540930418E-13  0.37550499022975E-16  0.47587539372412E+04  0.00000000000000E+00 -0.13614328054652E+05 -0.63918135636584E+04  0.00000000000000E+00 -0.41230119375405E+04 -0.26157918191439E+00
  0.86287180114944E+01  0.19765568062481E+05 -0.31171408368501E-13 -0.45465420133570E-16  0.46201245341403E+04  0.00000000000000E+00 -0.13901638966033E+05 -0.63717651689233E+04  0.00000000000000E+00 -0.41125952262356E+04 -0.30676457050595E+00
  0.89315850627792E+01  0.20085568653994E+05 -0.17827460024060E-13 -0.75098887341287E-16  0.44935766571623E+04  0.00000000000000E+00 -0.14187343783805E+05 -0.63228012112921E+04  0.00000000000000E+00 -0.40693196059948E+04 -0.31928993588281E+00
  0.92395410095700E+01  0.20329649824848E+05 -0.23508702913019E-13 -0.23428357544099E-16  0.43830350549154E+04  0.00000000000000E+00 -0.14469687844217E+05 -0.62461639397662E+04  0.00000000000000E+00 -0.39971278248085E+04 -0.29472902803627E+00
  0.95525766908802E+01  0.20498351211806E+05 -0.55273079677892E-13 -0.13655728763133E-15  0.42917803737107E+04  0.00000000000000E+00 -0.14747001124347E+05 -0.61433726909628E+04  0.00000000000000E+00 -0.38999876561886E+04 -0.22988598201664E+00
  0.98706827946114E+01  0.20593162927918E+05 -0.10454067072127E-14  0.23073412004370E-16  0.42224124524261E+04  0.00000000000000E+00 -0.15017716607200E+05 -0.60161799616291E+04  0.00000000000000E+00 -0.37818019990702E+04 -0.12318755553952E+00
  0.10193849857831E+02  0.20616429848483E+05  0.67104598651292E-13  0.95818900929817E-16  0.41768387018618E+04  0.00000000000000E+00 -0.15280384466769E+05 -0.58665266393141E+04  0.00000000000000E+00 -0.36463322933154E+04  0.25150945883524E-01
  0.10522068267056E+02  0.20571243932778E+05 -0.35757363679852E-13  0.70794823778776E-16  0.41562851404768E+04  0.00000000000000E+00 -0.15533681961568E+05 -0.56964973471582E+04  0.00000000000000E+00 -0.34971365754745E+04  0.21318905430780E+00
  0.10855328258536E+02  0.20461329071021E+05 -0.14911364463950E-12 -0.39617616569081E-16  0.41613269837669E+04  0.00000000000000E+00 -0.15776419161447E+05 -0.55082768271690E+04  0.00000000000000E+00 -0.33375226020580E+04  0.43746411412167E+00
  0.11193619918547E+02  0.20290922657869E+05  0.57903279839792E-13 -0.47126143588794E-17  0.41919351719965E+04  0.00000000000000E+00 -0.16007540877762E+05 -0.53041082203237E+04  0.00000000000000E+00 -0.31705155119416E+04  0.69321983886948E+00
  0.11536933183681E+02  0.20064657674282E+05 -0.43532693003425E-13 -0.65147791046491E-16  0.42475349387980E+04  0.00000000000000E+00 -0.16226125338208E+05 -0.50862540134884E+04  0.00000000000000E+00 -0.29988387075844E+04  0.97455379932717E+00
  0.11885257841153E+02  0.19787448551323E+05  0.23424721594440E-13 -0.85469249387743E-17  0.43270724980217E+04  0.00000000000000E+00 -0.16431380224422E+05 -0.48569602902334E+04  0.00000000000000E+00 -0.28249061040931E+04  0.12744305962392E+01
  0.12238583529096E+02  0.19464383527529E+05  0.95941596128133E-13  0.25738081230662E-16  0.44290861454696E+04  0.00000000000000E+00 -0.16622636706254E+05 -0.46184247807409E+04  0.00000000000000E+00 -0.26508236129942E+04  0.15845730096776E+01
  0.12596899736878E+02  0.19100625625564E+05  0.15890859267087E-12  0.11042673601621E-15  0.45517784948292E+04  0.00000000000000E+00 -0.16799342104153E+05 -0.43727690376216E+04  0.00000000000000E+00 -0.24783976472924E+04  0.18953313260922E+01
  0.12960195805408E+02  0.18701323792396E+05 -0.68646273436366E-13 -0.13961390539455E-16  0.46930871307582E+04  0.00000000000000E+00 -0.16961051781486E+05 -0.41220148374083E+04  0.00000000000000E+00 -0.23091485887910E+04  0.21957154689458E+01
  0.13328460927454E+02  0.18271535197059E+05  0.36292955758425E-13 -0.13836255822901E-16  0.48507515890564E+04  0.00000000000000E+00 -0.17107420748749E+05 -0.38680645967064E+04  0.00000000000000E+00 -0.21443276380689E+04  0.24738025916458E+01
  0.13701684147968E+02  0.17816159181284E+05  0.43344076349711E-14  0.46712989957544E-16  0.50223751745441E+04  0.00000000000000E+00 -0.17238195247109E+05 -0.36126852870677E+04  0.00000000000000E+00 -0.19849361751560E+04  0.27176464948998E+01
  0.14079854364413E+02  0.17339882920261E+05 -0.52796713932022E-13 -0.57026939972992E-17  0.52054806297544E+04  0.00000000000000E+00 -0.17353204409822E+05 -0.33574952635608E+04  0.00000000000000E+00 -0.18317472561850E+04  0.29166204477192E+01
  0.14462960327084E+02  0.16847138475076E+05  0.44590334156682E-13  0.15380903132828E-16  0.53975590784775E+04  0.00000000000000E+00 -0.17452352116334E+05 -0.31039537502306E+04  0.00000000000000E+00 -0.16853287634217E+04  0.30629235674385E+01
  0.14850990639452E+02  0.16342070606100E+05 -0.14975745739700E-12  0.19353726246292E-16  0.55961120816321E+04  0.00000000000000E+00 -0.17535609281664E+05 -0.28533533030557E+04  0.00000000000000E+00 -0.15460672049561E+04  0.31528980564931E+01
  0.15243933758499E+02  0.15828514472829E+05  0.52241530845912E-14 -0.74203176319908E-17  0.57986871358304E+04  0.00000000000000E+00 -0.17603006845470E+05 -0.26068160387549E+04  0.00000000000000E+00 -0.14141908729381E+04  0.31878514971827E+01
  0.15641777995065E+02  0.15309982174954E+05  0.58281924098278E-13  0.69806264983297E-17  0.60029074694771E+04  0.00000000000000E+00 -0.17654629537963E+05 -0.23652944747806E+04  0.00000000000000E+00 -0.12897914662848E+04  0.31741654020464E+01
  0.16044511514188E+02  0.14789656991863E+05 -0.44997937882532E-13 -0.58933645546233E-17  0.62064973663624E+04  0.00000000000000E+00 -0.17690610179656E+05 -0.21295773922419E+04  0.00000000000000E+00 -0.11728442843136E+04  0.31225020137238E+01
  0.16452122335465E+02  0.14270394149992E+05 -0.12188315537676E-13 -0.61400036817718E-18  0.64073041957281E+04  0.00000000000000E+00 -0.17711124071226E+05 -0.19003003791233E+04  0.00000000000000E+00 -0.10632279427942E+04  0.30459525767676E+01
  0.16864598333403E+02  0.13754726988694E+05  0.56238072496176E-13  0.50740110621254E-17  0.66033176288577E+04  0.00000000000000E+00 -0.17716383347807E+05 -0.16779600506745E+04  0.00000000000000E+00 -0.96074400430972E+03  0.29572147609097E+01
  0.17281927237781E+02  0.13244877499758E+05  0.13689871566194E-12 -0.73357592187853E-18  0.67926855219772E+04  0.00000000000000E+00 -0.17706631852353E+05 -0.14629304420567E+04  0.00000000000000E+00 -0.86513522018636E+03  0.28655071392777E+01
  0.17704096634012E+02  0.12742770355935E+05  0.50752595184126E-13 -0.81112531260204E-19  0.69737257323222E+04  0.00000000000000E+00 -0.17682141002072E+05 -0.12554794019156E+04  0.00000000000000E+00 -0.77610116353742E+03  0.27745207319704E+01
  0.18131093963525E+02  0.12250049666738E+05  0.50191401100968E-13  0.13549148160809E-17  0.71449341416542E+04  0.00000000000000E+00 -0.17643206091676E+05 -0.10557826362360E+04  0.00000000000000E+00 -0.69331263075537E+03  0.26824497251845E+01
  0.18562906524116E+02  0.11768097760009E+05  0.11259404155427E-12  0.10742901772834E-17  0.73049900073642E+04  0.00000000000000E+00 -0.17590142404090E+05 -0.86393480129367E+03  0.00000000000000E+00 -0.61642664588801E+03  0.25839161011091E+01
  0.18999521470348E+02  0.11298055287386E+05  0.16484968472163E-12  0.33769980802055E-19  0.74527593109329E+04  0.00000000000000E+00 -0.17523281989311E+05 -0.67995967579154E+03  0.00000000000000E+00 -0.54510033736396E+03  0.24725958532193E+01
  0.19440925813924E+02  0.10840841941322E+05  0.10821269899182E-12 -0.36280272923664E-17  0.75872960929207E+04  0.00000000000000E+00 -0.17442972470854E+05 -0.50382176099825E+03  0.00000000000000E+00 -0.47900030588477E+03  0.23434965060565E+01
  0.19887106424065E+02  0.10397177107104E+05  0.11168487483135E-13 -0.46769872207999E-18  0.77078417949813E+04  0.00000000000000E+00 -0.17349577535320E+05 -0.33543913533690E+03  0.00000000000000E+00 -0.41780760316080E+03  0.21946282667549E+01
  0.20338050027920E+02  0.99675998834996E+04 -0.80233549676583E-13 -0.37839832122698E-18  0.78138222885439E+04  0.00000000000000E+00 -0.17243477540624E+05 -0.17469541835757E+03  0.00000000000000E+00 -0.36122106368943E+03  0.20281493727599E+01
  0.20793743210941E+02  0.95524880890718E+04 -0.83564034396393E-13 -0.13004590694210E-17  0.79048410938041E+04  0.00000000000000E+00 -0.17125070044321E+05 -0.21449736272727E+02  0.00000000000000E+00 -0.30895861973788E+03  0.18507825447649E+01
  0.21254172417297E+02  0.91520761007127E+04  0.18663944360424E-13  0.37808527847336E-19  0.79806674336136E+04  0.00000000000000E+00 -0.16994771698369E+05  0.12445409627261E+03  0.00000000000000E+00 -0.26075281032158E+03  0.16731219079714E+01
  0.21719323950264E+02  0.87664715816407E+04  0.99933058301721E-16 -0.21066717778663E-18  0.80412207486818E+04  0.00000000000000E+00 -0.16853021491353E+05  0.26317781856466E+03  0.00000000000000E+00 -0.21634072425518E+03  0.15079332786386E+01
  0.22189183972648E+02  0.83956712604013E+04 -0.52438782161049E-13 -0.11472828416919E-17  0.80865562946923E+04  0.00000000000000E+00 -0.16700282157823E+05  0.39487909101120E+03  0.00000000000000E+00 -0.17545648891948E+03  0.13679993626362E+01
  0.22663738507183E+02  0.80395758833060E+04  0.19171359096375E-13 -0.30310286346437E-17  0.81168552099508E+04  0.00000000000000E+00 -0.16537036648035E+05  0.51970372176249E+03  0.00000000000000E+00 -0.13783457654321E+03  0.12635904414290E+01
  0.23142973436953E+02  0.76980043447675E+04 -0.81485096179650E-13 -0.30293676826562E-18  0.81324177351465E+04  0.00000000000000E+00 -0.16363780828383E+05  0.63778024590667E+03  0.00000000000000E+00 -0.10322240393447E+03  0.11990935034001E+01
  0.23626874505811E+02  0.73707069103716E+04 -0.98217985212268E-14  0.59695752127149E-17  0.81336556558643E+04  0.00000000000000E+00 -0.16181017032164E+05  0.74921637712706E+03  0.00000000000000E+00 -0.71392627248495E+02  0.11692839504717E+01
  0.24115427318801E+02  0.70573774267616E+04  0.53294295502841E-13 -0.15554673366622E-17  0.81210824484118E+04  0.00000000000000E+00 -0.15989251108295E+05  0.85409885097747E+03  0.00000000000000E+00 -0.42149886262483E+02  0.11577315936186E+01
  0.24608617342592E+02  0.67576644275698E+04  0.92786335587101E-14  0.94124594181583E-17  0.80953025004475E+04  0.00000000000000E+00 -0.15788991516783E+05  0.95250062886393E+03  0.00000000000000E+00 -0.15335440114850E+02  0.11405999829529E+01
  0.25106429905906E+02  0.64711810732458E+04  0.37963971524526E-14  0.14020053444964E-16  0.80569987364961E+04  0.00000000000000E+00 -0.15580750031729E+05  0.10444952999796E+04  0.00000000000000E+00  0.91710418808326E+01  0.10961198734072E+01
  0.25608850199951E+02  0.61975139138442E+04  0.26981267605558E-13 -0.28340741431620E-17  0.80069154757727E+04  0.00000000000000E+00 -0.15365045935042E+05  0.11301709125279E+04  0.00000000000000E+00  0.31460007234923E+02  0.10143743376922E+01
  0.26115863278869E+02  0.59362305318383E+04  0.88705453959727E-13 -0.15133956728133E-16  0.79458368785863E+04  0.00000000000000E+00 -0.15142411521435E+05  0.12096372218791E+04  0.00000000000000E+00  0.51607892521417E+02  0.90100338968409E+00
  0.26627454060178E+02  0.56868861805674E+04  0.72340315701695E-13 -0.20839544640259E-16  0.78745644487891E+04  0.00000000000000E+00 -0.14913394618659E+05  0.12830281357746E+04  0.00000000000000E+00  0.69690332770428E+02  0.77447924239152E+00
  0.27143607325216E+02  0.54490295530101E+04  0.32381490081642E-13  0.14895921459942E-16  0.77938951650030E+04  0.00000000000000E+00 -0.14678558597210E+05  0.13505013847458E+04  0.00000000000000E+00  0.85793103577508E+02  0.66060912586704E+00
  0.27664307719600E+02  0.52222077703706E+04 -0.30657162277154E-13  0.77040539989045E-17  0.77046026629124E+04  0.00000000000000E+00 -0.14438480823501E+05  0.14122340465867E+04  0.00000000000000E+00  0.10002231478043E+03  0.58597114950885E+00
  0.28189539753680E+02  0.50059705930620E+04 -0.63512500903371E-14  0.22628904876689E-16  0.76074265135169E+04  0.00000000000000E+00 -0.14193747832319E+05  0.14684135543073E+04  0.00000000000000E+00  0.11250799233272E+03  0.57082090046799E+00
  0.28719287803001E+02  0.47998738041757E+04  0.32463576129864E-13 -0.73749525115045E-18  0.75030713761555E+04  0.00000000000000E+00 -0.13944948173312E+05  0.15192267642071E+04  0.00000000000000E+00  0.12340031648402E+03  0.62408771034393E+00
  0.29253536108764E+02  0.46034817382101E+04  0.13530737187121E-12 -0.15008043286232E-16  0.73922128907018E+04  0.00000000000000E+00 -0.13692665067745E+05  0.15648524822688E+04  0.00000000000000E+00  0.13286123784573E+03  0.74328128144259E+00
  0.29792268778302E+02  0.44163689927721E+04 -0.34153620620329E-13 -0.59230066116751E-16  0.72755063833974E+04  0.00000000000000E+00 -0.13437467911576E+05  0.16054618887018E+04  0.00000000000000E+00  0.14104903953670E+03  0.91839283194599E+00
  0.30335469785541E+02  0.42381214409360E+04  0.37672878531439E-13  0.11494166824232E-16  0.71535946676627E+04  0.00000000000000E+00 -0.13179903401675E+05  0.16412235359849E+04  0.00000000000000E+00  0.14809943473464E+03  0.11356776428439E+01
  0.30883122971494E+02  0.40683367617621E+04  0.44720163619080E-14  0.17388622257551E-17  0.70271108508072E+04  0.00000000000000E+00 -0.12920491493274E+05  0.16723054356620E+04  0.00000000000000E+00  0.15411714716403E+03  0.13787021210243E+01
  0.31435212044725E+02  0.39066247769528E+04  0.47768274541358E-13 -0.96199910332150E-17  0.68966748164903E+04  0.00000000000000E+00 -0.12659728613053E+05  0.16988736357361E+04  0.00000000000000E+00  0.15918359347019E+03  0.16282095967691E+01
  0.31991720581841E+02  0.37526078152368E+04  0.21836085568652E-13 -0.41746439046591E-20  0.67628875630642E+04  0.00000000000000E+00 -0.12398093307327E+05  0.17210927849950E+04  0.00000000000000E+00  0.16336891381724E+03  0.18637697863114E+01
  0.32552632027982E+02  0.36059211176754E+04  0.62740085483643E-13  0.30171662699441E-16  0.66263288398429E+04  0.00000000000000E+00 -0.12136048907655E+05  0.17391286120943E+04  0.00000000000000E+00  0.16673725790732E+03  0.20669198650330E+01
  0.33117929697310E+02  0.34662131123613E+04 -0.84364050026790E-14 -0.31886236408382E-16  0.64875584135632E+04  0.00000000000000E+00 -0.11874042964943E+05  0.17531464652213E+04  0.00000000000000E+00  0.16934725761641E+03  0.22222838187614E+01
  0.33687596773508E+02  0.33331453715785E+04  0.92334277578037E-14 -0.39047707741145E-17  0.63471174499817E+04  0.00000000000000E+00 -0.11612504387025E+05  0.17633071866603E+04  0.00000000000000E+00  0.17125030463681E+03  0.23159258321391E+01
  0.34261616310282E+02  0.32063921990649E+04  0.28395137813046E-13  0.11121053989185E-16  0.62055270440691E+04  0.00000000000000E+00 -0.11351840134631E+05  0.17697668315317E+04  0.00000000000000E+00  0.17248948306660E+03  0.23354231009382E+01
  0.34839971231854E+02  0.30856399821812E+04 -0.21262262648578E-13 -0.19707141046366E-17  0.60632828077846E+04  0.00000000000000E+00 -0.11092435642225E+05  0.17726789747257E+04  0.00000000000000E+00  0.17310764319316E+03  0.22737656592644E+01
  0.35422644333485E+02  0.29705865801547E+04  0.13960278392928E-13  0.11125269177976E-16  0.59208481389188E+04  0.00000000000000E+00 -0.10834656935086E+05  0.17721962911717E+04  0.00000000000000E+00  0.17315858279473E+03  0.21326579538301E+01
  0.36009618281977E+02  0.28609410184521E+04  0.33381476568092E-13 -0.12461698461885E-16  0.57786512730733E+04  0.00000000000000E+00 -0.10578848940429E+05  0.17684722948195E+04  0.00000000000000E+00  0.17270597191305E+03  0.19216178294284E+01
  0.36600875616193E+02  0.27564236335499E+04  0.17689669479520E-13 -0.31277298143294E-17  0.56370886528121E+04  0.00000000000000E+00 -0.10325332692898E+05  0.17616606117813E+04  0.00000000000000E+00  0.17181403919067E+03  0.16542444361332E+01
  0.37196398747579E+02  0.26567666503932E+04  0.47949039878228E-13  0.19192365520013E-16  0.54965336139886E+04  0.00000000000000E+00 -0.10074405209549E+05  0.17519105452186E+04  0.00000000000000E+00  0.17053952393817E+03  0.13451239899268E+01
  0.37796169960671E+02  0.25617150146300E+04 -0.85357321003834E-14 -0.17543536316024E-16  0.53573461496610E+04  0.00000000000000E+00 -0.98263399832000E+04  0.17393647545809E+04  0.00000000000000E+00  0.16892447233273E+03  0.10104080046866E+01
  0.38400171413648E+02  0.24710271486328E+04  0.84586627250482E-14 -0.16000736622503E-17  0.52198761995677E+04  0.00000000000000E+00 -0.95813870710020E+04  0.17241621336799E+04  0.00000000000000E+00  0.16699236248207E+03  0.67077336047930E+00
  0.39008385138843E+02  0.23844752469458E+04  0.12768857436211E-13 -0.18474550965917E-16  0.50844546951724E+04  0.00000000000000E+00 -0.93397737437076E+04  0.17064446027647E+04  0.00000000000000E+00  0.16475121463578E+03  0.35201581105059E+00
  0.39620793043282E+02  0.23018448897262E+04  0.42308302884125E-13 -0.30249618425311E-17  0.49513745582405E+04  0.00000000000000E+00 -0.91017074138334E+04  0.16863635905123E+04  0.00000000000000E+00  0.16220658142455E+03  0.82206070132997E-01
  0.40237376909224E+02  0.22229340781692E+04  0.17479663943155E-13 -0.12903711956460E-16  0.48208720476027E+04  0.00000000000000E+00 -0.88673807659229E+04  0.16640784630942E+04  0.00000000000000E+00  0.15938295894763E+03 -0.11321810922846E+00
  0.40858118394707E+02  0.21475520504886E+04  0.16595703687585E-13  0.10101095014223E-16  0.46931205350293E+04  0.00000000000000E+00 -0.86369714505390E+04  0.16397487879853E+04  0.00000000000000E+00  0.15633135267082E+03 -0.21872436496369E+00
  0.41482999034086E+02  0.20755182322866E+04 -0.42369133004987E-13 -0.17161580461913E-16  0.45682397305782E+04  0.00000000000000E+00 -0.84106330246622E+04  0.16135326226811E+04  0.00000000000000E+00  0.15310757467106E+03 -0.23486444512923E+00
  0.42112000238584E+02  0.20066614636507E+04 -0.71663954169454E-14  0.95298570001642E-17  0.44463115954731E+04  0.00000000000000E+00 -0.81884873357217E+04  0.15855940807399E+04  0.00000000000000E+00  0.14974331465608E+03 -0.17688120190888E+00
  0.42745103296850E+02  0.19408194328292E+04  0.71509347710642E-13  0.11820506768891E-16  0.43273926199350E+04  0.00000000000000E+00 -0.79706262122753E+04  0.15561129621773E+04  0.00000000000000E+00  0.14623673422907E+03 -0.64463104717618E-01
  0.43382289375511E+02  0.18778381699157E+04  0.83911168423146E-14  0.16897747770443E-16  0.42115175594131E+04  0.00000000000000E+00 -0.77571213534443E+04  0.15252881746490E+04  0.00000000000000E+00  0.14256969473766E+03  0.92245271204376E-01
  0.44023539519733E+02  0.18175715201364E+04 -0.48390323619731E-14  0.34104139540753E-17  0.40986960864972E+04  0.00000000000000E+00 -0.75480373051900E+04  0.14933295146845E+04  0.00000000000000E+00  0.13874086059262E+03  0.30067672079451E+00
  0.44668834653784E+02  0.17598806253942E+04  0.76061240546613E-14 -0.73283013366740E-17  0.39889105873781E+04  0.00000000000000E+00 -0.73434383592456E+04  0.14604403464512E+04  0.00000000000000E+00  0.13478674798547E+03  0.57994796337010E+00
  0.45318155581606E+02  0.17046334628749E+04  0.23562620899643E-13 -0.15947149279942E-16  0.38821234584905E+04  0.00000000000000E+00 -0.71433846146868E+04  0.14267985873707E+04  0.00000000000000E+00  0.13077331578623E+03  0.94420983558331E+00
  0.45971482987381E+02  0.16517044071027E+04  0.63176213028112E-14  0.44245376621557E-18  0.37782929120496E+04  0.00000000000000E+00 -0.69479235702699E+04  0.13925404486468E+04  0.00000000000000E+00  0.12677185901442E+03  0.13860565436251E+01
  0.46628797436107E+02  0.16009737391021E+04 -0.12764572052356E-13 -0.31727966215313E-17  0.36773879821625E+04  0.00000000000000E+00 -0.67570844908888E+04  0.13577536130364E+04  0.00000000000000E+00  0.12283870213687E+03  0.18695455490257E+01
  0.47290079374178E+02  0.15523271555293E+04  0.96364365642912E-14  0.38567377015415E-18  0.35793932870231E+04  0.00000000000000E+00 -0.65708772599322E+04  0.13224897636104E+04  0.00000000000000E+00  0.11900500994651E+03  0.23379561770417E+01
  0.47955309129961E+02  0.15056555395029E+04 -0.56273049240642E-14  0.19632402038353E-17  0.34843010995046E+04  0.00000000000000E+00 -0.63892951317879E+04  0.12867944189875E+04  0.00000000000000E+00  0.11527702391988E+03  0.27329501270269E+01
  0.48624466914389E+02  0.14608552528315E+04 -0.45300480606791E-13  0.11631064183531E-17  0.33920971469306E+04  0.00000000000000E+00 -0.62123189861651E+04  0.12507383022595E+04  0.00000000000000E+00  0.11164280324913E+03  0.30145191056205E+01
  0.49297532821542E+02  0.14178288768140E+04  0.60031646473113E-14  0.56190946419940E-17  0.33027491623126E+04  0.00000000000000E+00 -0.60399207745327E+04  0.12144349410899E+04  0.00000000000000E+00  0.10807975787063E+03  0.31719635544003E+01
  0.49974486829243E+02  0.13764859515819E+04  0.11962960649080E-13 -0.22875436662166E-18  0.32162033312648E+04  0.00000000000000E+00 -0.58720668246878E+04  0.11780344753258E+04  0.00000000000000E+00  0.10456411100541E+03  0.32210444900697E+01
  0.50655308799654E+02  0.13367432033605E+04 -0.18338502243984E-13  0.12991741171595E-16  0.31323883876259E+04  0.00000000000000E+00 -0.57087200880728E+04  0.11416966395239E+04  0.00000000000000E+00  0.10108151413809E+03  0.31896565754531E+01
  0.51339978479871E+02  0.12985240193975E+04 -0.36012289743514E-14  0.72664036484779E-17  0.30512220896624E+04  0.00000000000000E+00 -0.55498388201349E+04  0.11055634436836E+04  0.00000000000000E+00  0.97631943587834E+02  0.31026761964517E+01
  0.52028475502532E+02  0.12617573110486E+04  0.91953338311602E-14  0.66526176958432E-17  0.29726148870354E+04  0.00000000000000E+00 -0.53953730961288E+04  0.10697472344872E+04  0.00000000000000E+00  0.94228245859995E+02  0.29745823024736E+01
  0.52720779386421E+02  0.12263762015880E+04  0.25443497817614E-14 -0.17003261340664E-16  0.28964718987642E+04  0.00000000000000E+00 -0.52452604361950E+04  0.10343339827166E+04  0.00000000000000E+00  0.90887553529361E+02  0.28092004031573E+01
  0.53416869537074E+02  0.11923170065724E+04 -0.15567837807943E-13  0.43131694394880E-17  0.28226959377697E+04  0.00000000000000E+00 -0.50994228038728E+04  0.99939781495482E+03  0.00000000000000E+00  0.87618890665794E+02  0.26068460899140E+01
  0.54116725247393E+02  0.11595186940727E+04 -0.12094752676827E-13 -0.47101947194288E-18  0.27511902720269E+04  0.00000000000000E+00 -0.49577711867919E+04  0.96501485845225E+03  0.00000000000000E+00  0.84424578396395E+02  0.23772161564039E+01
  0.54820325698270E+02  0.11279226578563E+04  0.30086853041765E-14  0.46482619013913E-17  0.26818610960908E+04  0.00000000000000E+00 -0.48202152830712E+04  0.93125806905894E+03  0.00000000000000E+00  0.81316528967928E+02  0.21430689028945E+01
  0.55527649959191E+02  0.10974725280865E+04  0.52667853282451E-14  0.78345593261584E-17  0.26146228590264E+04  0.00000000000000E+00 -0.46866682921113E+04  0.89817121221778E+03  0.00000000000000E+00  0.78326380106899E+02  0.19246873262657E+01
  0.56238676988873E+02  0.10681139728392E+04 -0.12104953188066E-14 -0.35888009507544E-17  0.25494079740699E+04  0.00000000000000E+00 -0.45570429301044E+04  0.86574615702487E+03  0.00000000000000E+00  0.75494298833123E+02  0.17194726626916E+01
  0.56953385635883E+02  0.10397947471499E+04  0.60028084796073E-14  0.22085075933492E-17  0.24861764202219E+04  0.00000000000000E+00 -0.44312438500709E+04  0.83393111187148E+03  0.00000000000000E+00  0.72840889866650E+02  0.14993190390153E+01
  0.57671754639266E+02  0.10124652333830E+04  0.49900506935415E-14  0.77033992153854E-17  0.24249162399905E+04  0.00000000000000E+00 -0.43091648645349E+04  0.80266900671036E+03  0.00000000000000E+00  0.70344439281828E+02  0.12300548308181E+01
  0.58393762629181E+02  0.98607933731913E+03  0.75528689440431E-14  0.10608921802176E-17  0.23656291088489E+04  0.00000000000000E+00 -0.41906949678502E+04  0.77193857983196E+03  0.00000000000000E+00  0.67945817628244E+02  0.89787577807806E+00
  0.59119388127536E+02  0.96059525230907E+03  0.10047209362194E-13  0.15551114996911E-17  0.23083048995605E+04  0.00000000000000E+00 -0.40757284318893E+04  0.74177517206485E+03  0.00000000000000E+00  0.65577624352367E+02  0.52451639749785E+00
  0.59848609548627E+02  0.93597559552261E+03  0.41575853492031E-14  0.16196675846072E-16  0.22529004599335E+04  0.00000000000000E+00 -0.39641698658569E+04  0.71226546028502E+03  0.00000000000000E+00  0.63190530888422E+02  0.16218077265023E+00
  0.60581405199778E+02  0.91218667249970E+03 -0.67558499302577E-14  0.10466209645291E-16  0.21993365334258E+04  0.00000000000000E+00 -0.38559314919703E+04  0.68352012824957E+03  0.00000000000000E+00  0.60761595832773E+02 -0.12656196251083E+00
  0.61317753281987E+02  0.88919697973098E+03  0.66617053434035E-14  0.96975199625203E-18  0.21475093514946E+04  0.00000000000000E+00 -0.37509289325332E+04  0.65563908420685E+03  0.00000000000000E+00  0.58294191171478E+02 -0.28932592933654E+00
  0.62057631890579E+02  0.86697541839904E+03  0.25485996476752E-13  0.15412044123720E-17  0.20973037972387E+04  0.00000000000000E+00 -0.36490809389390E+04  0.62868801136768E+03  0.00000000000000E+00  0.55818473195517E+02 -0.29523873805579E+00
  0.62801019015849E+02  0.84548987608048E+03  0.23479762133290E-13  0.22527289790816E-16  0.20486026672745E+04  0.00000000000000E+00 -0.35503098075977E+04  0.60269320448141E+03  0.00000000000000E+00  0.53385166903667E+02 -0.13889285768454E+00
  0.63547892543725E+02  0.82470669231755E+03 -0.15968831769012E-13  0.51220991930260E-17  0.20012926112981E+04  0.00000000000000E+00 -0.34545390936081E+04  0.57764632028071E+03  0.00000000000000E+00  0.51050856858617E+02  0.15738714690076E+00
  0.64298230256423E+02  0.80459114497419E+03  0.65705423222004E-15  0.14424662291290E-16  0.19552693374129E+04  0.00000000000000E+00 -0.33616886526678E+04  0.55351206860169E+03  0.00000000000000E+00  0.48858412933078E+02  0.54231125405244E+00
  0.65052009833103E+02  0.78510868917606E+03  0.13358546749388E-13  0.36017721398576E-18  0.19104428605377E+04  0.00000000000000E+00 -0.32716704388722E+04  0.53024333285211E+03  0.00000000000000E+00  0.46819303170928E+02  0.94374686464033E+00
  0.65809208850543E+02  0.76622644099201E+03  0.50971880994620E-14  0.16540758604393E-16  0.18667390916825E+04  0.00000000000000E+00 -0.31843930818275E+04  0.50779785135990E+03  0.00000000000000E+00  0.44919249990961E+02  0.12895521978720E+01
  0.66569804783798E+02  0.74791441341849E+03 -0.81167169367550E-14 -0.11196637343018E-16  0.18241011414733E+04  0.00000000000000E+00 -0.30997727821561E+04  0.48613904649134E+03  0.00000000000000E+00  0.43144933333194E+02  0.15267525602454E+01
  0.67333775006869E+02  0.73014619029964E+03 -0.79848704668320E-14  0.70828119445595E-17  0.17824978753921E+04  0.00000000000000E+00 -0.30177349897691E+04  0.46522991218727E+03  0.00000000000000E+00  0.41489419198722E+02  0.16284073086876E+01
  0.68101096793386E+02  0.71289889648845E+03 -0.98416682163003E-14  0.35845266845773E-17  0.17419330042048E+04  0.00000000000000E+00 -0.29382069805989E+04  0.44503924512639E+03  0.00000000000000E+00  0.39931285312845E+02  0.15954505335911E+01
  0.68871747317274E+02  0.69615245177375E+03  0.18402948229158E-13  0.48082324468152E-17  0.17024403728912E+04  0.00000000000000E+00 -0.28611134003995E+04  0.42555427317609E+03  0.00000000000000E+00  0.38424382411628E+02  0.14580798530772E+01
  0.69645703653434E+02  0.67988827960549E+03  0.25649016846135E-14  0.68352688363796E-17  0.16640589719359E+04  0.00000000000000E+00 -0.27863796658309E+04  0.40678412295007E+03  0.00000000000000E+00  0.36920181664939E+02  0.12718903255106E+01
  0.70422942778430E+02  0.66408791286899E+03  0.15325637026260E-14 -0.97562509547876E-17  0.16268008301243E+04  0.00000000000000E+00 -0.27139394800189E+04  0.38874388515961E+03  0.00000000000000E+00  0.35407457649266E+02  0.11006057833134E+01
  0.71203441571170E+02  0.64873207504896E+03  0.42783740530788E-14  0.16914618670850E-18  0.15906383533491E+04  0.00000000000000E+00 -0.26437345439570E+04  0.37143001415799E+03  0.00000000000000E+00  0.33922064323350E+02  0.98796292243492E+00
  0.71987176813594E+02  0.63380057039481E+03  0.17202475056626E-14 -0.96823831177568E-17  0.15555172308047E+04  0.00000000000000E+00 -0.25757042291183E+04  0.35481564009405E+03  0.00000000000000E+00  0.32511787530711E+02  0.94099970598668E+00
  0.72774125191363E+02  0.61927283674012E+03 -0.69265544141653E-14 -0.11869184426638E-16  0.15213755426678E+04  0.00000000000000E+00 -0.25097782935614E+04  0.33887075023506E+03  0.00000000000000E+00  0.31199087573317E+02  0.93992365489768E+00
  0.73564263294556E+02  0.60512869980151E+03  0.10132982215211E-13 -0.14029666002552E-16  0.14881542782666E+04  0.00000000000000E+00 -0.24458798437197E+04  0.32357973076629E+03  0.00000000000000E+00  0.29976409985628E+02  0.95927510030992E+00
  0.74357567618366E+02  0.59134892046655E+03 -0.89800060577279E-15  0.94831362217131E-18  0.14558000719379E+04  0.00000000000000E+00 -0.23839331533330E+04  0.30894046354382E+03  0.00000000000000E+00  0.28824505856300E+02  0.98080847155066E+00
  0.75154014563796E+02  0.57791539718156E+03  0.10702925723571E-13 -0.12480796261565E-16  0.14242662013405E+04  0.00000000000000E+00 -0.23238684317611E+04  0.29495516126583E+03  0.00000000000000E+00  0.27728335628544E+02  0.99666365531539E+00
  0.75953580438366E+02  0.56481110987459E+03  0.27500836924095E-14  0.14988515131988E-16  0.13935135285328E+04  0.00000000000000E+00 -0.22656204233175E+04  0.28162319788950E+03  0.00000000000000E+00  0.26679132183422E+02  0.10065451627779E+01
  0.76756241456811E+02  0.55201997351299E+03  0.63783651101316E-14  0.40494670872175E-17  0.13635086041059E+04  0.00000000000000E+00 -0.22091240298203E+04  0.26894068282589E+03  0.00000000000000E+00  0.25667331175183E+02  0.10125617996118E+01
  0.77561973741798E+02  0.53952675280894E+03 -0.90024635840609E-14  0.15838899742909E-17  0.13342187802063E+04  0.00000000000000E+00 -0.21543143152425E+04  0.25690540008579E+03  0.00000000000000E+00  0.24681055147294E+02  0.10176730058482E+01
  0.78370753324626E+02  0.52731712530415E+03 -0.13314436957620E-13 -0.12610593343306E-17  0.13056100063728E+04  0.00000000000000E+00 -0.21011310910942E+04  0.24551609931138E+03  0.00000000000000E+00  0.23713603200083E+02  0.10257430941939E+01
  0.79182556145944E+02  0.51537790040222E+03 -0.10515222624167E-13 -0.78726306808016E-17  0.12776509743937E+04  0.00000000000000E+00 -0.20495207635741E+04  0.23476307860244E+03  0.00000000000000E+00  0.22767596075228E+02  0.10387858994729E+01
  0.79997358056472E+02  0.50369729881492E+03 -0.18595780374109E-14 -0.23969924066557E-17  0.12503173752975E+04  0.00000000000000E+00 -0.19994323794357E+04  0.22462521391418E+03  0.00000000000000E+00  0.21848428178967E+02  0.10559367698962E+01
  0.80815134817706E+02  0.49226510515579E+03  0.34230974057140E-14 -0.49815933415919E-17  0.12235887592534E+04  0.00000000000000E+00 -0.19508125674163E+04  0.21508292092538E+03  0.00000000000000E+00  0.20956368516839E+02  0.10805864351138E+01
  0.81635862102653E+02  0.48107256067338E+03 -0.35767414352968E-14  0.54249074440525E-17  0.11974406598880E+04  0.00000000000000E+00 -0.19036066071493E+04  0.20612384721251E+03  0.00000000000000E+00  0.20093320475333E+02  0.11237810999740E+01
  0.82459515496545E+02  0.47011206511616E+03  0.43022893306090E-14  0.92244490380910E-19  0.11718401012157E+04  0.00000000000000E+00 -0.18577636438754E+04  0.19772883868374E+03  0.00000000000000E+00  0.19276457602328E+02  0.11938187425527E+01
  0.83286070497572E+02  0.45937691949793E+03 -0.12968114737788E-14  0.72842332285296E-18  0.11467496832896E+04  0.00000000000000E+00 -0.18132378996943E+04  0.18985570855796E+03  0.00000000000000E+00  0.18536500913289E+02  0.12809125644172E+01
  0.84115502517605E+02  0.44886130387955E+03  0.34820871202020E-14 -0.16924096399124E-17  0.11221404706216E+04  0.00000000000000E+00 -0.17699818461683E+04  0.18243705826651E+03  0.00000000000000E+00  0.17892640018367E+02  0.13496266177375E+01
  0.84947786882933E+02  0.43856041645660E+03 -0.10007251126339E-13 -0.25427802484247E-17  0.10980035696234E+04  0.00000000000000E+00 -0.17279408418661E+04  0.17539445205169E+03  0.00000000000000E+00  0.17332676894317E+02  0.13502731599899E+01
  0.85782898834994E+02  0.42847044842887E+03  0.25144407127506E-16 -0.47316669714448E-18  0.10743505315769E+04  0.00000000000000E+00 -0.16870575766582E+04  0.16865894281634E+03  0.00000000000000E+00  0.16821409572756E+02  0.12437557367604E+01
  0.86620813531106E+02  0.41858816256973E+03 -0.24746553555272E-14 -0.11798410316962E-17  0.10512048630568E+04  0.00000000000000E+00 -0.16472795642708E+04  0.16219153426289E+03  0.00000000000000E+00  0.16319407844583E+02  0.10244034632616E+01
  0.87461506045220E+02  0.40891020795268E+03  0.71327637706826E-15 -0.16444299070129E-18  0.10285903764462E+04  0.00000000000000E+00 -0.16085642713740E+04  0.15599209345200E+03  0.00000000000000E+00  0.15799083278567E+02  0.72748975540091E+00
  0.88304951368649E+02  0.39943252643650E+03 -0.49426260120776E-14  0.27303754935507E-18  0.10065217447890E+04  0.00000000000000E+00 -0.15708792726299E+04  0.15008797719052E+03  0.00000000000000E+00  0.15252629889161E+02  0.41560567523624E+00
  0.89151124410815E+02  0.39015010547079E+03 -0.98662524100174E-15  0.27105743717010E-19  0.98499842542497E+03  0.00000000000000E+00 -0.15341969598542E+04  0.14451402309997E+03  0.00000000000000E+00  0.14687977074455E+02  0.15357121597654E+00
  0.90000000000000E+02  0.38105710326611E+03  0.43761281317243E-14  0.42177756864811E-18  0.96400150318271E+03  0.00000000000000E+00 -0.14984891342343E+04  0.13929802131217E+03  0.00000000000000E+00  0.14120145976483E+02 -0.12360496846071E-01
  0.90851552884089E+02  0.37214719911380E+03 -0.49778484299273E-14  0.60049266028615E-18  0.94349700394927E+03  0.00000000000000E+00 -0.14637254240095E+04  0.13445378059909E+03  0.00000000000000E+00  0.13565130956745E+02 -0.62309390597903E-01
  0.91705757731324E+02  0.36341397153719E+03 -0.33930438056785E-14  0.27194799667771E-18  0.92344434394862E+03  0.00000000000000E+00 -0.14298765664254E+04  0.12997431991009E+03  0.00000000000000E+00  0.13042795073989E+02 -0.11359555657151E-02
  0.92562589131059E+02  0.35485121244135E+03  0.62960397650057E-15  0.24895762534279E-17  0.90380575232431E+03  0.00000000000000E+00 -0.13969168340591E+04  0.12582527313722E+03  0.00000000000000E+00  0.12578813105433E+02  0.14421694922072E+00
  0.93422021594510E+02  0.34645317555409E+03 -0.47586314581247E-14 -0.71357101963863E-18  0.88455596390737E+03  0.00000000000000E+00 -0.13648197389560E+04  0.12195051247761E+03  0.00000000000000E+00  0.12190527135356E+02  0.33044011844936E+00
  0.94284029555521E+02  0.33821470883510E+03 -0.29580960567645E-14  0.32024674972858E-17  0.86568842211703E+03  0.00000000000000E+00 -0.13335543690467E+04  0.11828546067001E+03  0.00000000000000E+00  0.11874335307756E+02  0.50855788317054E+00
  0.95148587371320E+02  0.33013121955073E+03  0.97168068071839E-15 -0.27544639434111E-18  0.84721492175189E+03  0.00000000000000E+00 -0.13030871753314E+04  0.11476847198773E+03  0.00000000000000E+00  0.11607511711561E+02  0.63494967051126E+00
  0.96015669323281E+02  0.32219853487196E+03  0.50612457434586E-14 -0.55985206386149E-18  0.82916023862651E+03  0.00000000000000E+00 -0.12733842377288E+04  0.11135872935954E+03  0.00000000000000E+00  0.11352519673589E+02  0.68578480277408E+00
  0.96885249617695E+02  0.31441276203053E+03 -0.55884287594226E-14  0.38517709230626E-17  0.81155104062219E+03  0.00000000000000E+00 -0.12444156621581E+04  0.10805644209849E+03  0.00000000000000E+00  0.11069088483162E+02  0.67367107632674E+00
  0.97757302386524E+02  0.30677016777907E+03 -0.92446617047773E-15 -0.94164715300327E-18  0.79440130514187E+03  0.00000000000000E+00 -0.12161638945537E+04  0.10489874480343E+03  0.00000000000000E+00  0.10740145512843E+02  0.64646868356249E+00
  0.98631801688190E+02  0.29926703800379E+03  0.29535151357789E-14 -0.53962245091840E-17  0.77770449166275E+03  0.00000000000000E+00 -0.11886262463390E+04  0.10192646799738E+03  0.00000000000000E+00  0.10386545662253E+02  0.65829698717369E+00
  0.99508721508331E+02  0.29189953784491E+03 -0.57832521460617E-14 -0.34740258825546E-17  0.76143837722379E+03  0.00000000000000E+00 -0.11618056461392E+04  0.99149836613097E+02  0.00000000000000E+00  0.10051627823180E+02  0.73373336581817E+00
  0.10038803576058E+03  0.28466367902546E+03 -0.76398866875749E-15 -0.25501832299775E-17  0.74557747524766E+03  0.00000000000000E+00 -0.11356975333004E+04  0.96538663202759E+02  0.00000000000000E+00  0.97714556389455E+01  0.85373981446821E+00
  0.10126971828734E+03  0.27755549668102E+03  0.86938873501223E-15 -0.25561027717066E-17  0.73010465723366E+03  0.00000000000000E+00 -0.11102830929559E+04  0.94038675708582E+02  0.00000000000000E+00  0.95545665917974E+01  0.97030325919800E+00
  0.10215374286057E+03  0.27057144215551E+03 -0.84377356625959E-16  0.14819266387527E-17  0.71501567862458E+03  0.00000000000000E+00 -0.10855310273505E+04  0.91603384505680E+02  0.00000000000000E+00  0.93780286391650E+01  0.10375065744353E+01
  0.10304008318255E+03  0.26370883853764E+03 -0.14134796969905E-14 -0.44108639559128E-17  0.70031371062128E+03  0.00000000000000E+00 -0.10614072971835E+04  0.89220373190317E+02  0.00000000000000E+00  0.92039589242383E+01  0.10395840899325E+01
  0.10392871288667E+03  0.25696610285766E+03  0.16835291398043E-14  0.22486793237467E-17  0.68599948217586E+03  0.00000000000000E+00 -0.10378877541744E+04  0.86904542872116E+02  0.00000000000000E+00  0.90108361911506E+01  0.99320992242814E+00
  0.10481960553824E+03  0.25034251244751E+03 -0.59776668965131E-14  0.17284731503887E-17  0.67206775444720E+03  0.00000000000000E+00 -0.10149599201355E+04  0.84667839687379E+02  0.00000000000000E+00  0.88048358101571E+01  0.92302225671587E+00
  0.10571273463521E+03  0.24383761699380E+03  0.10571018556208E-14  0.47149115564099E-17  0.65850938538515E+03  0.00000000000000E+00 -0.99261405428305E+03  0.82505711880156E+02  0.00000000000000E+00  0.86031296563589E+01  0.84178963241756E+00
  0.10660807360904E+03  0.23745067461559E+03 -0.52057052023003E-14 -0.17117958305269E-17  0.64531196883730E+03  0.00000000000000E+00 -0.97083734661560E+03  0.80406607428952E+02  0.00000000000000E+00  0.84193922832671E+01  0.75129654951652E+00
  0.10750559582543E+03  0.23118042384281E+03  0.69887272431446E-15 -0.52102323498985E-17  0.63246120016072E+03  0.00000000000000E+00 -0.94961384642798E+03  0.78361634577797E+02  0.00000000000000E+00  0.82604539111566E+01  0.64986606450019E+00
  0.10840527458514E+03  0.22502519014652E+03 -0.18946982031510E-15  0.23802841419089E-17  0.61994544204679E+03  0.00000000000000E+00 -0.92892488540936E+03  0.76367891751187E+02  0.00000000000000E+00  0.81232480202916E+01  0.53688655542656E+00
  0.10930708312478E+03  0.21898311482346E+03 -0.33895630366431E-14  0.17158084131814E-18  0.60775858568534E+03  0.00000000000000E+00 -0.90874967316989E+03  0.74433052576872E+02  0.00000000000000E+00  0.79922865523050E+01  0.41736646808903E+00
  0.11021099461759E+03  0.21305231843024E+03 -0.51885052681963E-14  0.91180404774563E-17  0.59589775756968E+03  0.00000000000000E+00 -0.88906902288054E+03  0.72577079927492E+02  0.00000000000000E+00  0.78474516790971E+01  0.30558472597188E+00
  0.11111698217428E+03  0.20723093801723E+03 -0.57547627882735E-14  0.41625771056878E-17  0.58435792090075E+03  0.00000000000000E+00 -0.86987079040824E+03  0.70822522269251E+02  0.00000000000000E+00  0.76807749184212E+01  0.22136569741451E+00
  0.11202501884378E+03  0.20151708406663E+03 -0.11893619549767E-14  0.79371735985196E-17  0.57312898926736E+03  0.00000000000000E+00 -0.85115043921246E+03  0.69178391471801E+02  0.00000000000000E+00  0.75038545546138E+01  0.17788014794544E+00
  0.11293507761406E+03  0.19590879292904E+03  0.71627447026820E-15  0.51849116891870E-17  0.56219948771016E+03  0.00000000000000E+00 -0.83290383098447E+03  0.67634710412300E+02  0.00000000000000E+00  0.73337256277250E+01  0.17288569475367E+00
  0.11384713141295E+03  0.19040399640692E+03 -0.17127651035775E-14 -0.28430900935421E-17  0.55156151402830E+03  0.00000000000000E+00 -0.81512060088246E+03  0.66174321685621E+02  0.00000000000000E+00  0.71756888786478E+01  0.19492011703971E+00
  0.11476115310893E+03  0.18500048362736E+03 -0.26537420567709E-14  0.14504929500565E-16  0.54121007713705E+03  0.00000000000000E+00 -0.79778513183059E+03  0.64786334111943E+02  0.00000000000000E+00  0.70233159255567E+01  0.23507897131283E+00
  0.11567711551194E+03  0.17969585562561E+03  0.25480423520741E-14 -0.12353187700545E-16  0.53113822594555E+03  0.00000000000000E+00 -0.78088096934428E+03  0.63468424609603E+02  0.00000000000000E+00  0.68685238939049E+01  0.29006073038320E+00
  0.11659499137418E+03  0.17448751246111E+03 -0.44516379243279E-15 -0.12083714615417E-16  0.52133304279947E+03  0.00000000000000E+00 -0.76439509978731E+03  0.62219211627180E+02  0.00000000000000E+00  0.67123217833227E+01  0.35698888376388E+00
  0.11751475339093E+03  0.16937271756684E+03  0.21178891386228E-14  0.91341186741958E-17  0.51177682303334E+03  0.00000000000000E+00 -0.74831956187310E+03  0.61029532236915E+02  0.00000000000000E+00  0.65674525743505E+01  0.42696353834640E+00
  0.11843637420138E+03  0.16434875377616E+03  0.44434472176092E-14 -0.32022587117742E-17  0.50245361185471E+03  0.00000000000000E+00 -0.73264740210450E+03  0.59885132530880E+02  0.00000000000000E+00  0.64451359493649E+01  0.48523200660626E+00
  0.11935982638940E+03  0.15941312592334E+03 -0.23229229862210E-14  0.32062732806066E-17  0.49335449962559E+03  0.00000000000000E+00 -0.71736810239955E+03  0.58777882181110E+02  0.00000000000000E+00  0.63425086618889E+01  0.51991399237666E+00
  0.12028508248440E+03  0.15456372186626E+03  0.86935534747510E-15 -0.18929558266554E-16  0.48447676155210E+03  0.00000000000000E+00 -0.70246816298869E+03  0.57710571358836E+02  0.00000000000000E+00  0.62469367451739E+01  0.52982853367750E+00
  0.12121211496211E+03  0.14979885097521E+03 -0.12402048324754E-14 -0.16686957420788E-16  0.47581937860607E+03  0.00000000000000E+00 -0.68793431290379E+03  0.56692752812149E+02  0.00000000000000E+00  0.61469085831561E+01  0.52357807279409E+00
  0.12214089624543E+03  0.14511713174635E+03  0.96199978471774E-15  0.77251425445307E-17  0.46737980047560E+03  0.00000000000000E+00 -0.67375643466682E+03  0.55731916218773E+02  0.00000000000000E+00  0.60396282514550E+01  0.51204202536313E+00
  0.12307139870524E+03  0.14051728990349E+03  0.30316742685792E-15 -0.16357872818177E-16  0.45915472785983E+03  0.00000000000000E+00 -0.65992820446174E+03  0.54825720936849E+02  0.00000000000000E+00  0.59312728266222E+01  0.50080706504632E+00
  0.12400359466120E+03  0.13599799038662E+03 -0.33653228216660E-14  0.72733045268032E-17  0.45114266470858E+03  0.00000000000000E+00 -0.64644474710412E+03  0.53964830923123E+02  0.00000000000000E+00  0.58290156439028E+01  0.48975455811162E+00
  0.12493745638262E+03  0.13155778304861E+03 -0.47895888711355E-15 -0.68679619685112E-17  0.44334421355067E+03  0.00000000000000E+00 -0.63330116364418E+03  0.53139884478655E+02  0.00000000000000E+00  0.57365787295795E+01  0.47729616334119E+00
  0.12587295608923E+03  0.12719514512072E+03 -0.52480930342672E-16  0.28280079540744E-17  0.43576117262924E+03  0.00000000000000E+00 -0.62049176526305E+03  0.52342168749030E+02  0.00000000000000E+00  0.56542776293461E+01  0.46099886529075E+00
  0.12681006595205E+03  0.12290855933718E+03 -0.21930509612891E-14  0.20723926714545E-17  0.42839555923988E+03  0.00000000000000E+00 -0.60800854860813E+03  0.51565051470064E+02  0.00000000000000E+00  0.55774959967951E+01  0.43811743578569E+00
  0.12774875809420E+03  0.11869659031288E+03  0.30450830529083E-14  0.68910971634790E-17  0.42124743349572E+03  0.00000000000000E+00 -0.59584195577883E+03  0.50807827461472E+02  0.00000000000000E+00  0.54992498294473E+01  0.40914532068091E+00
  0.12868900459172E+03  0.11455794209625E+03 -0.23980524227324E-14 -0.17661812051031E-16  0.41431257530305E+03  0.00000000000000E+00 -0.58398351354142E+03  0.50075906147777E+02  0.00000000000000E+00  0.54162567830578E+01  0.37916678870827E+00
  0.12963077747442E+03  0.11049147102561E+03 -0.19945158867389E-15  0.14287392210859E-16  0.40758126983357E+03  0.00000000000000E+00 -0.57242746523195E+03  0.49376278566945E+02  0.00000000000000E+00  0.53325631851861E+01  0.35411737935467E+00
  0.13057404872671E+03  0.10649614056806E+03 -0.10954117371715E-14 -0.53236897957933E-17  0.40103945381492E+03  0.00000000000000E+00 -0.56116986562065E+03  0.48712517373408E+02  0.00000000000000E+00  0.52572132888762E+01  0.33545942461421E+00
  0.13151879028842E+03  0.10257094891052E+03  0.36098463524669E-14 -0.20698777379982E-16  0.39467245732824E+03  0.00000000000000E+00 -0.55020633378540E+03  0.48084397826367E+02  0.00000000000000E+00  0.51977948900562E+01  0.31926516978561E+00
  0.13246497405563E+03  0.98714886236423E+02  0.11656674088406E-14 -0.38615737116844E-17  0.38846918394467E+03  0.00000000000000E+00 -0.53953089655472E+03  0.47492338993606E+02  0.00000000000000E+00  0.51556605649640E+01  0.30117318494316E+00
  0.13341257188155E+03  0.94926955196992E+02  0.11009349719425E-14 -0.35154197568811E-17  0.38242410224256E+03  0.00000000000000E+00 -0.52913698888509E+03  0.46941317254198E+02  0.00000000000000E+00  0.51267943349767E+01  0.28218014363834E+00
  0.13436155557728E+03  0.91206244217195E+02 -0.48559306159350E-15 -0.12707258462034E-16  0.37653615876784E+03  0.00000000000000E+00 -0.51901920517356E+03  0.46438976299144E+02  0.00000000000000E+00  0.51062733868772E+01  0.26844749749505E+00
  0.13531189691273E+03  0.87552027933078E+02 -0.13739190927572E-14 -0.66086733018616E-17  0.37080610106570E+03  0.00000000000000E+00 -0.50917413593133E+03  0.45988531113943E+02  0.00000000000000E+00  0.50922191795061E+01  0.26474336090084E+00
  0.13626356761741E+03  0.83963875510392E+02  0.20672979336715E-14 -0.66396879128172E-17  0.36523534153718E+03  0.00000000000000E+00 -0.49959940558228E+03  0.45583701938000E+02  0.00000000000000E+00  0.50851188984222E+01  0.26863230170977E+00
  0.13721653938129E+03  0.80441731868026E+02 -0.15218659983065E-14  0.18623876309760E-17  0.35982666902903E+03  0.00000000000000E+00 -0.49029185995061E+03  0.45212195322902E+02  0.00000000000000E+00  0.50834242127801E+01  0.27216048213282E+00
  0.13817078385562E+03  0.76985920566878E+02 -0.48584730007862E-15 -0.15823530700700E-16  0.35458372122429E+03  0.00000000000000E+00 -0.48124720519709E+03  0.44864094985645E+02  0.00000000000000E+00  0.50823897330922E+01  0.26892131281772E+00
  0.13912627265381E+03  0.73597052065991E+02  0.93289488348073E-15  0.49212965057402E-17  0.34950878371569E+03  0.00000000000000E+00 -0.47246094423515E+03  0.44536272559788E+02  0.00000000000000E+00  0.50771912805844E+01  0.25835538689756E+00
  0.14008297735225E+03  0.70275878508293E+02  0.17758171136163E-14 -0.64508043829524E-17  0.34460110615789E+03  0.00000000000000E+00 -0.46392893169325E+03  0.44231430062238E+02  0.00000000000000E+00  0.50651664777000E+01  0.24464951287645E+00
  0.14104086949114E+03  0.67023158964440E+02 -0.12242475769051E-14  0.36872912929195E-17  0.33985641521767E+03  0.00000000000000E+00 -0.45564801973313E+03  0.43955315104574E+02  0.00000000000000E+00  0.50468535534583E+01  0.23372310701134E+00
  0.14199992057539E+03  0.63839576776886E+02 -0.71192021068753E-15 -0.28429844111518E-17  0.33526795315771E+03  0.00000000000000E+00 -0.44761653461201E+03  0.43712891239416E+02  0.00000000000000E+00  0.50258780595495E+01  0.22976462155284E+00
  0.14296010207540E+03  0.60725710392260E+02 -0.19569287052445E-14  0.71879373157362E-17  0.33082916284732E+03  0.00000000000000E+00 -0.43983272199510E+03  0.43506315629607E+02  0.00000000000000E+00  0.50047562292350E+01  0.23322310331721E+00
  0.14392138542796E+03  0.57682036290171E+02 -0.60161256269757E-15 -0.77431878066460E-17  0.32653534356686E+03  0.00000000000000E+00 -0.43229327236815E+03  0.43336968816424E+02  0.00000000000000E+00  0.49820076242628E+01  0.24308392956793E+00
  0.14488374203710E+03  0.54708945818162E+02 -0.20951158657611E-15  0.11945569964657E-17  0.32238235475439E+03  0.00000000000000E+00 -0.42499434753988E+03  0.43207153214809E+02  0.00000000000000E+00  0.49558936328394E+01  0.25999988032668E+00
  0.14584714327488E+03  0.51806771474145E+02  0.19566747925021E-14 -0.56233009947336E-17  0.31836464347324E+03  0.00000000000000E+00 -0.41793281916268E+03  0.43117675140032E+02  0.00000000000000E+00  0.49287325618122E+01  0.28500348654737E+00
  0.14681156048232E+03  0.48975830191668E+02 -0.22194559431637E-14 -0.44983882788857E-18  0.31447524087999E+03  0.00000000000000E+00 -0.41110565275866E+03  0.43064044730623E+02  0.00000000000000E+00  0.49058679896473E+01  0.31533103326817E+00
  0.14777696497021E+03  0.46216490618771E+02 -0.69433916649692E-15  0.16399617149238E-17  0.31070778062643E+03  0.00000000000000E+00 -0.40450886681872E+03  0.43035664718292E+02  0.00000000000000E+00  0.48916619455956E+01  0.34273109037157E+00
  0.14874332801995E+03  0.43529251426842E+02 -0.12471652626701E-14  0.78607045486877E-17  0.30705903312768E+03  0.00000000000000E+00 -0.39813753933702E+03  0.43019743316210E+02  0.00000000000000E+00  0.48864508845489E+01  0.35693941826915E+00
  0.14971062088446E+03  0.40914793386329E+02  0.19140149895478E-14 -0.21659683186765E-17  0.30352993322542E+03  0.00000000000000E+00 -0.39198675535851E+03  0.43007833311160E+02  0.00000000000000E+00  0.48864694172761E+01  0.35227398167054E+00
  0.15067881478897E+03  0.38373969246671E+02 -0.58816945204772E-15  0.19236396538783E-17  0.30012411943002E+03  0.00000000000000E+00 -0.38605301682640E+03  0.42999342252608E+02  0.00000000000000E+00  0.48876035019728E+01  0.33201760486986E+00
  0.15164788093193E+03  0.35907733526775E+02 -0.20873584008455E-14  0.64618661118272E-17  0.29684549906993E+03  0.00000000000000E+00 -0.38033518113230E+03  0.42997716559138E+02  0.00000000000000E+00  0.48901851402517E+01  0.30595316379468E+00
  0.15261779048581E+03  0.33517055103617E+02 -0.10619348184595E-14 -0.60781245983730E-17  0.29369738268959E+03  0.00000000000000E+00 -0.37483328958766E+03  0.43003624048136E+02  0.00000000000000E+00  0.48982754961044E+01  0.28304774978172E+00
  0.15358851459804E+03  0.31202856757576E+02  0.13690732419265E-14  0.12245018663075E-17  0.29068321210969E+03  0.00000000000000E+00 -0.36954618384684E+03  0.43013238222579E+02  0.00000000000000E+00  0.49138364049627E+01  0.26695964796152E+00
  0.15456002439176E+03  0.28965995428514E+02  0.75441474017662E-15 -0.66423033052691E-17  0.28780673433127E+03  0.00000000000000E+00 -0.36447097373563E+03  0.43021294458078E+02  0.00000000000000E+00  0.49339809296494E+01  0.25703141188815E+00
  0.15553229096678E+03  0.26807271391810E+02 -0.21365743248913E-15 -0.74108559812466E-18  0.28507074272348E+03  0.00000000000000E+00 -0.35960450990291E+03  0.43023719097048E+02  0.00000000000000E+00  0.49535145250272E+01  0.25073783445037E+00
  0.15650528540039E+03  0.24727450747467E+02  0.11519690615649E-14  0.13816404797146E-18  0.28247530538544E+03  0.00000000000000E+00 -0.35494451218584E+03  0.43018757014761E+02  0.00000000000000E+00  0.49680445108584E+01  0.24504547268939E+00
  0.15747897874822E+03  0.22727292946959E+02 -0.71098573168027E-15  0.46398283817789E-17  0.28001679314508E+03  0.00000000000000E+00 -0.35048946408820E+03  0.43007356684690E+02  0.00000000000000E+00  0.49752277587922E+01  0.23720644731767E+00
  0.15845334204511E+03  0.20807576091938E+02 -0.18148120600285E-15  0.27459060663323E-19  0.27768850413441E+03  0.00000000000000E+00 -0.34623813911863E+03  0.42992537746022E+02  0.00000000000000E+00  0.49749960274789E+01  0.22547488121776E+00
  0.15942834630597E+03  0.18969107759047E+02 -0.83224467859311E-15 -0.27899873367301E-17  0.27548245014984E+03  0.00000000000000E+00 -0.34218938022835E+03  0.42978642209883E+02  0.00000000000000E+00  0.49690780711988E+01  0.20989796162416E+00
  0.16040396252665E+03  0.17212712117943E+02  0.10479191345321E-14  0.30698954730786E-17  0.27339094794447E+03  0.00000000000000E+00 -0.33834211169009E+03  0.42971593259731E+02  0.00000000000000E+00  0.49600587053628E+01  0.19320033741782E+00
  0.16138016168478E+03  0.15539196120808E+02  0.20963788014928E-14 -0.11112751558711E-17  0.27140740499739E+03  0.00000000000000E+00 -0.33469506412196E+03  0.42979002629743E+02  0.00000000000000E+00  0.49501031572028E+01  0.18064278319220E+00
  0.16235691474068E+03  0.13949307441185E+02  0.46870181268635E-15 -0.85744878984384E-18  0.26952644467377E+03  0.00000000000000E+00 -0.33124648568265E+03  0.43008102192945E+02  0.00000000000000E+00  0.49404913196606E+01  0.17785994491255E+00
  0.16333419263816E+03  0.12443700212028E+02  0.27536382673729E-15 -0.35121429825274E-20  0.26774360263285E+03  0.00000000000000E+00 -0.32799446844859E+03  0.43061935842235E+02  0.00000000000000E+00  0.49327236436939E+01  0.18749388222032E+00
  0.16431196630542E+03  0.11022920821835E+02 -0.14558192049463E-14  0.27944436256636E-17  0.26605506326545E+03  0.00000000000000E+00 -0.32493690901055E+03  0.43138009139077E+02  0.00000000000000E+00  0.49283159848961E+01  0.20740020070474E+00
  0.16529020665594E+03  0.96874148877827E+01  0.10494250709837E-14  0.42422621338075E-19  0.26445750327312E+03  0.00000000000000E+00 -0.32207134863905E+03  0.43230667226213E+02  0.00000000000000E+00  0.49280590607183E+01  0.23229580878618E+00
  0.16626888458929E+03  0.84375458883798E+01 -0.54199145204191E-15  0.73432376872988E-18  0.26294833399337E+03  0.00000000000000E+00 -0.31939538132795E+03  0.43333618916637E+02  0.00000000000000E+00  0.49326447135978E+01  0.25676218403076E+00
  0.16724797099203E+03  0.72736121280206E+01 -0.10460990481547E-14 -0.93868994725669E-18  0.26152667915780E+03  0.00000000000000E+00 -0.31690677796217E+03  0.43440824561500E+02  0.00000000000000E+00  0.49423919767333E+01  0.27672986188515E+00
  0.16822743673857E+03  0.61958534325690E+01 -0.41206653848887E-15 -0.17828477571121E-17  0.26019425396957E+03  0.00000000000000E+00 -0.31460290725280E+03  0.43547297596688E+02  0.00000000000000E+00  0.49551361120955E+01  0.28963385812777E+00
  0.16920725269205E+03  0.52044498579361E+01  0.70636205268146E-15  0.19806694374117E-17  0.25895481752982E+03  0.00000000000000E+00 -0.31248086631591E+03  0.43650650244783E+02  0.00000000000000E+00  0.49661569836333E+01  0.29520830027021E+00
  0.17018738970516E+03  0.42995204004505E+01  0.87101776269744E-15 -0.22549269865745E-18  0.25781249611484E+03  0.00000000000000E+00 -0.31053891391794E+03  0.43751462947206E+02  0.00000000000000E+00  0.49717601184961E+01  0.29632566305541E+00
  0.17116781862106E+03  0.34811256642709E+01 -0.69125853593288E-15  0.20386923734706E-17  0.25677065213155E+03  0.00000000000000E+00 -0.30877722877828E+03  0.43851424852057E+02  0.00000000000000E+00  0.49716980172539E+01  0.29767188684501E+00
  0.17214851027424E+03  0.27492739130731E+01  0.42971061169491E-15 -0.14091108734434E-17  0.25583191127001E+03  0.00000000000000E+00 -0.30719690945823E+03  0.43950459859032E+02  0.00000000000000E+00  0.49675846642817E+01  0.30232024815854E+00
  0.17312943549134E+03  0.21039291311204E+01  0.79683454075147E-15  0.82505008886590E-18  0.25499848969989E+03  0.00000000000000E+00 -0.30579888501103E+03  0.44044642937518E+02  0.00000000000000E+00  0.49607695757728E+01  0.30894633326573E+00
  0.17411056509208E+03  0.15450193995899E+01 -0.49347580926829E-15  0.94502986922083E-18  0.25427231638824E+03  0.00000000000000E+00 -0.30458399292155E+03  0.44126662202619E+02  0.00000000000000E+00  0.49523361623205E+01  0.31234123121717E+00
  0.17509186989009E+03  0.10724437421274E+01 -0.12152396929304E-15  0.13650040223929E-18  0.25365537968632E+03  0.00000000000000E+00 -0.30355313412565E+03  0.44189285529862E+02  0.00000000000000E+00  0.49429552206989E+01  0.30693005335624E+00
  0.17607332069378E+03  0.68607760198939E+00 -0.20787019236516E-14  0.90290395502847E-18  0.25315003123815E+03  0.00000000000000E+00 -0.30270679422670E+03  0.44229666781751E+02  0.00000000000000E+00  0.49316476182461E+01  0.29062901343737E+00
  0.17705488830723E+03  0.38578061494062E+00 -0.17299712506775E-14 -0.32504341361783E-18  0.25275820645162E+03  0.00000000000000E+00 -0.30204526507872E+03  0.44250897485252E+02  0.00000000000000E+00  0.49169217103433E+01  0.26654118344308E+00
  0.17803654353105E+03  0.17141089572546E+00 -0.13501565408567E-15 -0.18047185653941E-18  0.25248013797414E+03  0.00000000000000E+00 -0.30156984943148E+03  0.44259431842363E+02  0.00000000000000E+00  0.49003266509950E+01  0.24145793174677E+00
  0.17901825716322E+03  0.42845297001702E-01 -0.41073362016969E-15 -0.49755646476803E-18  0.25231441230698E+03  0.00000000000000E+00 -0.30128303597641E+03  0.44261584698596E+02  0.00000000000000E+00  0.48869431048700E+01  0.22274943103054E+00
  0.18000000000000E+03  0.00000000000000E+00 -0.79789093436834E-15  0.00000000000000E+00  0.25225939101826E+03  0.00000000000000E+00 -0.30118713536634E+03  0.44261761797276E+02  0.00000000000000E+00  0.48818297032589E+01  0.21584715245937E+00
