# 1:t 2:KE 3:eps
0.0 0.12499084199121048 -0.0
0.01 0.12499084199121048 3.730668281409777e-05
0.02 0.1249900958575542 0.00027167572971276144
0.03 0.12498540847661621 0.00046874432703081226
0.04 0.12498072097101356 0.0004687639127496368
0.05 0.12497603319836122 0.00046879451430825725
0.06 0.12497134508072741 0.00046883066613379043
0.07 0.12496665658503854 0.0004688830973327285
0.08 0.12496196741878075 0.0004689358337000016
0.09 0.12495727786836454 0.00046901011210387367
0.1 0.12495258721653867 0.000469079459587185
0.11 0.1249478962791728 0.0004691756089103549
0.12 0.12494320370436046 0.0004692728605810714
0.13 0.12493851082196118 0.00046937965694127115
0.14 0.12493381611122163 0.0004695029260606276
0.15 0.12492912076343997 0.000469622337297082
0.16 0.1249244236644757 0.00046976754635430495
0.17 0.12491972541251288 0.0004699037457687183
0.18 0.12491502558956032 0.00047007094547080186
0.19 0.12491032399360347 0.0004702239943474851
0.2 0.12490562110967338 0.00047041323804375423
0.21 0.12490091572884258 0.00047058320961124167
0.22 0.12489620944548115 0.0004707945632276278
0.23 0.12489149983757804 0.00047099027900010526
0.24 0.12488678963990114 0.0004712150653904956
0.25 0.12488207553627023 0.0004714536846286421
0.26 0.12487736056620857 0.0004716749022533051
0.27 0.12487264203822517 0.0004719357701095106
0.28 0.12486792185080639 0.0004721742542015406
0.29 0.12486319855314111 0.00047245745257384897
0.3 0.12485847270175493 0.0004727133103781256
0.31 0.12485374428693355 0.00047301892730988726
0.32 0.12484901232320872 0.0004732922694765662
0.33 0.12484427844154401 0.0004736204106077224
0.34 0.12483953991499658 0.00047391135237084825
0.35 0.12483480021449658 0.00047426212000978296
0.36 0.12483005467259639 0.00047460115907416167
0.37 0.1248253081913151 0.00047494429035843666
0.38 0.12482055578678922 0.0004753226518996456
0.39 0.12481580173827711 0.00047566717918368084
0.4 0.12481104244320555 0.00047606837232105903
0.41 0.12480628037083066 0.0004764310446674358
0.42 0.12480151382231222 0.0004768551894773765
0.43 0.12479674326704113 0.00047723615844841305
0.44 0.12479196909914325 0.0004776833944335479
0.45 0.12478718959915244 0.0004780828158921224
0.46 0.12478240744282541 0.00047855327123169644
0.47 0.12477761853372779 0.00047897131561125406
0.48 0.12477282801651321 0.000479465126602463
0.49 0.12476802923119575 0.0004799400456647618
0.5 0.1247632292155999 0.00048041928978026505
0.51 0.12475842084540013 0.00048094111454410893
0.52 0.12475361039330903 0.00048141608269780534
0.53 0.12474879252374618 0.0004819615220075235
0.54 0.12474397116286887 0.00048245584171358047
0.55 0.12473914340691192 0.00048302506484265706
0.56 0.12473431066157202 0.0004835389298749604
0.57 0.12472947262831441 0.0004841320946136207
0.58 0.12472462801967976 0.00048466571354577326
0.59 0.1247197793140435 0.0004852829775972012
0.6 0.12471492236012782 0.00048583656363732075
0.61 0.12471006258277076 0.00048647809649438045
0.62 0.12470519279819793 0.000487051863931498
0.63 0.12470032154549213 0.00048771785138335133
0.64 0.12469543844117027 0.0004883862409261752
0.65 0.12469055382067361 0.0004890026374964052
0.66 0.12468565838842034 0.0004896971819299267
0.67 0.124680759877035 0.0004903328633236725
0.68 0.12467585173115386 0.0004910521650645094
0.69 0.1246709388337337 0.0004917089572344935
0.7 0.12466601755200919 0.0004924532052275055
0.71 0.12466108976962915 0.0004931313552063443
0.72 0.12465615492490506 0.000493900732023711
0.73 0.1246512117549887 0.0004946004990129538
0.74 0.12464626291492481 0.0004953951924937527
0.75 0.12464130385113881 0.0004961168369685964
0.76 0.12463634057818544 0.0004969370457494904
0.77 0.12463136511022382 0.0004976808281762501
0.78 0.12462638696162191 0.0004985267644679325
0.79 0.12462139457493447 0.0004993216597082295
0.8 0.12461640052842775 0.0005001648160121164
0.81 0.12461139127861422 0.0005010398420619566
0.82 0.1246063797315865 0.0005018516850974208
0.83 0.12460135424491227 0.0005027527607595061
0.84 0.12459632467637131 0.0005035878615489153
0.85 0.1245912824876813 0.0005045152033629208
0.86 0.12458623437230405 0.0005053738480214065
0.87 0.12458117501072087 0.0005063276778960457
0.88 0.12457610781874615 0.0005072101598599943
0.89 0.12457103080752366 0.0005081906877002496
0.9 0.12456594400499213 0.0005090973115837727
0.91 0.124560848861292 0.000510104755462315
0.92 0.12455574190988289 0.0005110358300077777
0.93 0.12455062814469184 0.0005120704111378771
0.94 0.12454550050166012 0.0005130262492603066
0.95 0.12454036761970665 0.0005140881931025021
0.96 0.12453521873779806 0.0005150691128523732
0.97 0.1245300662374496 0.0005161586447979261
0.98 0.12452489556490211 0.0005171649616881879
0.99 0.12451972293821584 0.000518282326088304
1.0 0.12451452991838034 0.0005193893439372488
1.01 0.1245093351513371 0.0005204597934991284
1.02 0.12450412072251035 0.0005216071637983433
1.03 0.12449890300806113 0.0005226916137646143
1.04 0.12449366689023507 0.000523867201920325
1.05 0.12448842566402271 0.000524978362720141
1.06 0.12448316732298066 0.0005261824126856496
1.07 0.12447790201576901 0.0005273206234406302
1.08 0.12447262091051184 0.0005285533835053258
1.09 0.12446733094809889 0.0005297189857635942
1.1 0.12446202653079658 0.0005309807082714002
1.11 0.12445671133393348 0.0005321740466799341
1.12 0.12445138304986297 0.0005334649885861964
1.13 0.12444604203416175 0.0005346864101465343
1.14 0.12444068932166005 0.0005360068326512035
1.15 0.12443532189750872 0.0005372566863517392
1.16 0.124429944187933 0.0005386068554722456
1.17 0.12442454976039928 0.0005398854929117292
1.18 0.12441914647807477 0.0005412656791321524
1.19 0.12441372444681663 0.0005425734529236337
1.2 0.1244082950090163 0.0005439839323031492
1.21 0.12440284476817057 0.0005453211980048778
1.22 0.12439738858505621 0.0005467622515462622
1.23 0.12439190952313965 0.0005481293653568642
1.24 0.12438642599774907 0.0005496012790482396
1.25 0.12438091749755868 0.0005509985983795929
1.26 0.12437540602578148 0.0005525016644609693
1.27 0.12436986746426947 0.0005539318586489372
1.28 0.12436432738860849 0.0005554640639928721
1.29 0.1243587581829896 0.0005569990478724307
1.3 0.12435318740765104 0.0005584891401619885
1.31 0.12434758840018637 0.0005600558255185462
1.32 0.12434198629114067 0.0005615775629772557
1.33 0.12433635684892683 0.0005631762652225092
1.34 0.12433072276583622 0.0005647300090103613
1.35 0.1243250622487466 0.0005663610501294158
1.36 0.12431939554483364 0.0005679471611284015
1.37 0.12431370330552403 0.0005696108696966462
1.38 0.1243080033274397 0.000571229709389165
1.39 0.12430227871133626 0.0005729264214107133
1.4 0.12429654479901149 0.0005745783504353952
1.41 0.12429078714432755 0.0005763084086165549
1.42 0.12428501863083916 0.0005779937874663688
1.43 0.12427922726857822 0.0005797575419697054
1.44 0.12427342347999977 0.0005814767303773394
1.45 0.12426759773397067 0.0005832745387461813
1.46 0.12426175798922484 0.0005850278959043109
1.47 0.1242558971760526 0.0005868601232750237
1.48 0.12425002078675934 0.0005886480071906064
1.49 0.12424412421590877 0.0005905150249407853
1.5 0.12423821048626052 0.000592337789954378
1.51 0.12423227746010969 0.0005942399835028311
1.52 0.12422632568659048 0.000596097976379717
1.53 0.1242203555005821 0.0005980357500927624
1.54 0.12421436497158861 0.0005999293176035536
1.55 0.12420835691423003 0.0006019030668378278
1.56 0.12420232691025186 0.0006038325613229034
1.57 0.12419628026300357 0.0006058426907600278
1.58 0.12419021005643666 0.0006078084606615519
1.59 0.12418412409379034 0.0006098553836597631
1.6 0.12417801294876346 0.0006118577790461543
1.61 0.12417188693820942 0.0006139419169102212
1.62 0.12416573411042525 0.0006159812841284307
1.63 0.12415956731252684 0.0006181030653280573
1.64 0.12415337204911871 0.0006201797494469474
1.65 0.12414716371753788 0.000622339610770517
1.66 0.1241409252569033 0.0006244539557611617
1.67 0.12413467463842266 0.0006266523412579161
1.68 0.12412839221007815 0.0006288046885876142
1.69 0.12412209854465091 0.0006310420500863501
1.7 0.12411577136907642 0.0006332327402107651
1.71 0.1241094338898467 0.0006355095317172044
1.72 0.12410306117844207 0.0006377388961888997
1.73 0.12409667911192292 0.0006400555987493561
1.74 0.12409026006646709 0.0006423239648727375
1.75 0.12408383263262547 0.0006446810597990904
1.76 0.1240773664452711 0.0006469887582483125
1.77 0.1240708928574605 0.0006493867247057139
1.78 0.124064378710777 0.0006517340900167312
1.79 0.12405785817566016 0.0006541734137250899
1.8 0.12405129524250248 0.0006565607784665417
1.81 0.12404472696009083 0.0006590419500671629
1.82 0.12403811440350114 0.0006614696448936641
1.83 0.12403149756719296 0.0006639931621892359
1.84 0.12402483454025735 0.0006664615188274325
1.85 0.1240181683368164 0.0006690278828909157
1.86 0.12401145398259954 0.0006715372302075195
1.87 0.12400473759221227 0.0006741469481141849
1.88 0.12399797104363723 0.000676716122224974
1.89 0.12399120326976779 0.0006793511990137446
1.9 0.12398438401965695 0.0006820071820312634
1.91 0.12397756312612715 0.0006846414794754452
1.92 0.12397069119006744 0.0006873420300994582
1.93 0.12396381628552516 0.0006900186370009109
1.94 0.12395689081732741 0.0006927642756373587
1.95 0.12394996100001242 0.0006954835223966782
1.96 0.12394298114687949 0.0006982747709205483
1.97 0.123935995504594 0.0007010369903168723
1.98 0.12392896040707316 0.0007038743729905761
1.99 0.1239219180171342 0.0007066798984212141
2.0 0.12391482680910472 0.0007095639389795849
2.01 0.1239077267383546 0.0007124131034679237
2.02 0.12390057854703536 0.000715344324432543
2.03 0.12389341985186594 0.0007182374683747383
2.04 0.12388621379766789 0.000721216395549007
2.05 0.12387899552395495 0.000724153859358978
2.06 0.12387173072048072 0.0007271810147049251
2.07 0.12386445190366085 0.0007301631417986343
2.08 0.12385712745764474 0.0007332390458687499
2.09 0.12384978712274348 0.0007362661868706155
2.1 0.12384240213390732 0.0007393913598052748
2.11 0.12383499929554737 0.0007424638682138607
2.12 0.12382755285654305 0.0007456388218569643
2.13 0.12382008651911021 0.0007487570446151892
2.14 0.12381257771565075 0.0007519823197004172
2.15 0.12380504687271619 0.0007551465997881479
2.16 0.12379747478365498 0.0007584227308381486
2.17 0.12378987841809942 0.0007616334244398004
2.18 0.12378224211516618 0.000764960914674262
2.19 0.12377457919980595 0.0007682183933575004
2.2 0.12376687774729904 0.0007715977486473236
2.21 0.123759147244833 0.0007749023968361968
2.22 0.12375137969936231 0.0007783341174576464
2.23 0.12374358056248384 0.0007816863217122716
2.24 0.12373574597292807 0.0007851708973323213
2.25 0.1237278771445372 0.0007885710533459545
2.26 0.12371997455186114 0.0007921089725018149
2.27 0.12371203496508716 0.000795557452317297
2.28 0.1237040634028148 0.0007991492800849542
2.29 0.12369605197948547 0.0008026464694586011
2.3 0.12368801047342562 0.0008062926831673423
2.31 0.12367992612582213 0.0008098389991051391
2.32 0.12367181369344352 0.0008135400700339801
2.33 0.12366365532442145 0.0008171359538442502
2.34 0.12365547097436663 0.0008208923282611025
2.35 0.12364723747785622 0.0008245382026270676
2.36 0.1236389802103141 0.0008283504135793152
2.37 0.12363067046958465 0.000832046686086052
2.38 0.12362233927659237 0.0008359152487136257
2.39 0.12361395216461038 0.0008396623769950651
2.4 0.12360554602905247 0.0008435877297774397
2.41 0.12359708041001484 0.0008473861979503283
2.42 0.12358859830509346 0.0008513687579467799
2.43 0.12358005303485589 0.000855219018619735
2.44 0.12357149392472107 0.0008592593615102118
2.45 0.1235628678476257 0.0008631618803525143
2.46 0.12355423068711402 0.0008672604645196813
2.47 0.1235455226383353 0.0008712157724355407
2.48 0.12353680637166531 0.0008753729789088283
2.49 0.12352801517875713 0.0008793815811838357
2.5 0.12351921874004163 0.0008835979722121579
2.51 0.12351034321931288 0.0008877113501251088
2.52 0.12350146451303913 0.0008919364350852277
2.53 0.12349250449061118 0.0008962175933557859
2.54 0.12348354016117202 0.0009003893070458346
2.55 0.12347449670447026 0.0009047305215972301
2.56 0.12346544555074007 0.0009089577357856982
2.57 0.12345631754975454 0.0009133593878205559
2.58 0.12344717836298368 0.0009176427423538414
2.59 0.12343796469490746 0.0009221052693506593
2.6 0.12342873625759668 0.0009264453708652809
2.61 0.12341943578749015 0.0009309693534191865
2.62 0.12341011687052829 0.0009353668606042476
2.63 0.12340072845027807 0.0009399526301505645
2.64 0.12339131781792528 0.0009444082324225889
2.65 0.12338184028562961 0.0009490563941731978
2.66 0.12337233669004181 0.0009535707809904537
2.67 0.12336276887000981 0.0009582817615036987
2.68 0.12335317105481174 0.0009628557015766148
2.69 0.12334351175597828 0.0009676299932852572
2.7 0.12333381845494602 0.000972264238228604
2.71 0.12332406647121372 0.0009771024383802285
2.72 0.12331427640617841 0.0009817978094162072
2.73 0.1233044305150254 0.0009867003275960684
2.74 0.12329454239962649 0.0009914576667542363
2.75 0.12328460136169031 0.00099642520659593
2.76 0.12327461389549457 0.0010012454041232743
2.77 0.12326457645360786 0.0010062783778304052
2.78 0.12325448832793795 0.0010111623659705415
2.79 0.12324435320628845 0.0010162615375177708
2.8 0.1232341630971876 0.0010212102999025419
2.81 0.12322392900029039 0.001026376137321705
2.82 0.12321363557444116 0.0010313907071539674
2.83 0.12320330118614731 0.0010366240213857125
2.84 0.12319290309401346 0.0010417054847753349
2.85 0.12318246707645181 0.0010470068179184722
2.86 0.12317196295765508 0.0010521563270300405
2.87 0.12316142394991121 0.0010575265608796514
2.88 0.12315081242643748 0.0010627453266183196
2.89 0.12314016904337884 0.001068185085021156
2.9 0.12312944872473706 0.0010734743919877943
2.91 0.12311869955553909 0.0010789846502099465
2.92 0.12310786903173287 0.001084345856894764
2.93 0.12309701263840118 0.0010899273312210411
2.94 0.12308607048510845 0.0010953618757465478
2.95 0.12307510540088624 0.0011010156614448263
2.96 0.12306405017187953 0.0011065250742978705
2.97 0.12305297489940029 0.0011122519946038523
2.98 0.12304180513198745 0.0011178378948457635
2.99 0.12303061814150337 0.001123639187305514
3.0 0.12301933234824133 0.0011293032968389127
3.01 0.12300803207556658 0.0011351799279877284
3.02 0.12299662874968158 0.0011409240809561183
3.03 0.12298521359394746 0.0011468774283196481
3.04 0.12297369120111519 0.0011527035725302781
3.05 0.12296215952249685 0.001158734804366901
3.06 0.12295051650502785 0.0011646450241675765
3.07 0.1229388666220135 0.0011707556452442702
3.08 0.12292710139212296 0.0011767521439525197
3.09 0.12291533157913445 0.0011829436028740759
3.1 0.12290344252006546 0.0011890287574907177
3.11 0.12289155100398465 0.0011953026619835327
3.12 0.12287953646682581 0.0012015416955062364
3.13 0.12286752017007452 0.0012078371369419472
3.14 0.12285537972408699 0.0012141845499167303
3.15 0.12284323647907619 0.001220551464720998
3.16 0.12283096869479256 0.0012269839460827825
3.17 0.12281869680015453 0.001233450677259107
3.18 0.12280629968124739 0.001239969981496003
3.19 0.12279389740052461 0.0012465398188252763
3.2 0.12278136888487087 0.001253148189156228
3.21 0.12276883443674148 0.0012598246461781315
3.22 0.1227561723919473 0.0012665241495177781
3.23 0.12274350395375112 0.001273311008010758
3.24 0.1227307061717871 0.0012801041056311746
3.25 0.1227179018716385 0.0012870053739746368
3.26 0.1227049660643076 0.0012938946025631282
3.27 0.12269202397958724 0.0013009146174454145
3.28 0.12267894777195867 0.0013079026012974282
3.29 0.1226658659275613 0.0013150459652573332
3.3 0.12265264685265352 0.0013221357465011963
3.31 0.12263942321263128 0.0013294074126957156
3.32 0.1226260587043996 0.0013366018795331058
3.33 0.12261269117504062 0.001344007143467607
3.34 0.12259917856153026 0.0013513097549004982
3.35 0.12258566497994261 0.0013588542666216341
3.36 0.12257200147619782 0.001366350374478742
3.37 0.12255833797245302 0.0013739581830591874
3.38 0.12254452231253664 0.0013816480152568644
3.39 0.12253070501214788 0.0013893290753808074
3.4 0.12251673573102902 0.0013971706652231575
3.41 0.12250276159884341 0.0014049778022657833
3.42 0.1224886361749837 0.0014129780767371258
3.43 0.12247450203730867 0.0014209156608453455
3.44 0.12246021786176678 0.0014290819704436686
3.45 0.12244592039789981 0.0014371549954983465
3.46 0.1224314747618568 0.0014454951839404373
3.47 0.122417010494221 0.0014537084485413132
3.48 0.12240240059288597 0.0014622308691780717
3.49 0.12238776587683743 0.0014705897048568062
3.5 0.12237298879878884 0.0014793031826645375
3.51 0.12235817981318414 0.0014878129858386657
3.52 0.12234323253907207 0.0014967269261818572
3.53 0.1223282452746605 0.0015053931565676137
3.54 0.12231312467594072 0.0015145174405652995
3.55 0.1222979549258492 0.0015233460306944835
3.56 0.12228265775532683 0.0015326911180642
3.57 0.12226730110348791 0.0015416876629457121
3.58 0.12225182400206792 0.0015512645273778602
3.59 0.12223627581294035 0.0015604351618829782
3.6 0.12222061529883026 0.0015702552780476609
3.61 0.12220487070737938 0.0015796039531723594
3.62 0.12218902321976681 0.0015896756783666532
3.63 0.12217307719381205 0.0015992126776058768
3.64 0.12215703896621469 0.0016095281034678166
3.65 0.1221408866317427 0.0016193107853235134
3.66 0.1221246527505082 0.0016298630193878338
3.67 0.12210828937135496 0.0016399016192218951
3.68 0.12209185471812374 0.001650698806099804
3.69 0.12207527539523295 0.001661001132030826
3.7 0.12205863469548313 0.001672053255227901
3.71 0.12204183433012838 0.0016826307182959965
3.72 0.1220249820811172 0.001693947823112829
3.73 0.12200795537366613 0.001704809300985488
3.74 0.12199088589509749 0.001716401490862829
3.75 0.12197362734384888 0.0017275579238544836
3.76 0.12195633473662039 0.0017394349337545023
3.77 0.12193883864517378 0.0017508959121581569
3.78 0.12192131681837723 0.0017630676450286487
3.79 0.1219035772922732 0.0017748423317511808
3.8 0.12188581997174221 0.001787317903365171
3.81 0.1218678309342059 0.0017994170702575474
3.82 0.12184983163033704 0.0018122050969324732
3.83 0.12183158683226725 0.0018246372207118
3.84 0.1218133388859228 0.0018377458574976302
3.85 0.12179483191511731 0.0018506970805489686
3.86 0.12177632494431183 0.0018639576748853415
3.87 0.12175755276161959 0.0018773950181749655
3.88 0.12173877704394832 0.0018908533411829964
3.89 0.12171973569479594 0.0019046262646513767
3.9 0.1217006845186553 0.0019184490016144196
3.91 0.12168136671476364 0.0019325638548961521
3.92 0.12166203324155736 0.0019467534304267176
3.93 0.1216424316461551 0.0019612155048571722
3.94 0.1216228089314602 0.001975779374865816
3.95 0.12160291605865779 0.001990593216064873
3.96 0.12158299706713889 0.002005531386147119
3.97 0.12156280543093484 0.0020207002958949616
3.98 0.121542583061221 0.002036018184342403
3.99 0.12152208506724799 0.002051544640911729
4.0 0.12150155216840276 0.0020672397641190443
4.01 0.12148074027196562 0.0020831252589017524
4.02 0.12145988966322473 0.0020991992732817266
4.03 0.12143875628649996 0.002115444061889349
4.04 0.12141758078198694 0.0021318926312448028
4.05 0.12139611843387507 0.002148495803613315
4.06 0.12137461086591467 0.002165317486413798
4.07 0.12135281208414676 0.002182277001060662
4.08 0.12133096532589348 0.002199465555047908
4.09 0.1213088227730458 0.0022167786483171525
4.1 0.12128662975292713 0.0022342827397956455
4.11 0.12126413711824988 0.0022518914687834624
4.12 0.1212415919235515 0.002269784510572137
4.13 0.12121874142803843 0.0022875555151316007
4.14 0.12119584081324887 0.0023060354994290932
4.15 0.12117262071804984 0.0023238931862898937
4.16 0.12114936294952308 0.002342921633145423
4.17 0.12112576228538693 0.0023616337855036917
4.18 0.121102130273813 0.0023804126232027656
4.19 0.12107815403292287 0.002400429266800508
4.2 0.121054121688477 0.002418473919539643
4.21 0.12102978455453207 0.0024389711490853117
4.22 0.12100534226549528 0.0024570437203497164
4.23 0.12098064368012505 0.002478030998656955
4.24 0.12095578164552216 0.0024961080090744048
4.25 0.12093072151994357 0.002517543827157631
4.26 0.12090543076897901 0.002535616853514888
4.27 0.12088000918287327 0.0025574785457580518
4.28 0.12085428119806384 0.002576975979839524
4.29 0.1208284696632765 0.002597789447910337
4.3 0.12080232540910563 0.0026204055710374874
4.31 0.12077606155185575 0.0026384736371429796
4.32 0.12074955593636273 0.00266140327483555
4.33 0.12072283348635904 0.0026794816373145736
4.34 0.12069596630361645 0.002702726695826385
4.35 0.1206687789524425 0.002724117129377923
4.36 0.12064148396102888 0.0027443366633610466
4.37 0.12061389221917528 0.002768060409239048
4.38 0.1205861227528441 0.0027862063982233565
4.39 0.1205581680912108 0.0028101517203715787
4.4 0.12052991971843663 0.002830861729856693
4.41 0.12050155085661367 0.002852416591530016
4.42 0.12047287138660603 0.0028767812198289278
4.43 0.1204440152322171 0.002894827539839717
4.44 0.12041497483580924 0.0029193463076824244
4.45 0.12038562830606345 0.002941349513029934
4.46 0.12035614784554864 0.0029619991584350913
4.47 0.12032638832289475 0.002986808049197265
4.48 0.12029641168456469 0.0030047262087711246
4.49 0.12026629379871934 0.003029623974098783
4.5 0.12023581920508272 0.0030546274908802573
4.51 0.12020520124890173 0.003072474195622732
4.52 0.12017436972117027 0.0030975795539207596
4.53 0.1201432496578233 0.003119461320208572
4.54 0.1201119804947661 0.00314049532721139
4.55 0.12008043975127908 0.003165746961713012
4.56 0.12004866555553184 0.003185096949090749
4.57 0.12001673781229726 0.0032086795385444233
4.58 0.11998449196476096 0.0032340254218441444
4.59 0.11995205730386037 0.0032515778786663674
4.6 0.11991946040718764 0.00327692716924588
4.61 0.11988651876047544 0.0033020533490981663
4.62 0.11985341934020569 0.0033197685681267686
4.63 0.11982012338911291 0.0033451363933716394
4.64 0.11978651661233825 0.003368663669105487
4.65 0.11975275011573079 0.0033878648115495125
4.66 0.11971875931610729 0.003413197440700344
4.67 0.11968448616691679 0.003435346798498884
4.68 0.11965005238013732 0.0034557525713054815
4.69 0.11961537111549064 0.0034809873275127856
4.7 0.11958043263358707 0.0035018732978171485
4.71 0.11954533364953429 0.003523276683180754
4.72 0.11950996709992345 0.0035483616954881114
4.73 0.1194743664156245 0.0035681205002386918
4.74 0.1194386046899187 0.003590287193038222
4.75 0.11940256067176373 0.0036151624502158697
4.76 0.11936630144091438 0.0036339548199704197
4.77 0.11932988157536434 0.0036566288175077233
4.78 0.11929316886456422 0.0036812364445992785
4.79 0.11925625684647237 0.003699146940152609
4.8 0.11921918592576115 0.003722189698124545
4.81 0.11918181305250987 0.003746464222554202
4.82 0.11914425664131004 0.003763378003836415
4.83 0.11910654549243314 0.0037868833668177615
4.84 0.11906851897397369 0.0038107324811793575
4.85 0.11903033084280956 0.003826946626357852
4.86 0.11899198004144651 0.003850563338000157
4.87 0.11895331957604958 0.0038734368985782197
4.88 0.11891451130347495 0.0038899891242438756
4.89 0.1188755197935647 0.003913168307905224
4.9 0.11883624793731683 0.0039342653279828
4.91 0.11879683448700507 0.003951939745444832
4.92 0.11875720914240794 0.003974554649298412
4.93 0.1187173433940191 0.003993254238460864
4.94 0.1186773440576387 0.004012647269291847
4.95 0.11863709044863328 0.004034761280496291
4.96 0.11859664883202878 0.0040504264912621935
4.97 0.11855608191880804 0.004072126168707335
4.98 0.1185152063086546 0.004093587986185199
4.99 0.11847421015908435 0.004109097292603003
5.0 0.11843302436280254 0.004130214431565804
5.01 0.11839160587045304 0.0041472571473955
5.02 0.11835007921985463 0.004166477465604501
5.03 0.11830827632114091 0.004186956528931418
5.04 0.11826634008927601 0.004202320100939794
5.05 0.11822422991912211 0.004222408329722427
5.06 0.11818189192268157 0.004238166653297348
5.07 0.11813946658605613 0.004257401148756834
5.08 0.11809674389970645 0.004276851236634016
5.09 0.11805392956132345 0.004291966341846809
5.1 0.11801090457286952 0.004311048522412264
5.11 0.1179677085908752 0.004325984165713059
5.12 0.11792438488955528 0.004344691929041744
5.13 0.11788081475229438 0.004360774879685003
5.14 0.11783716939196158 0.004377765604417938
5.15 0.11779325944020601 0.004395889727664581
5.16 0.1177492515974083 0.0044102640726766396
5.17 0.11770505415875249 0.004427998229886931
5.18 0.11766069163281057 0.004442179466273899
5.19 0.11761621056942699 0.00445952546088435
5.2 0.11757150112359288 0.004474111811468617
5.21 0.11752672833319762 0.004490460091661319
5.22 0.11748169192175965 0.004507215966844669
5.23 0.1174365840138607 0.004520798786112223
5.24 0.11739127594603742 0.004537166804994719
5.25 0.1173458406777608 0.0045505448217619815
5.26 0.11730026504960218 0.004566521691862668
5.27 0.11725451024392355 0.004579697343681133
5.28 0.11720867110272855 0.004595285854414932
5.29 0.11716260452683526 0.004609087959708269
5.3 0.11711648934353439 0.004623468455597468
5.31 0.11707013515772331 0.004638502925494059
5.32 0.11702371928502447 0.004651083191089533
5.33 0.11697711349390154 0.0046657506837641805
5.34 0.1169304042713492 0.0046781421967603265
5.35 0.11688355064996633 0.004692450507141288
5.36 0.11683655526120634 0.004704653973861106
5.37 0.11678945757048913 0.0047186340041349695
5.38 0.11674218258112365 0.004730634441512116
5.39 0.11669484488165889 0.004744332872973267
5.4 0.11664729592366416 0.004756741550864696
5.41 0.1165997100506416 0.004769546656666179
5.42 0.11655190499053082 0.004782913008637202
5.43 0.11650405179046885 0.004794310274155222
5.44 0.1164560187850477 0.004807434773585584
5.45 0.11640790309499717 0.0048186640682388315
5.46 0.11635964550368294 0.004831571459286366
5.47 0.11631127166581143 0.004842650979147045
5.48 0.11626279248409999 0.00485536915153606
5.49 0.11621416428278074 0.004866317504645501
5.5 0.11616546613400709 0.004878874118204202
5.51 0.11611658680041666 0.00488971144135153
5.52 0.11606767190518005 0.0049021353770548615
5.53 0.11601854409287553 0.004914423637681686
5.54 0.11596938343242644 0.004925203473035822
5.55 0.1159200400234148 0.004937500125566707
5.56 0.11587063342991512 0.004948130749216517
5.57 0.11582107740843045 0.004960365480675577
5.58 0.11577142612030161 0.004970970023628674
5.59 0.11572165800795788 0.004983173584808931
5.6 0.11567176264860544 0.0049937744629273695
5.61 0.11562178251869931 0.005005978230551378
5.62 0.11557164308399442 0.005016597911383869
5.63 0.11552145056047164 0.0050288332071017905
5.64 0.11547106641985239 0.0050399900734028336
5.65 0.11542065075900357 0.005051793105087299
5.66 0.11537003055775065 0.005064102611062715
5.67 0.11531936870678232 0.005074911028091655
5.68 0.11526853233718881 0.005087324417250905
5.69 0.11521762221843727 0.005098240342345406
5.7 0.11516656753034192 0.005110788353158036
5.71 0.11511540645137412 0.005121833895159966
5.72 0.11506413085243872 0.005134546926550243
5.73 0.1150127155128431 0.005145743517534385
5.74 0.11496121598208804 0.005158652413107312
5.75 0.11490954246458096 0.005170021022652627
5.76 0.11485781556163499 0.0051831547462182215
5.77 0.1148058793696566 0.005195230329543499
5.78 0.11475391095504411 0.005208103482844173
5.79 0.11470171729999974 0.005221536884882916
5.8 0.11464948021734647 0.0052335468689852505
5.81 0.11459704636262004 0.005247267746858242
5.82 0.1145445348624093 0.005259531082807634
5.83 0.1144918557409639 0.0052735664564487195
5.84 0.11443906353328033 0.0052861012167957355
5.85 0.114386133716628 0.005300475740351196
5.86 0.1143330540184733 0.005313299545709249
5.87 0.1142798677257138 0.005328036300231709
5.88 0.11422649329246866 0.005341165944408033
5.89 0.11417304440682564 0.005356286496295937
5.9 0.11411936756254272 0.005369737590099177
5.91 0.11406564965502367 0.0053852616468921255
5.92 0.11401166232960488 0.005400542370322725
5.93 0.11395763880761721 0.005414993365604026
5.94 0.11390336246229278 0.005431016166418168
5.95 0.11384901848428886 0.0054455100386157085
5.96 0.11379445226152048 0.0054619740598980115
5.97 0.1137397790030909 0.005476835771524691
5.98 0.11368491554608998 0.005493753037790761
5.99 0.1136299039423351 0.005508990063742836
6.0 0.11357473574481511 0.005526370312389339
6.01 0.11351937653608732 0.005541988114564411
6.02 0.11346389598252382 0.005559838398705885
6.03 0.11340817976811318 0.0055758403537131684
6.04 0.11335237917544956 0.005594165016900021
6.05 0.11329629646777518 0.0056105523788483325
6.06 0.1132401681278726 0.005629353112375668
6.07 0.11318370940552765 0.005647994617999252
6.08 0.11312720823551263 0.00566540098983026
6.09 0.11307040138573105 0.005684772189227694
6.1 0.11301351279172808 0.005702302533344472
6.11 0.11295635533506414 0.005722147215827533
6.12 0.11289906984741156 0.00574004745689205
6.13 0.1128415543859263 0.005760360840592504
6.14 0.11278386263059971 0.005778622452071502
6.15 0.11272598193688485 0.00579939753895875
6.16 0.11266787467982055 0.005818010914508065
6.17 0.11260962171859469 0.005839239637264626
6.18 0.11255108988707527 0.005858194087562829
6.19 0.11249245783684342 0.005879867682986983
6.2 0.11243349253341554 0.005899151626299393
6.21 0.11237447480431743 0.0059212572709110844
6.22 0.11231506738799733 0.005943384205767899
6.23 0.11225560712020205 0.0059633777926020315
6.24 0.11219579983214532 0.005986091020727002
6.25 0.1121358852997875 0.006006229024557719
6.26 0.11207567525165417 0.006029379964660464
6.27 0.1120152977004943 0.006049778448179666
6.28 0.11195467968269056 0.006073331864216769
6.29 0.11189383106320999 0.006093979782384906
6.3 0.11183280008704287 0.006117957542458363
6.31 0.11177147191236082 0.0061388192971332245
6.32 0.11171002370110018 0.006163242800044877
6.33 0.11164820705635993 0.006185237855195425
6.34 0.11158631894399629 0.0062091290876233884
6.35 0.11152402447460746 0.006234184492055483
6.36 0.11146163525415517 0.006255628970890825
6.37 0.11139891189518966 0.006281074399479891
6.38 0.11133601376616559 0.006302706725897167
6.39 0.11127285776067172 0.0063285504185781605
6.4 0.11120944275779399 0.006350363408911264
6.41 0.11114585049249351 0.006376581827653105
6.42 0.11108191112124093 0.006398567778742148
6.43 0.11101787913691866 0.006425160832034038
6.44 0.11095340790460022 0.0064517378983479645
6.45 0.11088884437895172 0.006474242301132804
6.46 0.11082392305857756 0.0065013507864897235
6.47 0.11075881736322193 0.0065238126381501615
6.48 0.11069344680581454 0.006551174407762872
6.49 0.1106277938750667 0.006573738332122048
6.5 0.1105619720391721 0.006601370861581302
6.51 0.11049576645783507 0.006625874961387446
6.52 0.11042945453994435 0.006651767885329285
6.53 0.11036273110012848 0.006679809686931826
6.54 0.11029585834620573 0.006702172537370821
6.55 0.11022868764938105 0.006730229033057533
6.56 0.11016125376554457 0.006752349798538226
6.57 0.11009364065341026 0.006780235221421904
6.58 0.11002564906111614 0.006805372972581658
6.59 0.10995753319395864 0.006829469204488348
6.6 0.10988905967702638 0.006856893392991559
6.61 0.10982039532609879 0.006877494447311783
6.62 0.10975150978808014 0.006904036188898566
6.63 0.10968231460232082 0.006926044508839269
6.64 0.10961298889790336 0.0069490913265921606
6.65 0.10954333277578897 0.006973913523859565
6.66 0.10947351062742616 0.006991494103905538
6.67 0.10940350289371086 0.007014459330737743
6.68 0.10933322144081141 0.007034106013504626
6.69 0.10926282077344075 0.00705149536745342
6.7 0.10919219153346235 0.0070713633335692805
6.71 0.10912139350676936 0.007085346357113664
6.72 0.10905048460632008 0.007102080652595433
6.73 0.10897935189371742 0.007118431881137255
6.74 0.10890811596869734 0.007128861010107457
6.75 0.10883677467351527 0.007142827358162407
6.76 0.10876525942153409 0.0071553820082082
6.77 0.10869366703335111 0.0071638394353525925
6.78 0.10862198263282702 0.007174946018590589
6.79 0.10855016811297931 0.0071847465970469315
6.8 0.10847828770088608 0.007191697598721625
6.81 0.10840633416100488 0.0072009090532123565
6.82 0.10833426951982181 0.007209456578809004
6.83 0.10826214502942871 0.007215500670201713
6.84 0.10818995950641778 0.007223627396978571
6.85 0.10811767248148915 0.007231965150938713
6.86 0.10804532020339899 0.007238329091506124
6.87 0.10797290589965904 0.00724569420580945
6.88 0.1079004063192828 0.007254364675902458
6.89 0.10782781860614099 0.007262224080021973
6.9 0.10775516183768236 0.007269253619269556
6.91 0.10768243353375562 0.007278629273506532
6.92 0.10760958925221223 0.007288660909457789
6.93 0.10753666031556645 0.007297085959287131
6.94 0.10746364753302648 0.0073058846972662295
6.95 0.10739054262162116 0.007317338830403308
6.96 0.10731730075641842 0.007329144894067774
6.97 0.1072439597237398 0.007339264821844438
6.98 0.10717051545998153 0.00735004235578085
6.99 0.1070969588766242 0.00736385073005863
7.0 0.10702323844538036 0.007378110780590141
7.01 0.10694939666101239 0.007390471360265494
7.02 0.10687542901817507 0.00740328649784594
7.03 0.10680133093105545 0.007419492541006711
7.04 0.10672703916735495 0.007436711442433186
7.05 0.1066525967022068 0.007451746865354991
7.06 0.10657800423004786 0.007466968861177925
7.07 0.10650325732498321 0.007484931546055229
7.08 0.10642830559912678 0.0075049289709197
7.09 0.10635315874556481 0.007523364994405313
7.1 0.10627783829923867 0.007540931707768372
7.11 0.10620234011140942 0.007560231007039064
7.12 0.10612663367909791 0.007582938443916554
7.13 0.1060506813425311 0.007605025790381248
7.14 0.1059745331632903 0.007624782269685326
7.15 0.10589818569713737 0.0076451679249860405
7.16 0.10582162980479058 0.0076705177861038365
7.17 0.1057447753414153 0.007696264032595046
7.18 0.10566770452413868 0.007718034859925282
7.19 0.10559041464421676 0.007740065773598204
7.2 0.10551290320866673 0.007767538476772806
7.21 0.1054350638746813 0.007796152074721618
7.22 0.10535698016717229 0.007820201720311282
7.23 0.10527865984027504 0.00784392779000953
7.24 0.10520010161137211 0.007873936561643369
7.25 0.10512118110904219 0.00790506409574121
7.26 0.10504200032945729 0.007930616392492595
7.27 0.10496256878119234 0.007956611236961564
7.28 0.10488286810471803 0.007989553659371929
7.29 0.10480277770800492 0.008022127763697817
7.3 0.10472242554944407 0.008048215525478852
7.31 0.10464181339749534 0.00807876418939557
7.32 0.10456085026565613 0.008113916002902677
7.33 0.1044795350774373 0.008144835112902982
7.34 0.10439795356339807 0.008172395159080637
7.35 0.1043160871742557 0.008208967225591834
7.36 0.1042337742188862 0.008244714721942437
7.37 0.10415119287981686 0.008271248710653545
7.38 0.10406834924467313 0.008307485786257729
7.39 0.10398504316409171 0.008345235802422302
7.4 0.10390144452862467 0.008372693975929657
7.41 0.10381758928457313 0.008408377689669955
7.42 0.10373327697483127 0.008446450809638684
7.43 0.10364866026838036 0.008473925310300778
7.44 0.10356379846862523 0.008510227247294999
7.45 0.10347845572343448 0.008548029189118012
7.46 0.10339283788484287 0.008574033397257708
7.47 0.10330697505548933 0.00861150558950552
7.48 0.10322060777305275 0.008647619247618366
7.49 0.10313402267053698 0.0086745017287706
7.5 0.10304711773847734 0.008710815217217949
7.51 0.10295980636619263 0.008740861760564655
7.52 0.10287230050326605 0.008772215159273067
7.53 0.10278436206300715 0.0088071976748898
7.54 0.10269615654976827 0.008832515614770386
7.55 0.10260771175071173 0.008866668774319741
7.56 0.10251882317428186 0.008897642255383253
7.57 0.10242975890560406 0.008924823836705897
7.58 0.10234032669754775 0.008957649090248765
7.59 0.10225060592379909 0.00898175818665159
7.6 0.10216069153381473 0.009013829476206325
7.61 0.10207032933427493 0.009044318866274992
7.62 0.10197980515648923 0.009069031045196851
7.63 0.101888948713371 0.009100289943003936
7.64 0.10179779935762916 0.009123390008221044
7.65 0.10170648091320655 0.009154260732858965
7.66 0.10161471414297199 0.009184656509677147
7.67 0.10152278778301302 0.00920786441715915
7.68 0.10143055685462882 0.009238605495120567
7.69 0.10133801567311058 0.009262210587017705
7.7 0.10124531264288848 0.009292234294664858
7.71 0.10115217098721731 0.009323261655937998
7.72 0.10105884740976974 0.009346296692932299
7.73 0.10096524505335865 0.009377754684043893
7.74 0.10087129231608888 0.009403586405958286
7.75 0.10077717332523949 0.009433230953513672
7.76 0.1006826276970186 0.009465658380986675
7.77 0.10058786015761975 0.009489940567859456
7.78 0.1004928288856614 0.009523254636060408
7.79 0.10039739506489856 0.009552344073957997
7.8 0.10030178200418224 0.00958243967558925
7.81 0.10020574627138679 0.009617242855080477
7.82 0.10010943714708062 0.009643314182743445
7.83 0.10001287998773192 0.009679218983967175
7.84 0.09991585276740128 0.009712133543220425
7.85 0.0998186373168675 0.009742997597171232
7.86 0.09972099281545783 0.009780288818647342
7.87 0.09962303154049457 0.009808546411445462
7.88 0.09952482188722893 0.009846888430255163
7.89 0.09942609377188948 0.009882788329915293
7.9 0.09932716612063061 0.009915089454295867
7.91 0.09922779198280357 0.00995475779417454
7.92 0.09912807096474711 0.009984717282240041
7.93 0.09902809763715878 0.010025140080879957
7.94 0.0989275681631295 0.010062769902316582
7.95 0.09882684223911245 0.010096460959920783
7.96 0.09872563894393109 0.01013772409245739
7.97 0.0986240877572633 0.010168518464619858
7.98 0.09852226857463867 0.010210278825121044
7.99 0.0984198821807609 0.010250469600846301
8.0 0.09831725918262174 0.010282470914273922
8.01 0.09821423276247544 0.010324589884610269
8.02 0.09811076738492955 0.010359395979008035
8.03 0.09800704484289528 0.010395845660847058
8.04 0.09790285047171261 0.010437661141371457
8.05 0.09779829162006784 0.010469108135655603
8.06 0.09769346830899948 0.010507221919720422
8.07 0.09758814718167343 0.010548119221926555
8.08 0.09748250592456095 0.01057715899771594
8.09 0.09737660400171912 0.010615542122842214
8.1 0.09727019508210412 0.010655247212338459
8.11 0.09716349905747236 0.010682664497328354
8.12 0.09705654179215754 0.010720252508236605
8.13 0.09694909400730761 0.010758490519372721
8.14 0.09684137198177008 0.010784901153360948
8.15 0.0967333959842404 0.010820713620867117
8.16 0.09662495770935274 0.010857307909221348
8.17 0.09651624982605597 0.010882869460142608
8.18 0.0964073003201499 0.010916695366310236
8.19 0.09629791591872977 0.010951613035169672
8.2 0.09618826805944651 0.010976435665336126
8.21 0.09607838720542301 0.011008124598823166
8.22 0.09596810556747004 0.01104132568265026
8.23 0.09585756069177001 0.011065613048518053
8.24 0.09574679330649968 0.011094943612832253
8.25 0.09563566181951337 0.011126532478748175
8.26 0.09552426265692472 0.011150520385130314
8.27 0.09541265141181078 0.011177707943139659
8.28 0.09530070849806192 0.011208165016014071
8.29 0.0951884881114905 0.011232467172209937
8.3 0.0950760591546177 0.011257785160439404
8.31 0.0949633324082817 0.011287608276950856
8.32 0.09485030698907869 0.011313007023275645
8.33 0.09473707226781619 0.011337007199109905
8.34 0.0946235668450965 0.011367101546553293
8.35 0.09450973023688512 0.01139435129728028
8.36 0.0943956798191509 0.011417611102504388
8.37 0.09428137801483505 0.011448832292471067
8.38 0.09416670317330145 0.011478645412626776
8.39 0.0940518051065825 0.011501696886746515
8.4 0.09393666923556651 0.011534679287149352
8.41 0.09382111152083951 0.011567559527882132
8.42 0.09370531804500888 0.011591176858789076
8.43 0.09358928798366374 0.011626018296690965
8.44 0.09347279767907506 0.011661883795468952
8.45 0.09335605030775437 0.01168709651407962
8.46 0.09323905574879346 0.011723599171441279
8.47 0.09312157832432554 0.01176192343297977
8.48 0.09300381728013388 0.011789083213322726
8.49 0.09288579666005908 0.011827649443409527
8.5 0.09276726429126568 0.011867891665418462
8.51 0.09264843882675071 0.011895817840035683
8.52 0.09252934793446498 0.011936958987965873
8.53 0.0924096996469914 0.011978605002752829
8.54 0.09228977583440992 0.012007301495118305
8.55 0.09216955361708902 0.012049272089392993
8.56 0.09204879039262204 0.012089004868368391
8.57 0.09192777351972166 0.012120154838127561
8.58 0.09180638729585948 0.012161558767762592
8.59 0.0916845423443664 0.012196881056777187
8.6 0.09156244967472395 0.012230677100592224
8.61 0.09143992880235458 0.012270692502832858
8.62 0.0913170358246673 0.01230192905157601
8.63 0.09119389022132304 0.012335448892358158
8.64 0.09107032684682011 0.012372430079376606
8.65 0.09094644161973552 0.01240045892170727
8.66 0.09082231766838596 0.012430227778626346
8.67 0.090697837064163 0.01246256924777267
8.68 0.09057306628343051 0.012487471720399768
8.69 0.090448087629755 0.012511131333059033
8.7 0.09032284365676935 0.012537461255821114
8.71 0.09019733840463856 0.012558786477164574
8.72 0.09007166792722605 0.012575364481183016
8.73 0.08994583111501492 0.012595155417876924
8.74 0.08981976481886852 0.012612562655325732
8.75 0.0896935798619084 0.012624209885307991
8.76 0.08956728062116237 0.012636333789705745
8.77 0.08944085318611429 0.012648249476050033
8.78 0.08931431563164137 0.012657373414359796
8.79 0.08918770571782711 0.012664296233189987
8.8 0.08906102970697753 0.012671016630449117
8.81 0.08893428538521812 0.012677096750687511
8.82 0.08880748777196378 0.012681508510035577
8.83 0.08868065521501742 0.012684748690038106
8.84 0.08855379279816301 0.01268757289452882
8.85 0.08842690375712685 0.012690082327390328
8.86 0.08829999115161523 0.01269193548699743
8.87 0.08817306504738691 0.012693200529703574
8.88 0.08804612714102114 0.012694308740146099
8.89 0.08791917887258398 0.012695487290429242
8.9 0.08779221739521255 0.012696591795329226
8.91 0.0876652470366774 0.012697453733444775
8.92 0.08753826832054366 0.012698286694013738
8.93 0.08741128130279713 0.012699272828174735
8.94 0.08728428286398017 0.012700084110272236
8.95 0.08715727962059168 0.012700492786660078
8.96 0.08703027300824695 0.012700684473633927
8.97 0.08690326593111898 0.012700303313570416
8.98 0.08677626694197554 0.012699482726532985
8.99 0.08664927627658832 0.012697964717573562
9.0 0.08652230764762407 0.012695323412159176
9.01 0.08639536980834514 0.012692477719157047
9.02 0.08626845809324095 0.012687829334907086
9.03 0.086141613221647 0.012681223909861039
9.04 0.08601483361504372 0.012675212654635892
9.05 0.08588810896855427 0.012665754923557593
9.06 0.08576151851657257 0.012653984818584263
9.07 0.0856350292721826 0.012644506639772679
9.08 0.08550862838377711 0.012629584750053269
9.09 0.08538243757718153 0.012612679583797082
9.1 0.08525637479210117 0.012600216936464292
9.11 0.08513043323845226 0.012580362116993982
9.12 0.0850047675497613 0.012559344709255349
9.13 0.08487924634426715 0.012544248109414902
9.14 0.08475388258757299 0.012521051795758353
9.15 0.084628825308352 0.012497620902767181
9.16 0.08450393016951765 0.01248014965573585
9.17 0.08437922231523728 0.012454515677212008
9.18 0.08425483985597342 0.012429492115949792
9.19 0.08413063247291828 0.01241003721951639
9.2 0.0840066391115831 0.012382457814193337
9.21 0.0838829833166344 0.012356176680142106
9.22 0.08375951557798024 0.012334757191476697
9.23 0.08363628817280487 0.01230521929664885
9.24 0.08351341119204728 0.012277698030070283
9.25 0.08339073421220346 0.012254227598370804
9.26 0.08326832664007985 0.012222807093682064
9.27 0.08314627807032983 0.01219430605364824
9.28 0.0830244405190069 0.012168940189917876
9.29 0.08290289926653148 0.012136203492472575
9.3 0.08278171644915742 0.012107575443740082
9.31 0.08266074775765668 0.012081073423784616
9.32 0.08254009498068174 0.012048405225742798
9.33 0.08241977965314183 0.01202116289507682
9.34 0.0822996717227802 0.011994728087147521
9.35 0.08217988509139888 0.01196376664514709
9.36 0.08206039638987726 0.011939330288197603
9.37 0.08194109848563494 0.01191419440229513
9.38 0.08182211250183133 0.011886295501267519
9.39 0.08170337257560957 0.011865629148418044
9.4 0.08158479991886297 0.011842549390674861
9.41 0.08146652158779609 0.01181839449624178
9.42 0.08134843202893814 0.01180181044331352
9.43 0.08123048537892982 0.011781012365164045
9.44 0.08111281178163486 0.011760561588506135
9.45 0.0809952741471597 0.011747261402790699
9.46 0.08087786655357902 0.011729066495999696
9.47 0.08076069281723969 0.011712407215715537
9.48 0.08064361840926472 0.011700674639500974
9.49 0.08052667932444968 0.011685386417989996
9.5 0.08040991068090492 0.011672752292129829
9.51 0.08029322427860708 0.011661445296696549
9.52 0.080176681774971 0.011648548443311313
9.53 0.08006025330974086 0.011639420787592503
9.54 0.07994389335921916 0.0116281576034174
9.55 0.07982769015767249 0.011617108133381127
9.56 0.07971155119655152 0.0116094091948451
9.57 0.0795955019737756 0.011599231738841365
9.58 0.0794795665617747 0.011591132223103262
9.59 0.07936367932931354 0.011582257049958855
9.6 0.07924792142077552 0.011572897142032357
9.61 0.0791322213864729 0.011565714756389678
9.62 0.07901660712564773 0.011556459724249457
9.63 0.07890109219198789 0.01154910243796392
9.64 0.07878562507688844 0.011539690380978573
9.65 0.07867029838436833 0.011531088709220594
9.66 0.07855500330270403 0.011522206060571527
9.67 0.0784398542631569 0.011512575015555804
9.68 0.07832475180239291 0.011503741796516032
9.69 0.07820977942722658 0.011493724835414998
9.7 0.07809487730568462 0.011484196526404755
9.71 0.07798009549669847 0.011473906970989045
9.72 0.07786539916626482 0.011463887175728882
9.73 0.0777508177531839 0.01145323256618358
9.74 0.07763633451494116 0.01144278477362537
9.75 0.0775219620577114 0.011431766802288301
9.76 0.0774076991788954 0.011420959206993153
9.77 0.07729354287357154 0.011409698469369456
9.78 0.07717950520950802 0.011398654441584721
9.79 0.07706556978473986 0.011387310532349204
9.8 0.07695175899886102 0.01137617669368085
9.81 0.07683804625086622 0.011364920057380434
9.82 0.07672446059771341 0.011353853558464522
9.83 0.07661096917969694 0.011342857491270841
9.84 0.076497603447888 0.01133202003210343
9.85 0.07638432877905488 0.011321435816330716
9.86 0.07627117473156139 0.011310973261047241
9.87 0.07615810931383393 0.01130093122907816
9.88 0.07604515610697982 0.011290971349998458
9.89 0.07593228988683395 0.011281560097631704
9.9 0.07581952490502719 0.011272194184612783
9.91 0.0757068460031417 0.011263478690233697
9.92 0.07559425533122252 0.011254781883049514
9.93 0.07548175036548072 0.01124682563161894
9.94 0.07536931881859014 0.011238974860174888
9.95 0.07525697086827722 0.011231634437893767
9.96 0.07514468612983226 0.011224622633704495
9.97 0.07503247841560312 0.0112177903432924
9.98 0.07492033032296641 0.011211438354118197
9.99 0.07480824964852076 0.011205144949539836
10.0 0.07469622742397562 0.011199458129134143
10.01 0.07458426048593808 0.011193568859472425
10.02 0.07447235604678618 0.01118836320566885
10.03 0.07436049322182471 0.01118272651703478
10.04 0.07424870151644548 0.011177775242261045
10.05 0.07413693771697948 0.011172374243357819
10.06 0.07402525403157831 0.011167651464961015
10.07 0.07391358468768026 0.011162215891697969
10.08 0.07380200971374436 0.011156805463998776
10.09 0.07369044857840029 0.011151976777575623
10.1 0.07357897017819284 0.01114644725494296
10.11 0.07346751963330143 0.011141448992316061
10.12 0.07335614119834653 0.011135818667627806
10.13 0.07324480325994887 0.01113064767521843
10.14 0.07313352824484215 0.01112496226226245
10.15 0.07302230401470362 0.011119660109653484
10.16 0.07291113504264908 0.011114137853073913
10.17 0.07280002125764215 0.011108887871219775
10.18 0.07268895728522469 0.01110374084504917
10.19 0.07257794644074117 0.011098857888315106
10.2 0.07246698012745839 0.011094231535555554
10.21 0.07235606181003004 0.011090104170773607
10.22 0.0722451780440429 0.011085552143617061
10.23 0.07213435076715771 0.011081697413086733
10.24 0.07202354409578117 0.011076911835321557
10.25 0.07191281253045129 0.011071919244416861
10.26 0.07180210571089284 0.011067788465928707
10.27 0.07169145676113271 0.011062008079419261
10.28 0.07158086554930446 0.0110573539192389
10.29 0.07147030968274794 0.01105081799005836
10.3 0.07135984918950328 0.0110436634004345
10.31 0.07124943641473923 0.011038226506037585
10.32 0.07113908465938253 0.011030108680988082
10.33 0.07102883424111947 0.01102254434632055
10.34 0.07091863377245612 0.011015156056534803
10.35 0.07080853111998878 0.011006011523920556
10.36 0.07069851354197772 0.010999194507288923
10.37 0.07058854722984301 0.010989679627323223
10.38 0.07047871994943124 0.010980148815720625
10.39 0.07036894425352858 0.010972969469917437
10.4 0.0702592605600329 0.010963270035681205
10.41 0.07014967885281495 0.010955725495822577
10.42 0.07004014605011645 0.01094632833865905
10.43 0.06993075228604177 0.010936688363143432
10.44 0.06982141228285359 0.01092932983348982
10.45 0.06971216568937198 0.010919715068071767
10.46 0.06960301798149214 0.010912309161838607
10.47 0.06949391950613519 0.010902679879932542
10.48 0.0693849643838935 0.01089341314142267
10.49 0.06927605124330674 0.010885525021453457
10.5 0.06916725388346442 0.01087590008040662
10.51 0.06905853324169861 0.010868212353488005
10.52 0.06894988963639467 0.010858537923666312
10.53 0.0688413624832253 0.010850727640359104
10.54 0.0687328750835875 0.010841037714683477
10.55 0.06862454172893162 0.010831658365550112
10.56 0.06851624191627648 0.010823476907435126
10.57 0.06840807219078292 0.010813917807911189
10.58 0.06829996356011826 0.010805899126645535
10.59 0.06819195420825001 0.010796398130851426
10.6 0.06808403559750123 0.010788341385461475
10.61 0.06797618738054079 0.010778909465504416
10.62 0.06786845740819115 0.010770804488146268
10.63 0.06776077129077784 0.010761408399184269
10.64 0.06765322924020745 0.010753115080633702
10.65 0.06754570898916518 0.010743786684430656
10.66 0.06743835350651883 0.010734436671089309
10.67 0.06733102025574339 0.010725900127789068
10.68 0.06722383550396306 0.01071634794473475
10.69 0.0671166932968487 0.010707514410663421
10.7 0.06700968521574979 0.010697614025481528
10.71 0.06690274101633906 0.01068834444712552
10.72 0.06679591832680727 0.010677998458069382
10.73 0.06668918104717768 0.010668205018469656
10.74 0.06658255422643788 0.010657367249620187
10.75 0.06647603370218527 0.01064701648700117
10.76 0.06636961389669786 0.01063559503205358
10.77 0.0662633218015442 0.010624577171187699
10.78 0.06615712235327412 0.010612590862611349
10.79 0.06605106998429199 0.010600862775742126
10.8 0.06594510509775926 0.010588356271525434
10.81 0.06583930285886146 0.010575929883967827
10.82 0.06573358650007992 0.010562920950357935
10.83 0.0656280444398543 0.010549808090802415
10.84 0.06552259033826387 0.010536391891708519
10.85 0.06541731660202013 0.010522787765615327
10.86 0.06531213458295157 0.010508747666841511
10.87 0.06520714164868331 0.01049464183691029
10.88 0.06510224174621335 0.01048002862948838
10.89 0.06499754107609353 0.010465450682049404
10.9 0.06489293273257236 0.010450318559987792
10.91 0.06478853470489378 0.010435278460448227
10.92 0.0646842271633634 0.010419722941193754
10.93 0.06458014024606991 0.010404210334842734
10.94 0.06447614295666655 0.010388358498003125
10.95 0.06437237307610985 0.010372363965187148
10.96 0.06426869567736279 0.01035642852535501
10.97 0.06416524450560274 0.010340033170021634
10.98 0.06406189501396237 0.010324024759620798
10.99 0.06395876401041033 0.010307314132101286
11.0 0.06385574873132034 0.010291194678758497
11.01 0.06375294011683516 0.010274114053667738
11.02 0.06365026645024699 0.010257980373233444
11.03 0.06354778050937049 0.010240402496727974
11.04 0.06344545840031243 0.010224431889156449
11.05 0.06334329187158734 0.010206188246901338
11.06 0.06324133463537439 0.010190571639066448
11.07 0.06313948043880602 0.010171512862616083
11.08 0.06303790437812207 0.010156339210047882
11.09 0.06293635365460507 0.010136476215152346
11.1 0.06283517485381902 0.010117880078604369
11.11 0.06273399605303298 0.010100714015583545
11.12 0.06263316057350736 0.010080065726917553
11.13 0.06253239473849462 0.010064039592292406
11.14 0.062431879781661495 0.010042417744231535
11.15 0.06233154638360999 0.010026817811777278
11.16 0.06223134342542596 0.010004653910533179
11.17 0.06213145330539933 0.009988526146386345
11.18 0.062031572902498236 0.009966301497271068
11.19 0.06193212727545391 0.009944562704432336
11.2 0.06183268164840959 0.009927094848756202
11.21 0.06173358537847878 0.009904995408080541
11.22 0.06163458174024797 0.009887432408933527
11.23 0.06153583673030011 0.00986562743626962
11.24 0.06143726919152258 0.00984767195512326
11.25 0.061338883291197646 0.009826264816088948
11.26 0.0612407438952008 0.009808121681872617
11.27 0.0611427208575602 0.009787099787669007
11.28 0.06104500189944743 0.009768937067395456
11.29 0.0609473421162123 0.009748213839920084
11.3 0.06085003762264901 0.0097301560585481
11.31 0.06075273899504132 0.009709658538135546
11.32 0.06065584445188631 0.009689454315501056
11.33 0.0605589499087313 0.009671410458555574
11.34 0.0604624162427152 0.009651134473464218
11.35 0.060365927219262025 0.009633447303805998
11.36 0.06026974729663909 0.009613343539935926
11.37 0.06017366034846331 0.009595944104643372
11.38 0.0600778284145462 0.009576095744560309
11.39 0.059982138433572085 0.009558994247219843
11.4 0.05988664852960181 0.009539500753081853
11.41 0.05979134841851046 0.009522747634986839
11.42 0.059696193576902076 0.009503653857115157
11.43 0.05960127534136816 0.009487362031801894
11.44 0.05950644633626604 0.009468723774596732
11.45 0.05941190086587622 0.009452804871607157
11.46 0.05931739023883389 0.009434592760723337
11.47 0.05922320901066174 0.009418122817214325
11.48 0.0591290277824896 0.009401169895631778
11.49 0.05903518561274911 0.009383267617169455
11.5 0.05894136243014622 0.009368444689890065
11.51 0.05884781671895132 0.009350806899353081
11.52 0.05875434629215916 0.009336239244642552
11.53 0.05866109193405847 0.009318810416887757
11.54 0.058567970083821405 0.009304488205454042
11.55 0.05847500216994938 0.009287195143480087
11.56 0.05838222618095179 0.009273171758779952
11.57 0.05828953873477379 0.009255993823482633
11.58 0.058197106304482146 0.00924227016028345
11.59 0.058104693331568126 0.009225242944361334
11.6 0.058012601445594926 0.009209188597320228
11.61 0.057920509559621726 0.009194943383145304
11.62 0.057828702577932024 0.009178118089782306
11.63 0.05773694719782607 0.00916510723516728
11.64 0.05764540043322867 0.009148503331355862
11.65 0.05755397713119896 0.009135832593332616
11.66 0.057462683781362024 0.009119467653559976
11.67 0.05737158777812776 0.009107187524143079
11.68 0.057280540030879165 0.00909123198028805
11.69 0.057189763138522004 0.009077689235716058
11.7 0.05709898624616484 0.009063481441677457
11.71 0.057008493509688445 0.009047960149575651
11.72 0.05691802704317332 0.00903627694300857
11.73 0.05682776797082827 0.009021199233457455
11.74 0.05673760305850417 0.009009555047080564
11.75 0.05664757686988667 0.008994900398398453
11.76 0.05655770505053621 0.008983229454488928
11.77 0.056467912280796895 0.008968934924697969
11.78 0.056378326352042256 0.008957212355205524
11.79 0.05628876803369279 0.008943155120771262
11.8 0.05619946324962681 0.008930478406596443
11.81 0.05611015846556085 0.008917554326472565
11.82 0.05602111216309737 0.0089036235754123
11.83 0.0559320859940526 0.008892015192318858
11.84 0.055843271859251 0.008878125205200593
11.85 0.055754523489948596 0.008866376111170915
11.86 0.05566594433702758 0.008852455037800855
11.87 0.055577474389192576 0.008840475234403122
11.88 0.05548913483233951 0.00882644726683024
11.89 0.05540094544385596 0.008814138198946608
11.9 0.055312852068360584 0.008799936281286502
11.91 0.055224946718230236 0.008787194798529185
11.92 0.05513710817239 0.008772703883971111
11.93 0.05504949264055082 0.008759542420593736
11.94 0.054961917323978135 0.008744708717546956
11.95 0.05487459846619988 0.008730970605728139
11.96 0.05478729791186356 0.008715735496751975
11.97 0.05470028375626483 0.008701393563754767
11.98 0.054613270040588476 0.008685626241350164
11.99 0.05452657123143782 0.008669880915065598
12.0 0.054439872422287164 0.00865444632914425
12.01 0.05435348230485494 0.008638147487808112
12.02 0.054267109472531 0.00862199315475154
12.03 0.05418104244175992 0.00860516854151916
12.04 0.05409500610170063 0.00858819407078748
12.05 0.054009278560344154 0.0085707668831847
12.06 0.05392359076403692 0.008553165958439912
12.07 0.05383821524117536 0.008535179834122442
12.08 0.05375288716735448 0.008516783214991275
12.09 0.05366787957687554 0.008498267556020789
12.1 0.05358292181623406 0.008479153835817765
12.11 0.053498296500159186 0.008460153998336661
12.12 0.05341371873626733 0.008440313224037155
12.13 0.05332949023567843 0.008420895002080098
12.14 0.053245300836225716 0.008400361332593143
12.15 0.053161483009026574 0.008380551881830733
12.16 0.0530776897985891 0.008359351116388414
12.17 0.0529942959866988 0.008337693553895686
12.18 0.05291093592751119 0.008317426196138289
12.19 0.05282794746277604 0.008295162189260186
12.2 0.052745032683726 0.0082747096296365
12.21 0.0526624532701833 0.00825188619326811
12.22 0.05257999495986062 0.008231302685283381
12.23 0.05249782721647763 0.008208017878074791
12.24 0.05241583460229913 0.00818730101930143
12.25 0.052334081196091606 0.008163670392823175
12.26 0.052252561194442666 0.008142841610075724
12.27 0.0521712243638901 0.008118940562762411
12.28 0.05209018238318742 0.008097994476702564
12.29 0.05200926447435605 0.00807392904689852
12.3 0.05192870380224944 0.00805289909036766
12.31 0.05184820649254868 0.008028687458308426
12.32 0.051768130053083276 0.008004551235239354
12.33 0.0516881154678439 0.007983287804731898
12.34 0.05160846429698865 0.007958967064153555
12.35 0.051528936126560836 0.007937569313828163
12.36 0.051449712910712084 0.007913372300175414
12.37 0.05137066868055733 0.007891749016475824
12.38 0.05129187793038255 0.007867442325550478
12.39 0.05121331983404631 0.007845537648486722
12.4 0.05113496717741281 0.007821205048581525
12.41 0.05105689573307468 0.007798846227302647
12.42 0.050978990252866764 0.00777468953090743
12.43 0.05090140194245654 0.007751879530327965
12.44 0.050823952662260204 0.00772761100271957
12.45 0.050746849722402156 0.007704233625789314
12.46 0.05066986798974441 0.00768012259773343
12.47 0.05059324727044748 0.007655965695052114
12.48 0.050516748675843375 0.007632453668402928
12.49 0.05044059819707942 0.00760759982342929
12.5 0.05036459667937479 0.007584368887640025
12.51 0.05028891081932663 0.0075587912227290666
12.52 0.05021342085492022 0.007536376950733281
12.53 0.050138183280311964 0.00751015714579184
12.54 0.050063217712004386 0.007488377907992394
12.55 0.0499884157221521 0.007461779118314915
12.56 0.049913982129638074 0.0074403890254166605
12.57 0.04983960794164377 0.007413544567821617
12.58 0.04976571123828164 0.007389670336213072
12.59 0.04969181453491951 0.007365584177268847
12.6 0.04961839955473627 0.007338544388676205
12.61 0.049545043647145987 0.0073180621975574844
12.62 0.04947203831078512 0.007290877882203617
12.63 0.0493992260895019 0.007271086758160017
12.64 0.04932661657562191 0.007243813167274293
12.65 0.04925434982615642 0.007224736606890048
12.66 0.04918212184348411 0.0071974061254351795
12.67 0.04911040170364772 0.007172013983639314
12.68 0.049038681563811325 0.007151802307111321
12.69 0.04896736565750549 0.007124456559888692
12.7 0.048896192432613554 0.007107057122416549
12.71 0.04882522451505715 0.007079739566851373
12.72 0.048754597641276515 0.007062687378063703
12.73 0.04868397076749588 0.007035980448109491
12.74 0.048613878032314324 0.007008718331119379
12.75 0.048543796400873494 0.0069932961352394685
12.76 0.04847401210960954 0.006966130410272164
12.77 0.04840447379266806 0.006951705964259869
12.78 0.048334977990324345 0.0069246703484937555
12.79 0.04826598038569818 0.0068997604626162
12.8 0.048196982781072005 0.006884413760339214
12.81 0.04812829211049139 0.006857539229636611
12.82 0.04805983199647928 0.0068454116020926215
12.83 0.04799138387844955 0.006818732219706636
12.84 0.04792345735208515 0.006792652636440355
12.85 0.04785553082572074 0.006781232279965632
12.86 0.04778783270648584 0.006754775771669497
12.87 0.04772043531028735 0.006739739619848528
12.88 0.047653037914088855 0.006719035454737288
12.89 0.04758605460119259 0.0066930107752645185
12.9 0.04751917769858357 0.006684095210136576
12.91 0.04745237269698986 0.006658990452199198
12.92 0.04738599788953959 0.006637480745027791
12.93 0.04731962308208931 0.0066246948652262105
12.94 0.04725350399223507 0.006600592287361984
12.95 0.047187611236342075 0.006589275589298893
12.96 0.04712171848044907 0.006567392731517074
12.97 0.04705626338171173 0.006544168621331892
12.98 0.04699083510802243 0.006534566834830002
12.99 0.046925572045015136 0.006512290437038271
13.0 0.04686058929928167 0.0064982745733463965
13.01 0.04679560655354821 0.006480373084773561
13.02 0.0467309818375862 0.006458955859487858
13.03 0.04666642743635846 0.006448914439602493
13.04 0.04660200354879415 0.006428221350296859
13.05 0.04653786300935252 0.006414053944162834
13.06 0.04647372246991089 0.00639803836954389
13.07 0.04640990224196164 0.006378105249663868
13.08 0.046346160364917614 0.00636816408598051
13.09 0.04628253896024203 0.006348988927976418
13.1 0.04621918058635809 0.006335837388393717
13.11 0.04615582221247416 0.006320268897165526
13.12 0.04609277520841478 0.00630188441406343
13.13 0.04602978452419288 0.0062917168864360384
13.14 0.04596694087068605 0.006273988452557777
13.15 0.045904304755141734 0.006263611554431225
13.16 0.045841668639597426 0.0062466702409356145
13.17 0.04577937135032302 0.006229565881169297
13.18 0.04571707732197404 0.006219620949149185
13.19 0.04565497893134004 0.006203032713985923
13.2 0.045593016667694324 0.00619324715385261
13.21 0.045531113988262976 0.00617713139034759
13.22 0.04546947403988736 0.0061639948375611375
13.23 0.04540783409151175 0.0061516052378904895
13.24 0.04534644193512955 0.006135882474023191
13.25 0.045285116442031294 0.006126760161403677
13.26 0.04522390673190148 0.006111376782651945
13.27 0.045162888906378255 0.006101782552322632
13.28 0.04510187108085503 0.006087348816323335
13.29 0.04504114193005179 0.006072246549695848
13.3 0.04498042614986111 0.0060640184165623445
13.31 0.04491986156172054 0.006049147364669771
13.32 0.04485944320256771 0.006041291513436242
13.33 0.04479903573145182 0.0060267413428438665
13.34 0.044738908375710845 0.0060127355740973165
13.35 0.044678781019969874 0.006004734074872786
13.36 0.04461881369421339 0.005990583446484177
13.37 0.044558969351040194 0.005982983188136171
13.38 0.04449915403045066 0.005969132660781806
13.39 0.044439586697824544 0.005956733262611813
13.4 0.04438001936519842 0.005948201712261625
13.41 0.044320622663579314 0.005934612204185896
13.42 0.04426132712111471 0.0059276271805139835
13.43 0.04420207011996904 0.005914200955299265
13.44 0.04414304310200873 0.005902701796031362
13.45 0.04408401608404841 0.005894417262795937
13.46 0.04402515475675281 0.005881115617116794
13.47 0.043966393771706073 0.00587511994933454
13.48 0.04390765235776612 0.005861957189600808
13.49 0.04384915462791406 0.005849772985206059
13.5 0.043790656898062004 0.005843266286802429
13.51 0.04373228930217801 0.005830315028691135
13.52 0.04367405059748818 0.005823870468983028
13.53 0.04361581189279836 0.00581201469810777
13.54 0.043557810303526026 0.005799254003378884
13.55 0.04349982681273078 0.005793994960522131
13.56 0.04344193040431558 0.005781350091754511
13.57 0.04338419981089569 0.005773059341988684
13.58 0.04332646921747581 0.005763763052498927
13.59 0.04326892454984571 0.0057511115378088284
13.6 0.04321144698671964 0.005746762936730931
13.61 0.0431539892911111 0.0057341398116728115
13.62 0.04309676419048618 0.0057225100624918035
13.63 0.04303953908986125 0.005717411981366993
13.64 0.04298241595085884 0.005704971737838349
13.65 0.04292543965510449 0.005697629575434959
13.66 0.04286846335935014 0.005688200181884984
13.67 0.04281167565146679 0.005675958445079843
13.68 0.04275494419044854 0.005671258835457493
13.69 0.04269825047475764 0.005659144645752345
13.7 0.0426417612975335 0.005648917722414382
13.71 0.042585272120309346 0.005642147507976869
13.72 0.042528918347373955 0.005630084635765087
13.73 0.04247267042759405 0.005624791977990817
13.74 0.04241642250781414 0.005612931589430659
13.75 0.042360411795805436 0.0056008397206639415
13.76 0.04230440571340087 0.005595620361916964
13.77 0.042248499388567104 0.005583415795104241
13.78 0.042192737397498785 0.005576199106831936
13.79 0.042136975406430466 0.005565797869360178
13.8 0.04208142144011157 0.005553394042639326
13.81 0.042025907525577666 0.005548037079763812
13.82 0.0419704606985163 0.0055353461603036
13.83 0.0419152006023716 0.005526009614470251
13.84 0.0418599405062269 0.005517126477728063
13.85 0.04180485807281703 0.005504057835572507
13.86 0.041749859349515445 0.005498817037653314
13.87 0.04169488173206397 0.0054852755736942704
13.88 0.041640153838041545 0.005472789402241496
13.89 0.041585425944019136 0.0054664315945545106
13.9 0.04153082520615046 0.005452327617533115
13.91 0.041476379391668476 0.00544458144819826
13.92 0.041421933577186494 0.005432901529892398
13.93 0.04136772136107063 0.00541815486405639
13.94 0.04131357047990537 0.0054136020789301575
13.95 0.04125944931949203 0.00539814130644567
13.96 0.041205607653776455 0.005384166571556381
13.97 0.04115176598806089 0.005378356374237558
13.98 0.0410980405262917 0.005362121219752325
13.99 0.04104452356366585 0.00535169626258547
14.0 0.04099100660103999 0.005341918751506025
14.01 0.040937685188635727 0.0053248619734533875
14.02 0.04088450936157093 0.005317582706479751
14.03 0.04083133353450614 0.005304340694324949
14.04 0.040778422547684434 0.005286418845819263
14.05 0.040725605157589745 0.005281739009467934
14.06 0.04067278776749507 0.005265795440254184
14.07 0.04062028924878466 0.005247027815306282
14.08 0.040567847211188945 0.00524420375957213
14.09 0.04051540517359323 0.005226431846622415
14.1 0.0404633185742565 0.005207033646221326
14.11 0.0404112645006688 0.005205407358769953
14.12 0.0403592104270811 0.005185870540822091
14.13 0.040307547089852354 0.005165995051124028
14.14 0.04025589052605861 0.005164718471383445
14.15 0.04020425272042468 0.005144387378756221
14.16 0.04015300277848348 0.005124994194120269
14.17 0.040101752836542284 0.005122932851761686
14.18 0.04005054412144825 0.005102177780262007
14.19 0.039999709280937046 0.005083484051120468
14.2 0.039948874440425844 0.005080544192695768
14.21 0.03989809839708312 0.005059403502051918
14.22 0.0398476863703848 0.005041202669832767
14.23 0.03979727434368647 0.005037787793850779
14.24 0.039746930614507785 0.0050163008993402425
14.25 0.039696948325699664 0.004998228880812139
14.26 0.039646966036891544 0.004994871420135771
14.27 0.039597050897296954 0.004973162967414124
14.28 0.039547502777543264 0.004954811975368623
14.29 0.03949795465778958 0.004951756614388847
14.3 0.03944846764525548 0.0049299736820453965
14.31 0.039399355184148666 0.004911246110681722
14.32 0.03935024272304185 0.004908622731995216
14.33 0.03930118272950876 0.004886849182404118
14.34 0.03925250573939377 0.004867699011499749
14.35 0.039203828749278774 0.004865669103107928
14.36 0.039155192357331614 0.004843959405601339
14.37 0.03910694956116675 0.004824279616486793
14.38 0.03905870676500187 0.004823045858803443
14.39 0.03901048864399067 0.004801446826448341
14.4 0.03896267782847291 0.004781081551776367
14.41 0.03891486701295514 0.004780872900046251
14.42 0.03886706037047199 0.004759423435860333
14.43 0.038819678544237936 0.00473818262340564
14.44 0.038772296718003876 0.004738182623405862
14.45 0.038724914891769824 0.004717986892814663
14.46 0.03867793698014758 0.004696717087087521
14.47 0.03863098055002807 0.004695643011950912
14.48 0.03858402411990856 0.004677219863967075
14.49 0.038537436152748725 0.004656154502332477
14.5 0.03849090102986191 0.004653512288681272
14.51 0.0384443659069751 0.004637183081720675
14.52 0.0383981573682275 0.004616342427085751
14.53 0.03835203905843339 0.004611830979411646
14.54 0.03830592074863927 0.004597931767297725
14.55 0.03826008042308743 0.004577332920098209
14.56 0.0382143740902373 0.004570633285013059
14.57 0.03816866775738717 0.004559539049787231
14.58 0.038123183309241554 0.0045392508727672976
14.59 0.038077882739931825 0.004530056930973192
14.6 0.038032582170622095 0.004521841448032138
14.61 0.03798744591097118 0.004501978388452121
14.62 0.037942542602853055 0.004490330811812715
14.63 0.03789763929473492 0.004484713814426167
14.64 0.03785284832656453 0.00446532872561356
14.65 0.03780833272022265 0.004451560634187279
14.66 0.037763817113880785 0.004448259508547103
14.67 0.037719367530051714 0.0044293639000152485
14.68 0.03767522983588048 0.004413769417123348
14.69 0.037631092141709246 0.004412509169255285
14.7 0.03758697965249538 0.004394115625114159
14.71 0.037543209829206954 0.004376982328841539
14.72 0.03749944000591854 0.004376982328841983
14.73 0.037455670182630116 0.004359622623475445
14.74 0.03741224755344903 0.0043417416803119835
14.75 0.037368835349023875 0.004341220442515725
14.76 0.03732542314459872 0.004325923336964577
14.77 0.03728231688228459 0.004308565454320679
14.78 0.037239251835512306 0.004306504677227929
14.79 0.03719618678874003 0.004293051416410787
14.8 0.037153390807184085 0.004276225804821898
14.81 0.037110662272643584 0.004272853454049708
14.82 0.03706793373810309 0.004261034554406518
14.83 0.037025441581555456 0.004244746501693042
14.84 0.03698303880806923 0.00424027734862209
14.85 0.036940636034583016 0.004229895645600612
14.86 0.036898440895157224 0.004214144075202819
14.87 0.03685635315307896 0.0042087742078265045
14.88 0.036814265411000684 0.004199649982208564
14.89 0.03677236015343478 0.0041844282668979105
14.9 0.03673057684566273 0.004178330777205197
14.91 0.03668879353789068 0.0041702999056927315
14.92 0.03664717084754888 0.004155595925971367
14.93 0.03660568161937126 0.004148922817762024
14.94 0.036564192391193635 0.004141833088663338
14.95 0.03652284495759799 0.004127628363081115
14.96 0.03648163982393201 0.0041205133665978
14.97 0.03644043469026603 0.0041142315146049935
14.98 0.03639935519363991 0.0041005012288466425
14.99 0.0363584246656891 0.00409305279508132
15.0 0.036317494137738285 0.004087464515744488
15.01 0.03627667537537421 0.004074179478664064
15.02 0.036236010548165005 0.004066482720920472
15.03 0.036195345720955806 0.004061497429658223
15.04 0.03615478059957184 0.00404862643568471
15.05 0.03611437319224211 0.004040740732972337
15.06 0.036073965784912385 0.004036289051915443
15.07 0.0360336474112038 0.004023801312461384
15.08 0.03599348975866316 0.004015765254064663
15.09 0.03595333210612251 0.0040117944806983274
15.1 0.03591325386904919 0.0039996599123273135
15.11 0.035873338907875967 0.003991496117322857
15.12 0.03583342394670274 0.003987977693320488
15.13 0.03579357935400955 0.00397616786357835
15.14 0.03575390058943116 0.003967876457838804
15.15 0.035714221824852774 0.003964800785672962
15.16 0.035674604573717704 0.003953289837626439
15.17 0.035635156028100246 0.003944854561745759
15.18 0.03559570748248279 0.0039422373418958045
15.19 0.03555631128126233 0.003931003057756399
15.2 0.03551708742132766 0.00392238599346717
15.21 0.035477863561392986 0.0039202613693951616
15.22 0.03543868219393975 0.003909285662007322
15.23 0.035399677848152844 0.0039004345786908257
15.24 0.035360673502365936 0.0038988525650558437
15.25 0.03532170079685173 0.003888119902374143
15.26 0.03528291110431846 0.0038789692533267583
15.27 0.03524412141178519 0.0038780004769809473
15.28 0.03520535109477884 0.0038674973406060964
15.29 0.03516677146497307 0.0038579629805772786
15.3 0.03512819183516729 0.0038576936905552195
15.31 0.03508961759116196 0.003847408628723681
15.32 0.035051243662592824 0.0038373928569139792
15.33 0.035012869734023684 0.0038373928569139792
15.34 0.034974495805454545 0.003827851296134943
15.35 0.034936312708100985 0.003817774395261875
15.36 0.03489814031754931 0.0038172390551676205
15.37 0.03485996792699764 0.0038088204743049747
15.38 0.034821963908063205 0.003798943344780703
15.39 0.03478398906010202 0.003797484796118411
15.4 0.03474601421214084 0.003790311555831982
15.41 0.034708182828985384 0.0037806261832302734
15.42 0.03467040168847624 0.0037781140509147715
15.43 0.03463262054796709 0.0037723197673291686
15.44 0.034594955293129656 0.003762816694073079
15.45 0.03455736421408563 0.003759107904402814
15.46 0.03451977313504159 0.0037548385744645696
15.47 0.03448226744259634 0.0037455069205505342
15.48 0.03444486299663058 0.0037404445965758537
15.49 0.03440745855066482 0.003737859692687806
15.5 0.03437010580277683 0.0037286861429945972
15.51 0.03433288482780493 0.0037220974971903242
15.52 0.034295663852833023 0.0037213695738924635
15.53 0.034258457436327085 0.0037123468892670264
15.54 0.03422141691504768 0.0037040521279403382
15.55 0.03418437639376827 0.0037040521279405603
15.56 0.03414733587248887 0.003696462507894127
15.57 0.03411044714361039 0.0036876200441706697
15.58 0.034073583471605454 0.0036863672004936454
15.59 0.03403671979960052 0.0036808271089896483
15.6 0.03399996692942566 0.0036721756547180018
15.61 0.03396327628650616 0.0036690642919501304
15.62 0.03392658564358666 0.003665416804816246
15.63 0.03388996795040983 0.003656930944966108
15.64 0.03385344702468733 0.0036520925722496322
15.65 0.033816926098964833 0.003650195900285924
15.66 0.033780443106681615 0.003641844591454557
15.67 0.033744089207135744 0.0036353899545875645
15.68 0.033707735307589866 0.003635127606972377
15.69 0.0336713866549963 0.0036268805033996543
15.7 0.03363519769752187 0.003618895747442563
15.71 0.03359900874004744 0.003618895747442785
15.72 0.033562819782573014 0.003611995205877516
15.73 0.03352676883592989 0.003603823615561552
15.74 0.033490743310261785 0.003602552566810857
15.75 0.03345471778459368 0.00359715537208527
15.76 0.03341880020282008 0.0035890344595788104
15.77 0.033382937095402104 0.003586310741797716
15.78 0.03334707398798413 0.003582324826330252
15.79 0.0333112905988755 0.003574234298729717
15.8 0.03327558930200953 0.0035701296865962018
15.81 0.03323988800514357 0.0035674771234182057
15.82 0.03320423975954117 0.0035594013813187164
15.83 0.033168699977517195 0.0035539782023970012
15.84 0.03313316019549323 0.003552590308729009
15.85 0.033097648171342614 0.00354451910104725
15.86 0.03306226981347229 0.003537835787032817
15.87 0.03302689145560196 0.003537646647064907
15.88 0.03299151688053099 0.003529573617264692
15.89 0.032956299983256665 0.0035216897274321646
15.9 0.03292108308598234 0.0035216897274321646
15.91 0.03288586618870802 0.003514562668465393
15.92 0.03285079183261304 0.0035064859157443173
15.93 0.03281573647039314 0.0035055362219900132
15.94 0.03278068110817324 0.0034994829129806337
15.95 0.032745746812133526 0.003491404044651869
15.96 0.0327108530272802 0.003489378485332262
15.97 0.032675959242426875 0.003484341502694166
15.98 0.03264116619722632 0.00347626510151966
15.99 0.03260643394039648 0.003473225682983472
16.0 0.03257170168356665 0.003469148748527884
16.01 0.03253705096542592 0.0034610828927037485
16.02 0.03250248002571258 0.003457093971334535
16.03 0.03246790908599923 0.0034539178038581753
16.04 0.03243340166963542 0.003445872452814136
16.05 0.03239899163694295 0.0034410032692457904
16.06 0.0323645816042505 0.0034386709679656846
16.07 0.03233021821758364 0.0034306581334957453
16.08 0.032295968441580586 0.003424977600306356
16.09 0.03226171866557752 0.0034234306086113886
16.1 0.03222749982940835 0.003415464445375882
16.11 0.03219340937667 0.0034090452738351207
16.12 0.032159318923931646 0.0034082224784246495
16.13 0.032125244927101504 0.0034003174112275936
16.14 0.0320913125757071 0.0033932351394403426
16.15 0.032057380224312704 0.0033930779149393686
16.16 0.03202345101740831 0.003385248711499811
16.17 0.0319896752500827 0.003377576732560783
16.18 0.031955899482757094 0.003377576732561005
16.19 0.03192212371543148 0.0033702884132669197
16.2 0.03188849371449176 0.003362550120655561
16.21 0.03185487271301837 0.0033621001473385093
16.22 0.03182125171154499 0.0033554662150414583
16.23 0.03178776338871755 0.003347833108153342
16.24 0.031754295049381924 0.0033468339335627206
16.25 0.03172082671004629 0.003340811623022688
16.26 0.03168747881692146 0.0033332965992804997
16.27 0.031654160778060686 0.003331803886078122
16.28 0.0316208427391999 0.0033263540486170307
16.29 0.03158763369708834 0.0033189687687555924
16.3 0.03155446336382479 0.0033170333263552454
16.31 0.03152129303056124 0.0033121190128064804
16.32 0.03148822098356866 0.0033048739715175746
16.33 0.03145519555113089 0.003302543243777656
16.34 0.03142217011869311 0.003298129805010319
16.35 0.031389232955030676 0.003291033816382738
16.36 0.031356349442365455 0.0032883512665224934
16.37 0.03132346592970023 0.003284406875761592
16.38 0.031290661304850226 0.0032774668159916143
16.39 0.0312579165933804 0.0032744711469825383
16.4 0.03122517188191058 0.0032709675237172497
16.41 0.031192497242906056 0.0032641882566748492
16.42 0.03115988811677707 0.0032609126128979593
16.43 0.0311272789906481 0.003257825713821605
16.44 0.03109473160250064 0.003251210024174611
16.45 0.03106225479016461 0.0032476812336037497
16.46 0.031029777977828566 0.0032449904019917764
16.47 0.030997354982124775 0.003238538936837454
16.48 0.030965007199091815 0.003234778303295327
16.49 0.03093265941605887 0.0032324660630400626
16.5 0.030900357877831016 0.0032261769038011145
16.51 0.030868135877982837 0.003222199984817209
16.52 0.030835913878134672 0.0032202524442361824
16.53 0.030803730829098114 0.0032141209292304573
16.54 0.030771631459550065 0.003209936954805981
16.55 0.030739532090002002 0.00320834394990821
16.56 0.030707464580551902 0.003202362634743272
16.57 0.03067548483730714 0.003197974324475661
16.58 0.030643505094062388 0.0031967294684027703
16.59 0.030611550247939084 0.003190888047089002
16.6 0.0305796873331206 0.0031862914818481247
16.61 0.030547824418302127 0.0031853926458305093
16.62 0.030515979480203986 0.0031796780311368344
16.63 0.030484230857679394 0.003174862252460109
16.64 0.03045248223515479 0.0031743120743890074
16.65 0.03042074461619161 0.003168708654381236
16.66 0.030389108062067172 0.0031636554124432337
16.67 0.030357471507942733 0.00316346161417691
16.68 0.03032583882978363 0.003157951570373463
16.69 0.030294312476535266 0.003152635324836117
16.7 0.030262786123286912 0.003152635324836117
16.71 0.030231259770038547 0.0031473751744708345
16.72 0.030199838619797498 0.0031419388662166092
16.73 0.030168420992714218 0.0031417627083274446
16.74 0.030137003365630948 0.0031369454814558217
16.75 0.0301056820830851 0.003131562006771338
16.76 0.030074372125495512 0.003130995758958255
16.77 0.030043062167905938 0.003126627227486134
16.78 0.03001183958094579 0.003121275007279989
16.79 0.029980636667760338 0.0031202913185455206
16.8 0.02994943375457488 0.0031163850216251454
16.81 0.029918308967327837 0.0031110424075282417
16.82 0.029887212906424317 0.003109606090351491
16.83 0.029856116845520808 0.0031061844633748503
16.84 0.02982508921715682 0.0031008303432953355
16.85 0.02979410023865489 0.0030988978501924613
16.86 0.029763111260152974 0.003095993170807221
16.87 0.029732180375238747 0.003090607535753964
16.88 0.029701299109437893 0.00308812658008617
16.89 0.029670417843637026 0.003085781677830912
16.9 0.029639583475881272 0.003080346149605395
16.91 0.02960881092064492 0.003077255523634692
16.92 0.02957803836540857 0.0030755241867519434
16.93 0.02954730043690988 0.003070022478089962
16.94 0.02951663791584677 0.0030662521063105075
16.95 0.02948597539478367 0.003065199001785368
16.96 0.02945533393581106 0.0030596172594599125
16.97 0.029424783049594474 0.003055088621659152
16.98 0.02939423216337788 0.0030547890675887146
16.99 0.0293636872682427 0.00304911609254499
17.0 0.029333249841526982 0.003043742671571259
17.01 0.029302812414811263 0.003043742671571259
17.02 0.029272374988095557 0.0030385094751825825
17.03 0.02924204222530761 0.0030327368849736303
17.04 0.02921172025039609 0.0030321974911526883
17.05 0.02918139827548456 0.003027792700437626
17.06 0.029151164396387336 0.0030219150365737857
17.07 0.029120959974753086 0.0030204421634243417
17.08 0.02909075555311885 0.0030169654878391405
17.09 0.029060620664996303 0.0030109801802449265
17.1 0.029030535949513943 0.0030084715482356916
17.11 0.029000451234031593 0.003006031721453084
17.12 0.028970415315084885 0.0029999389613248884
17.13 0.028940452454805095 0.0029962860279797443
17.14 0.028910489594525295 0.002994999131916476
17.15 0.028880552472166768 0.0029888017309345205
17.16 0.028850713559906607 0.0029838912260153894
17.17 0.02882087464764645 0.002983878601275247
17.18 0.028791035987881103 0.002977581820688968
17.19 0.02876132301123267 0.0029712976648428313
17.2 0.02873161003458425 0.0029712976648426093
17.21 0.02870189705793582 0.002966294760071042
17.22 0.02867228413938283 0.0029599059463349953
17.23 0.02864269893900912 0.0029585200373702936
17.24 0.028613113738635426 0.0029549580624994576
17.25 0.028583599777759133 0.0029484862744193485
17.26 0.02855414401314703 0.0029455764612100754
17.27 0.028524688248534935 0.0029435902466952157
17.28 0.028495272208213126 0.0029370458475324046
17.29 0.028465947331584286 0.002932487662884453
17.3 0.028436622454955436 0.002932210179469541
17.31 0.028407303127994894 0.00292560423281496
17.32 0.028378110370299137 0.0029192757695752913
17.33 0.028348917612603386 0.0029192757695752913
17.34 0.02831972485490763 0.002914180595095406
17.35 0.02829063400070147 0.0029075242881357877
17.36 0.028261574369144917 0.002905963155655833
17.37 0.02823251473758835 0.002902792807951249
17.38 0.02820351851298589 0.002896096922452962
17.39 0.02817459279913929 0.0028925713846597034
17.4 0.0281456670852927 0.0028914572542819705
17.41 0.028116763654053654 0.002884731636855653
17.42 0.02808797245255558 0.0028791201498072905
17.43 0.02805918125105751 0.0028791201498072905
17.44 0.028030390049559435 0.0028734418681077845
17.45 0.028001712413695357 0.0028666950749409725
17.46 0.02797305614806062 0.0028656265634732225
17.47 0.027944399882425894 0.0028622390977439682
17.48 0.027915811366105738 0.002855478168143355
17.49 0.027887290319063028 0.00285210470427133
17.5 0.02785876927202031 0.002851133022480745
17.51 0.027830267658613402 0.002844363427550789
17.52 0.027801882003469298 0.0028385655144109734
17.53 0.027773496348325183 0.0028385655144111954
17.54 0.02774511069318108 0.002833357373079659
17.55 0.02771682920086359 0.002826583125078219
17.56 0.027688579030679516 0.0028250170184083156
17.57 0.027660328860495426 0.0028224647935992664
17.58 0.027632129734807536 0.002815688484204326
17.59 0.027604015090811344 0.0028114643996186572
17.6 0.02757590044681515 0.0028114643996186572
17.61 0.02754778580281897 0.002804912532824444
17.62 0.02751980219615866 0.0027981354520580926
17.63 0.02749182309377781 0.0027979102380857324
17.64 0.02746384399139695 0.0027942565845007206
17.65 0.027435937962087795 0.002787478871852711
17.66 0.027408094413959895 0.0027843548127894913
17.67 0.027380250865831995 0.0027837213578099096
17.68 0.0273524199868037 0.00277694199583145
17.69 0.027324712025915365 0.0027707960888332384
17.7 0.02729700406502704 0.0027707960888330163
17.71 0.027269296104138703 0.0027665241226040305
17.72 0.02724167358257496 0.002759741121257653
17.73 0.02721410128171355 0.002757230086140483
17.74 0.027186528980852148 0.002756224168507737
17.75 0.027158976798343396 0.002749434679278462
17.76 0.027131540287266567 0.0027436511076825987
17.77 0.027104103776189745 0.0027436511076823766
17.78 0.027076667265112916 0.0027392411530697824
17.79 0.027049318953128346 0.002732441914463646
17.8 0.027022018426823644 0.0027300526304698813
17.81 0.026994717900518952 0.00272915653317396
17.82 0.026967435296160164 0.002722344084596484
17.83 0.026940271018827025 0.002716427733314708
17.84 0.026913106741493872 0.00271642773331493
17.85 0.02688594246416072 0.0027123462383662478
17.86 0.02685885981672655 0.002705517206126107
17.87 0.0268318321200382 0.002702769668834426
17.88 0.026804804423349864 0.002702440257833061
17.89 0.02677778331488154 0.0026955915963757793
17.9 0.02675089259142235 0.002689072345919419
17.91 0.026724001867963153 0.0026890723459191967
17.92 0.026697111144503956 0.0026857445684733694
17.93 0.02667028697659369 0.002678873243187274
17.94 0.026643533679640216 0.0026753296953467842
17.95 0.026616780382686753 0.0026753296953467842
17.96 0.02659002708573328 0.0026690691394302135
17.97 0.02656339899989815 0.0026621718858070853
17.98 0.02653678364801714 0.002661535188100528
17.99 0.02651016829613614 0.0026593221120914112
18.0 0.026483597205775315 0.0026523952116941363
18.01 0.02645712039190225 0.002647681387305756
18.02 0.026430643578029198 0.002647681387305978
18.03 0.026404166764156134 0.0026426668247168106
18.04 0.026377790241534863 0.002635706807222915
18.05 0.02635145262801168 0.002633761352317965
18.06 0.026325115014488504 0.0026329804659517286
18.07 0.026298793018692642 0.0026259845294671624
18.08 0.026272595323899164 0.0026197694793481663
18.09 0.02624639762910568 0.0026197694793483883
18.1 0.02622019993431219 0.0026162964718301485
18.11 0.026194071699669075 0.002609262354977382
18.12 0.026168014687212644 0.002605701245642633
18.13 0.026141957674756224 0.002605701245642633
18.14 0.026115900662299792 0.0025995641941436443
18.15 0.02608996639087335 0.002592490041822826
18.16 0.026064050861463336 0.0025915529410012184
18.17 0.02603813533205332 0.002589892915598746
18.18 0.026012253003151364 0.002582777878475717
18.19 0.025986479774483807 0.0025773228667556047
18.2 0.025960706545816253 0.0025773228667558268
18.21 0.025934933317148693 0.0025730888286334963
18.22 0.025909244769243587 0.002565932960541195
18.23 0.02588361465793787 0.0025630111305710024
18.24 0.025857984546632164 0.0025630111305714465
18.25 0.025832354435326443 0.002556226840618514
18.26 0.025806860009819788 0.002549031459951223
18.27 0.025781373806127418 0.002548620369237309
18.28 0.02575588760243504 0.002546540359866789
18.29 0.025730442998930084 0.0025393078216595644
18.3 0.02570510144600185 0.0025341552928228595
18.31 0.02567975989307363 0.0025341552928226374
18.32 0.0256544183401454 0.0025296048073815136
18.33 0.025629167796926 0.002522337948014597
18.34 0.02560397158118511 0.002519621574088582
18.35 0.025578775365444218 0.002519621574088582
18.36 0.02555357914970334 0.0025126231703829216
18.37 0.025528522902036558 0.0025053255173146383
18.38 0.02550347263935705 0.002505026267951349
18.39 0.025478422376677533 0.0025029293000553565
18.4 0.025453414053355942 0.0024956047377497903
18.41 0.02542851028192254 0.0024903771433397726
18.42 0.025403606510489136 0.0024903771433397726
18.43 0.025378702739055743 0.002485908389253666
18.44 0.02535388834270406 0.002478561081931119
18.45 0.025329131517417124 0.002475682528694012
18.46 0.02530437469213018 0.002475682528694234
18.47 0.025279617866843244 0.0024688701613884145
18.48 0.02525499728890241 0.0024615049150773505
18.49 0.025230387768541696 0.002460952036072328
18.5 0.025205778248180967 0.002459203616254957
18.51 0.025181203696216587 0.0024518254338115053
18.52 0.025156741739504735 0.002446195671185647
18.53 0.025132279782792873 0.002446195671186091
18.54 0.025107817826081017 0.002442172641958562
18.55 0.025083436329953704 0.00243478604623637
18.56 0.02505912210515629 0.0024314224797421513
18.57 0.025034807880358865 0.0024314224797421513
18.58 0.02501049365556145 0.0024251547938545226
18.59 0.024986304784481776 0.0024177639485871705
18.6 0.0249621383765897 0.002416640789207225
18.61 0.024937971968697632 0.002415552833738177
18.62 0.024913827319914934 0.00240816167872393
18.63 0.024889808735123153 0.002401858479178731
18.64 0.024865790150331364 0.002401858479178731
18.65 0.024841771565539583 0.0023985917274611523
18.66 0.024817818315782142 0.0023912043399840766
18.67 0.02479394747873989 0.0023870837042248017
18.68 0.02477007664169765 0.0023870837042250237
18.69 0.024746205804655395 0.0023816709767356947
18.7 0.024722443222162934 0.002374291345937918
18.71 0.024698719977736636 0.00237232444262947
18.72 0.024674996733310348 0.002372167650017021
18.73 0.024651276624736294 0.0023647990558250953
18.74 0.024627700752193848 0.002357587254245175
18.75 0.024604124879651395 0.002357587254245175
18.76 0.02458054900710894 0.002355339110944543
18.77 0.024557018097432503 0.002347984253117996
18.78 0.024533589322046582 0.0023428775385916367
18.79 0.02451016054666067 0.0023428775385916367
18.8 0.02448673177127475 0.0023385723058777508
18.81 0.024463389100543118 0.0023312335890404157
18.82 0.024440107099493943 0.0023282001049167445
18.83 0.02441682509844478 0.0023282001049167445
18.84 0.024393543097395606 0.0023218734805492414
18.85 0.024370387628833787 0.0023145533437975985
18.86 0.024347252030519656 0.0023135598314134587
18.87 0.024324116432205518 0.002312545787722442
18.88 0.02430100111476521 0.0023052463862842654
18.89 0.024278011504479835 0.0022989610285368833
18.9 0.02425502189419447 0.0022989610285371054
18.91 0.024232032283909095 0.0022959719302579895
18.92 0.024209102455589302 0.002288694673800107
18.93 0.02418625839043309 0.00228440651562134
18.94 0.024163414325276876 0.002284406515621118
18.95 0.024140570260120668 0.0022794756408761607
18.96 0.024117824812459353 0.002272221402867869
18.97 0.024095125832063313 0.0022698980396043122
18.98 0.024072426851667265 0.0022698980396043122
18.99 0.024049727871271225 0.002263059262920475
19.0 0.024027165666408855 0.002255828729156084
19.01 0.024004611296688096 0.0022554369720757528
19.02 0.023982056926967345 0.0022539297379471357
19.03 0.023959532701929156 0.002246723724449673
19.04 0.02393712245247835 0.0022410249450808273
19.05 0.02391471220302754 0.0022410249450808273
19.06 0.023892301953576736 0.0022376485474993046
19.07 0.023869959232077555 0.002230467348136589
19.08 0.023847692606614002 0.00222666254635584
19.09 0.023825425981150436 0.002226662546356062
19.1 0.023803159355686873 0.0022214466270640276
19.11 0.023780997048609157 0.002214289847944917
19.12 0.023758873558727973 0.0022123489881178404
19.13 0.0237367500688468 0.0022123489881178404
19.14 0.023714626578965618 0.002205323069353282
19.15 0.023692643607459735 0.0021981901157517303
19.16 0.023670662776650583 0.0021980830809147367
19.17 0.02364868194584143 0.0021963862690137503
19.18 0.02362673505127031 0.002189276919107197
19.19 0.02360489640745929 0.002183864381101852
19.2 0.023583057763648278 0.00218386438110163
19.21 0.023561219119837256 0.0021803904047799083
19.22 0.023539449955552683 0.002173304465447945
19.23 0.0235177530305283 0.0021696925024379254
19.24 0.023496056105503926 0.0021696925024379254
19.25 0.023474359180479545 0.002164466654158037
19.26 0.023452766772420756 0.0021574034031723865
19.27 0.023431211112416098 0.0021555660004661803
19.28 0.023409655452411433 0.0021555660004661803
19.29 0.023388099792406775 0.0021486133807302465
19.3 0.023366683184796833 0.0021415719143085266
19.31 0.023345268354120603 0.0021414830676234065
19.32 0.023323853523444366 0.0021398494040119065
19.33 0.023302471366040363 0.0021328291119830922
19.34 0.02328119694120471 0.002127442483565112
19.35 0.02325992251636905 0.002127442483565334
19.36 0.023238648091533403 0.002124110749381236
19.37 0.02321744030138143 0.0021171114921463285
19.38 0.02319630586169048 0.0021134439690955187
19.39 0.02317517142199952 0.0021134439690955187
19.4 0.023154036982308567 0.002108435884100812
19.41 0.023133002704317503 0.0021014572692590328
19.42 0.023112007836923378 0.002099486739412404
19.43 0.02309101296952926 0.00209948673941196
19.44 0.023070018102135135 0.002092824323745468
19.45 0.02304915648305435 0.0020858656962710054
19.46 0.023028300788209714 0.0020855694844634787
19.47 0.023007445093365084 0.0020842145446755556
19.48 0.022986616497316203 0.00207727564268545
19.49 0.022965899580511377 0.0020716916804830454
19.5 0.022945182663706543 0.0020716916804830454
19.51 0.02292446574690171 0.0020687085917001635
19.52 0.02290380849187254 0.002061789954135085
19.53 0.02288322994781901 0.002057854405352666
19.54 0.022862651403765484 0.002057854405352888
19.55 0.022842072859711952 0.002053264094395324
19.56 0.02282158612187758 0.0020463665626495597
19.57 0.022801145528458962 0.0020440593418611375
19.58 0.022780704935040356 0.0020440593418611375
19.59 0.02276026434162174 0.0020378835949088625
19.6 0.022739947263142175 0.002031008000816792
19.61 0.0227196441816054 0.0020303081536778844
19.62 0.02269934110006862 0.0020294233405671047
19.63 0.02267905571479406 0.002022571032807452
19.64 0.022658889679412472 0.002016603538158579
19.65 0.022638723644030887 0.002016603538158801
19.66 0.0226185576086493 0.0020141586914439458
19.67 0.022598440470202003 0.0020073320058744404
19.68 0.022578410968531814 0.002002950167019346
19.69 0.022558381466861614 0.002002950167019568
19.7 0.02253835196519142 0.001998969752107449
19.71 0.022518402071819467 0.0019921716591120298
19.72 0.022498508532009184 0.0019893539810285077
19.73 0.022478614992198893 0.0019893539810287297
19.74 0.02245872145238861 0.001983863947055964
19.75 0.022438937713257775 0.0019770973648487455
19.76 0.02241917950509163 0.001975820816614293
19.77 0.02239942129692549 0.001975582470451709
19.78 0.022379667855682593 0.0019688504154780073
19.79 0.022360044288615932 0.001962356706666224
19.8 0.022340420721549265 0.001962356706666446
19.81 0.022320797154482604 0.001960632955998909
19.82 0.022301208062429287 0.001953938900298713
19.83 0.022281718376476634 0.00194896859526561
19.84 0.022262228690523977 0.00194896859526561
19.85 0.022242739004571317 0.0019457903622375206
19.86 0.022223312883279226 0.001939138082660552
19.87 0.022203956242918106 0.0019356640361116728
19.88 0.022184599602556993 0.0019356640361116728
19.89 0.022165242962195873 0.0019310630858415667
19.9 0.02214597834084016 0.0019244558600812756
19.91 0.02212675384499425 0.0019224495845902023
19.92 0.022107529349148346 0.0019224495845902023
19.93 0.022088304853302446 0.0019164606007613383
19.94 0.02206920013713312 0.0019099010594159083
19.95 0.02205010683211413 0.0019093305018995643
19.96 0.022031013527095133 0.0019085006162533613
19.97 0.022011936819789066 0.001901991246851642
19.98 0.0219929737021581 0.0018963117630963477
19.99 0.02197401058452714 0.0018963117630964614
