# 1:t 2:KE 3:eps
0.0 0.12499401225567786 -0.0
0.01 0.12499401225567786 0.00018111870883608105
0.02 0.12499038988150113 0.00041549094189186064
0.03 0.12498570243684 0.00046875147670721873
0.04 0.12498101485196697 0.0004687695140201953
0.05 0.12497632704655959 0.0004687994181606925
0.06 0.12497163886360375 0.00046884258753099317
0.07 0.12496695019480895 0.0004688932933305523
0.08 0.12496226099773715 0.0004689501347936442
0.09 0.12495757119211309 0.00046901500329088464
0.1 0.12495288069767133 0.00046909066011568967
0.11 0.12494818937891077 0.0004691867796857707
0.12 0.12494349696207761 0.00046929155191666183
0.13 0.12493880354787244 0.0004693953101178039
0.14 0.12493410905587526 0.00046950710669069196
0.15 0.12492941340573863 0.0004696269350361604
0.16 0.12492471651717453 0.00046977295234640337
0.17 0.12492001794669169 0.00046993376230641815
0.18 0.1249153178419284 0.0004700879137757852
0.19 0.12491061618841617 0.0004702468160289186
0.2 0.12490591290560783 0.00047041377287371233
0.21 0.12490120791295871 0.0004706026541336783
0.22 0.12489650085252516 0.00047081713647312284
0.23 0.12489179157022924 0.0004710293517176112
0.24 0.1248870802654908 0.00047123563615159014
0.25 0.12488236685750621 0.0004714499998135224
0.26 0.12487765126549454 0.0004716780616389471
0.27 0.12487293329627344 0.00047194674904993406
0.28 0.12486821233051354 0.00047222154787007753
0.29 0.12486348886531602 0.00047247555362517346
0.3 0.12485876281944105 0.00047273767800959376
0.31 0.12485403411175582 0.0004730079151027411
0.32 0.124849302661139 0.00047332548219447546
0.33 0.12484456760211193 0.00047366092424461215
0.34 0.12483982944265411 0.0004739690554771414
0.35 0.12483508822100238 0.0004742793543366375
0.36 0.12483034385556738 0.00047459781101810705
0.37 0.12482559626478201 0.0004749568095192558
0.38 0.124820844719377 0.0004753480855654857
0.39 0.1248160893030707 0.0004757190622255436
0.4 0.12481133033813249 0.0004760780272565768
0.41 0.12480656774252555 0.0004764451902099509
0.42 0.12480180143432831 0.0004768447573368917
0.43 0.12479703084737881 0.0004772927944518557
0.44 0.12479225557843927 0.00047772891861441735
0.45 0.12478747626900652 0.00047813709835953233
0.46 0.12478269283647207 0.00047855353133474665
0.47 0.12477790519837981 0.00047899393947758995
0.48 0.12477311295768255 0.00047949978027617135
0.49 0.12476831520277429 0.0004800024128055469
0.5 0.12476351290942643 0.0004804604142547575
0.51 0.1247587059944892 0.00048092672251520696
0.52 0.12475389437497612 0.0004814094808560654
0.53 0.12474907780487207 0.0004819742792125936
0.54 0.12474425488939188 0.0004825436915165682
0.55 0.12473942693104174 0.00048305216708754983
0.56 0.12473459384605012 0.0004835690099112
0.57 0.12472975555084351 0.0004840970375399323
0.58 0.12472491190529934 0.00048472205578509175
0.59 0.12472006110972779 0.0004853572772196557
0.6 0.12471520475975495 0.00048591693103272604
0.61 0.12471034277110714 0.0004864850075652072
0.62 0.12470547505960365 0.0004870627680437778
0.63 0.12470060151574627 0.0004877493662451826
0.64 0.12469572007227875 0.0004884480169948802
0.65 0.12469083255540636 0.0004890596013211734
0.66 0.12468593888025233 0.0004896796580684537
0.67 0.124681038962245 0.0004903133055718101
0.68 0.12467613261414089 0.000491062942066911
0.69 0.12467121770340366 0.0004918210793753985
0.7 0.1246662961925534 0.0004924853631829151
0.71 0.12466136799614001 0.000493158178541897
0.72 0.12465643302898256 0.0004938557413165512
0.73 0.12465149088131368 0.0004946699743637595
0.74 0.12464653962949528 0.0004954819306091096
0.75 0.12464158124270149 0.0004961997238943638
0.76 0.12463661563501739 0.0004969261006815273
0.77 0.12463164272068786 0.0004976976326434013
0.78 0.12462666168236453 0.0004985781004736012
0.79 0.1246216711586784 0.0004994362837758004
0.8 0.124616672956689 0.000500208437188121
0.81 0.12461166698993463 0.000500989221100312
0.82 0.12460665317226699 0.0005018469278459392
0.83 0.12460163005137773 0.0005027953603313762
0.84 0.12459659726506035 0.0005036901386912263
0.85 0.1245915562486039 0.0005045175028577376
0.86 0.1245865069150032 0.0005053535519943253
0.87 0.12458144917756402 0.0005063119995529775
0.88 0.12457638067501214 0.0005073301992659651
0.89 0.1245713025735787 0.0005082496991892782
0.9 0.12456621568102837 0.0005091331834039536
0.91 0.12456111990991062 0.0005100270855686873
0.92 0.12455601513931698 0.0005111015750740577
0.93 0.12455089787840913 0.0005121897356819005
0.94 0.12454577134460335 0.0005131214380211802
0.95 0.1245406354496487 0.000514061947405331
0.96 0.12453549010565523 0.0005150770781510161
0.97 0.1245303339080857 0.0005162247764944894
0.98 0.12452516561012536 0.0005173223904648694
0.99 0.12451998746027639 0.0005183120209855119
1.0 0.12451479936970564 0.0005193105164469358
1.01 0.12450960124994745 0.0005204681272186207
1.02 0.12450439000716128 0.0005216910430378974
1.03 0.1244991674290867 0.0005227798499687353
1.04 0.12449393441016189 0.0005238284023114659
1.05 0.12448869086104047 0.0005249262290503154
1.06 0.12448343588558089 0.0005262099176892576
1.07 0.12447816666268668 0.0005274697727308819
1.08 0.12447288649012628 0.0005285692535350606
1.09 0.12446759527761599 0.0005296777450300993
1.1 0.12446229293522566 0.0005309497826653242
1.11 0.12445697628196267 0.0005323124735827633
1.12 0.12445164668575402 0.0005335375587778302
1.13 0.1244463055307871 0.0005346979821023723
1.14 0.12444095272611197 0.0005359156653943487
1.15 0.12443558721747922 0.0005373422219987489
1.16 0.12443020588167199 0.0005387379271262205
1.17 0.12442481245893669 0.0005399512228265735
1.18 0.12441940685721546 0.0005411737087754886
1.19 0.12441398898476118 0.0005426045300902516
1.2 0.12440855476661365 0.0005441140727091565
1.21 0.124403106703307 0.0005454422338067033
1.22 0.12439764592193751 0.0005467186891126019
1.23 0.12439217232952474 0.0005481046460928951
1.24 0.12438668382901566 0.0005496812964906894
1.25 0.12438117870359493 0.0005511759077911904
1.26 0.12437566031085984 0.0005525073558194649
1.27 0.12437012855647854 0.0005538482253379939
1.28 0.12436458334635307 0.0005554931438656041
1.29 0.12435901869360123 0.0005571569507036855
1.3 0.124353440207339 0.0005585447737699312
1.31 0.12434784779812583 0.0005599418499739883
1.32 0.12434224137033953 0.0005615550606572484
1.33 0.12433661669691269 0.0005632893576406062
1.34 0.12433097558318672 0.0005648361424848147
1.35 0.12432531997406299 0.0005662905469856483
1.36 0.124319649772247 0.0005678725714091115
1.37 0.12431396252263481 0.0005696788954852039
1.38 0.1243082561943373 0.0005713868025445379
1.39 0.12430253478658393 0.0005728997045686413
1.4 0.12429679820024592 0.0005744512759910947
1.41 0.1242910457610641 0.0005763311880402355
1.42 0.12428527157648511 0.0005782022380476093
1.43 0.12427948171630317 0.0005797748550966375
1.44 0.12427367607938318 0.000581357585639708
1.45 0.12426785456459036 0.0005832519254198587
1.46 0.1242620110408748 0.0005852273335236191
1.47 0.12425615001791988 0.0005869216797309562
1.48 0.12425027260728017 0.0005885656179467347
1.49 0.12424437870556096 0.0005904468637050186
1.5 0.12423846367000607 0.000592499480917219
1.51 0.12423252871594262 0.0005943460069461892
1.52 0.12422657674986715 0.0005960525089072632
1.53 0.12422060766576447 0.0005979217999749764
1.54 0.12421461831386765 0.0006000532583776419
1.55 0.12420860660059692 0.0006020538514190932
1.56 0.12420257723683926 0.000603824334734604
1.57 0.12419653011390222 0.0006056825734273019
1.58 0.12419046358537071 0.0006078945228358279
1.59 0.12418437222344551 0.0006100513652764761
1.6 0.12417826255806519 0.0006118872895042315
1.61 0.12417213447765542 0.0006137350983790313
1.62 0.1241659878560976 0.0006160292133019496
1.63 0.12415981389338936 0.0006183448433301209
1.64 0.12415362095923102 0.0006202477218586466
1.65 0.1241474089389522 0.0006221620872803868
1.66 0.12414117771748542 0.000624463316781565
1.67 0.12413491967261656 0.0006268639835820267
1.68 0.12412864043781377 0.0006289121300246947
1.69 0.12412234143001608 0.0006308953511355853
1.7 0.12411602253079106 0.0006332028626516717
1.71 0.12410967737276303 0.0006356895697106069
1.72 0.12410330873939684 0.0006378871489713944
1.73 0.1240969196297836 0.0006399408813315688
1.74 0.12409050992177022 0.0006422539028552166
1.75 0.1240840745517265 0.0006448283795261744
1.76 0.1240776133541797 0.0006471795838738359
1.77 0.12407113096004903 0.0006493055359468869
1.78 0.12406462724346076 0.0006516225219419525
1.79 0.12405809850961019 0.000654286513496416
1.8 0.12405154151319082 0.0006567963507535524
1.81 0.1240449625825951 0.0006589962559573337
1.82 0.12403836158807167 0.0006613148652636625
1.83 0.12403173628528984 0.0006640701362883306
1.84 0.12402508018534592 0.0006667444658168264
1.85 0.1240184013959735 0.0006690200965504545
1.86 0.1240116997834149 0.0006713371221085396
1.87 0.12400497465353133 0.0006741854489789034
1.88 0.12399821607443533 0.0006770310443675598
1.89 0.12399143403264398 0.0006793842078982593
1.9 0.12398462839027737 0.000681751196342617
1.91 0.12397779900871712 0.0006846386932544135
1.92 0.12397093561641227 0.00068760762118103
1.93 0.12396404685629352 0.0006900958290128045
1.94 0.12395713369983202 0.0006925426044919192
1.95 0.12395019600420368 0.0006954361488746841
1.96 0.12394322497685453 0.0006985022345507019
1.97 0.12393622595951266 0.0007011622679424789
1.98 0.12392920173149567 0.0007036906886588312
1.99 0.12392215214573948 0.0007065841372391191
2.0 0.1239150700487509 0.0007097492005714301
2.01 0.12390795716172806 0.0007125908864242803
2.02 0.12390081823102239 0.0007152028196086846
2.03 0.12389365310533589 0.0007180890262716844
2.04 0.12388645645049697 0.0007213549006896969
2.05 0.12387922600732208 0.00072438908750172
2.06 0.12387196866874695 0.0007270864019321976
2.07 0.12386468427928343 0.0007299572391943343
2.08 0.12385736952396306 0.000733325775099658
2.09 0.12385001776378143 0.0007365643064947136
2.1 0.12384263823783317 0.0007393488622478017
2.11 0.12383523078653648 0.0007421952656878616
2.12 0.12382779433251942 0.0007456683246074292
2.13 0.12382031742004432 0.0007491239766563851
2.14 0.1238128118529863 0.0007519976292096331
2.15 0.12380527746746013 0.0007548877012659716
2.16 0.12379771409896098 0.000758389082307076
2.17 0.12379010968581398 0.0007619975080688235
2.18 0.12378247414879959 0.0007650402155192637
2.19 0.1237748088815036 0.0007680216589402988
2.2 0.12376711371562077 0.0007714946399808298
2.21 0.123759378988704 0.000775211877044768
2.22 0.12375160947807988 0.0007784840677089733
2.23 0.12374380930734982 0.0007815586721582335
2.24 0.12373597830463672 0.0007849917482580793
2.25 0.12372810947238466 0.0007888197200678349
2.26 0.12372020191023538 0.0007923365941753246
2.27 0.12371226274050115 0.000795506148378422
2.28 0.1237042917872678 0.0007988872254989232
2.29 0.12369628499599115 0.0008028278719720561
2.3 0.12368823522982834 0.0008066052969821769
2.31 0.12368015289005152 0.000809871609629198
2.32 0.12367203779763575 0.0008131879653809904
2.33 0.12366388913074391 0.0008172432673188013
2.34 0.12365569293228938 0.0008212976630250779
2.35 0.12364746317748343 0.0008246624191210472
2.36 0.12363919968390695 0.0008280454341909049
2.37 0.12363090226879961 0.0008320730405610988
2.38 0.12362255822309573 0.0008362767839908969
2.39 0.1236141767331198 0.0008398861282126191
2.4 0.12360576050053149 0.000843369643200198
2.41 0.12359730934025578 0.0008473244734652496
2.42 0.12358881401106218 0.0008516474854776135
2.43 0.12358027639054622 0.0008555501991329706
2.44 0.12357170300707952 0.0008591359095024842
2.45 0.12356309367235617 0.0008630050705340508
2.46 0.12355444290566883 0.000867449491913419
2.47 0.1235457446825179 0.0008716623191009631
2.48 0.12353700965928682 0.0008753518542894412
2.49 0.12352823764543211 0.0008791226094757576
2.5 0.12351942720709731 0.0008836906261500133
2.51 0.1235105638329091 0.0008882301453496666
2.52 0.12350166260419031 0.0008920252350934632
2.53 0.12349272332820724 0.0008958395732667768
2.54 0.12348374581272499 0.0009003790673487444
2.55 0.12347471574686025 0.0009051072365497959
2.56 0.12346564366799401 0.00090916391493856
2.57 0.12345653246856148 0.0009130856857817449
2.58 0.12344738195427837 0.0009175234009184408
2.59 0.12343818200054309 0.0009223804730966734
2.6 0.12342893434481644 0.0009267760904068112
2.61 0.12341964647873493 0.0009308069560898247
2.62 0.12341031820569466 0.0009351326534314808
2.63 0.12340094382566631 0.0009401212168214101
2.64 0.12339151578135824 0.0009448702907359774
2.65 0.1233820464198516 0.0009490119501194272
2.66 0.12337253554235585 0.0009532164624506123
2.67 0.12336298209060258 0.000958339252367324
2.68 0.1233533687573085 0.0009634554467252698
2.69 0.12334371298166807 0.0009677096984335165
2.7 0.12333401456333982 0.0009719839157718013
2.71 0.12332427330335265 0.0009770450985433499
2.72 0.12331447366136895 0.0009823422976538154
2.73 0.12330462645739958 0.0009869098044275049
2.74 0.1232947354652804 0.0009912986574533988
2.75 0.1232848004842505 0.0009962501512195132
2.76 0.12327481046225602 0.0010016885466370695
2.77 0.12326476671331776 0.0010066225896112613
2.78 0.1232546780104638 0.0010111281006874862
2.79 0.12324454415130401 0.0010159668431102276
2.8 0.1232343586736016 0.0010215499881853773
2.81 0.1232241131515403 0.001026859293294713
2.82 0.1232138214877357 0.0010314836636311497
2.83 0.12320348347826768 0.0010362088308699668
2.84 0.1231930973111183 0.0010419406461048553
2.85 0.12318264466534558 0.0010476322645258662
2.86 0.12317214466582778 0.0010523779174711478
2.87 0.12316159710699616 0.0010571439856548182
2.88 0.12315100178611468 0.0010628760675608362
2.89 0.12314033958564495 0.0010688024370626437
2.9 0.12312962573737343 0.0010738248301587205
2.91 0.12311886308904177 0.0010787150537954204
2.92 0.12310805143629754 0.001084373590877874
2.93 0.1230971756172242 0.0010904591909666195
2.94 0.12308624225247819 0.001095840042950158
2.95 0.1230752588163652 0.0011008574883097921
2.96 0.12306422510271199 0.001106452666610025
2.97 0.12305312976303301 0.001112703146977978
2.98 0.12304197103977242 0.001118441193752595
2.99 0.12303076093915798 0.0011235893420753484
3.0 0.1230194992529309 0.001129135216523025
3.01 0.12300817823482751 0.0011355569728079828
3.02 0.12299678811347474 0.0011416482813482176
3.03 0.12298534526920055 0.0011469311142233707
3.04 0.12297384949119028 0.0011524460640526257
3.05 0.12296229634791948 0.0011590463553758923
3.06 0.12295066856408275 0.001165484076776302
3.07 0.12293898666638396 0.0011709061712021906
3.08 0.12292725044065869 0.0011764134129217396
3.09 0.12291545839812552 0.0011832005059391193
3.1 0.12290358643053989 0.0011899746039727432
3.11 0.12289165890604607 0.0011955412268411791
3.12 0.12287967560600306 0.0012011295996954274
3.13 0.12286763631405216 0.0012080527296891574
3.14 0.12285551455140928 0.0012150894641544951
3.15 0.12284333452476906 0.00122086688441847
3.16 0.12283109721372092 0.0012266063367878388
3.17 0.1228188023980333 0.0012336410805895426
3.18 0.12280642439210912 0.0012408878368281862
3.19 0.12279398464129675 0.0012469182576166915
3.2 0.1227814860269568 0.0012528158453370963
3.21 0.12276892832439 0.0012600091092167531
3.22 0.12275628584477245 0.0012674787098738705
3.23 0.12274357875019253 0.0012737356189882476
3.24 0.12273081113239269 0.0012797994412672153
3.25 0.12271798276136718 0.0012872067001126197
3.26 0.12270506699839044 0.0012949138340765387
3.27 0.12269208448468565 0.00130136512482526
3.28 0.12267903969589393 0.0013076044762891925
3.29 0.12266593239515987 0.0013152910018394692
3.3 0.12265273387585714 0.0013232524610344853
3.31 0.12263946734593918 0.001329859597705152
3.32 0.12262613668390303 0.0013362850793408043
3.33 0.12261274164435237 0.001344327419307234
3.34 0.12259925013551688 0.0013525623815615617
3.35 0.12258569039672114 0.0013592793263210723
3.36 0.12257206454899046 0.0013659396613485697
3.37 0.12255837160349417 0.0013743906735683709
3.38 0.12254457673551909 0.0013828842844310074
3.39 0.12253071391780554 0.0013896928337837622
3.4 0.12251678287884342 0.0013968012450931155
3.41 0.12250277789290366 0.0014055658844069896
3.42 0.12248867156115528 0.0014141432525418551
3.43 0.12247449502785282 0.0014211775566677076
3.44 0.12246024801002191 0.0014288441524019646
3.45 0.12244591814480478 0.0014379496079515164
3.46 0.12243148901786287 0.0014465437102595402
3.47 0.12241698727059959 0.001453820385697746
3.48 0.1224024126101489 0.0014621739264724098
3.49 0.12238774379207014 0.001471650742057129
3.5 0.12237297959530777 0.0014801807495441466
3.51 0.12235814017707926 0.0014877178796650625
3.52 0.12234322523771447 0.0014969089196474883
3.53 0.12232820199868631 0.0015067911226678277
3.54 0.1223130894152611 0.001515159202550187
3.55 0.1222978988146353 0.0015229760873323173
3.56 0.12228262989351446 0.0015331806115748137
3.57 0.12226723520240379 0.0015435056393231505
3.58 0.122251759780728 0.0015515929984122323
3.59 0.12223620334243554 0.0015604537379285688
3.6 0.12222055070596942 0.0015711333115620008
3.61 0.1222047806762043 0.001581197168052384
3.62 0.12218892676260837 0.0015896038805651713
3.63 0.12217298859859299 0.0015997159545584339
3.64 0.1221569324435172 0.0016109059976932016
3.65 0.12214077047863914 0.0016205903585673198
3.66 0.12212452063634587 0.001629418631522661
3.67 0.1221081821060087 0.001640870734017419
3.68 0.12209170322166552 0.0016526094434112792
3.69 0.12207512991714047 0.001661958733647495
3.7 0.12205846404699258 0.0016718807270175162
3.71 0.1220416923026001 0.0016840483813780338
3.72 0.12202478307936503 0.0016957577275880098
3.73 0.12200777714804835 0.001705473886373099
3.74 0.12199067360163757 0.001716616152529049
3.75 0.12197344482499778 0.001729408996347992
3.76 0.12195608542171062 0.0017410430219442219
3.77 0.12193862396455887 0.0017512968487745084
3.78 0.12192105948473514 0.0017636499569517738
3.79 0.12190335096541982 0.001777111575231416
3.8 0.1218855172532305 0.0017887583635030069
3.81 0.12186757579814977 0.0017995840875428826
3.82 0.12184952557147964 0.0018131358140420772
3.83 0.12183131308186894 0.0018273072732251094
3.84 0.12181297942601514 0.001839053645902311
3.85 0.12179453200895089 0.0018505007877260837
3.86 0.12177596941026061 0.0018652151506648451
3.87 0.1217572277059376 0.0018801157473244956
3.88 0.12173836709531413 0.0018920637454735711
3.89 0.12171938643102811 0.0019045277242248915
3.9 0.12170027654082965 0.0019200112476172038
3.91 0.12168098620607576 0.001935303000928812
3.92 0.12166157048081108 0.0019479009400917846
3.93 0.12164202818727395 0.001961345633461953
3.94 0.12162234356814183 0.0019776228382752947
3.95 0.12160247573050845 0.0019933856780403048
3.96 0.12158247585458104 0.0020066490882575394
3.97 0.1215623427487433 0.0020210317189484073
3.98 0.12154205522020207 0.0020381180023028023
3.99 0.12152158038869725 0.0020544216203255417
4.0 0.12150096678779558 0.0020683574643260982
4.01 0.12148021323941072 0.002083629369691309
4.02 0.12145929420040176 0.0021015299828421874
4.03 0.12143818263975384 0.002118429887454809
4.04 0.12141692560265266 0.0021330350522434927
4.05 0.12139552193870898 0.0021491447651325046
4.06 0.12137394270735002 0.0021678540151590653
4.07 0.12135216485840576 0.002185388260124377
4.08 0.12133023494214756 0.00220065020521254
4.09 0.12130815185430151 0.002217545491371098
4.1 0.12128588403232014 0.0022370230533175217
4.11 0.12126341139323514 0.0022551929328162856
4.12 0.12124078017366384 0.0022712134473135137
4.13 0.12121798712428887 0.0022885021962819607
4.14 0.1211950101297382 0.002308658587248047
4.15 0.1211718139525439 0.0023280546700208404
4.16 0.1211484490363378 0.002345075329821533
4.17 0.12112491244594746 0.002362394505039056
4.18 0.12110120114623703 0.002382226392942499
4.19 0.1210772679180886 0.0024031231439369805
4.2 0.12105313868335832 0.0024219575296351437
4.21 0.12102882876749589 0.0024401635306219305
4.22 0.12100433541274588 0.0024586532083787915
4.23 0.1209796557033283 0.002478795168449288
4.24 0.12095475950937692 0.002500294398030789
4.25 0.12092964981536769 0.0025205468858526814
4.26 0.12090434857165988 0.0025398310598205853
4.27 0.12087885319417127 0.0025593627745097436
4.28 0.12085316131616967 0.002579118662304758
4.29 0.1208272708209252 0.00259954535700313
4.3 0.12080117040902962 0.0026216307859776578
4.31 0.12077483820520565 0.00264335893689438
4.32 0.1207483032302917 0.0026637312165851412
4.33 0.12072156358087396 0.0026842897468020155
4.34 0.12069461743535566 0.002705008160779343
4.35 0.12066746341765837 0.002725878549147076
4.36 0.12064009986437269 0.0027468949607767357
4.37 0.12061252551844284 0.00276820186968596
4.38 0.12058473582697897 0.002790910752549891
4.39 0.12055670730339185 0.002813530089628813
4.4 0.12052846522518637 0.0028349342251283716
4.41 0.1205000086188893 0.0028564530363102136
4.42 0.12047133616446018 0.0028780959563228237
4.43 0.12044244669976287 0.0028998495334953134
4.44 0.12041333917379027 0.002921703298850886
4.45 0.12038401263378587 0.0029436479662408033
4.46 0.12035446621446545 0.0029656752493583127
4.47 0.12032469912879871 0.0029877773169681987
4.48 0.12029471066812607 0.0030099505296785622
4.49 0.12026450011820516 0.003032204565048602
4.5 0.1202340665768251 0.003055236278720841
4.51 0.12020339539263074 0.003078260535812838
4.52 0.12017250136610884 0.0031005710441887047
4.53 0.12014138397174695 0.0031229311319043163
4.54 0.12011004274347076 0.0031453350231309685
4.55 0.12007847727128433 0.0031677772419049788
4.56 0.12004668719863267 0.003190252536488636
4.57 0.12001467222055455 0.00321275580953273
4.58 0.11998243208244201 0.0032352820671111004
4.59 0.11994996657921232 0.0032578263604348123
4.6 0.11991727555523331 0.003280383732213288
4.61 0.11988435890456804 0.0033029491795497634
4.62 0.11985121657164234 0.003325517612265294
4.63 0.11981784855232273 0.0033480838221251474
4.64 0.11978425489519984 0.003370642461992368
4.65 0.11975043570308287 0.0033931880248898594
4.66 0.11971639113470206 0.0034157148313660457
4.67 0.11968212140645557 0.003438217025362178
4.68 0.11964762679419481 0.0034606883482242168
4.69 0.11961290763949108 0.0034831208746277653
4.7 0.11957796437670228 0.0035055137350097354
4.71 0.11954279736479088 0.003527865485995818
4.72 0.11950740706698236 0.0035501664885408957
4.73 0.11947179403502006 0.003572409159885659
4.74 0.11943595888378467 0.003594587035239627
4.75 0.11939990229431528 0.003616694132311693
4.76 0.11936362500113844 0.0036387250778204816
4.77 0.11932712779275886 0.0036606730781683083
4.78 0.11929041153957506 0.003682530694849362
4.79 0.11925347717886188 0.0037042912015730067
4.8 0.11921632571554361 0.0037259476981388318
4.81 0.1191789582248991 0.0037474929067053964
4.82 0.11914137585740948 0.0037689185768661204
4.83 0.11910357985336177 0.0037902187716474245
4.84 0.11906557148197655 0.003811414428835924
4.85 0.11902735156478506 0.003832506536583402
4.86 0.11898892135124486 0.0038534661662019687
4.87 0.11895028224146104 0.0038744381554964846
4.88 0.11891143258813494 0.003895417409236046
4.89 0.1188723738932763 0.003916128893018289
4.9 0.11883311001027455 0.003936577347073644
4.91 0.11879364234633484 0.003956868224699761
4.92 0.11875397264578057 0.003976980550420173
4.93 0.11871410273532644 0.0039969307038729696
4.94 0.1186740340317031 0.004016730387751188
4.95 0.11863376812757143 0.0040363671143568425
4.96 0.11859330668941596 0.004055834880452025
4.97 0.1185526514299624 0.004075122900570882
4.98 0.11851180423140452 0.004094205716562271
4.99 0.11847076731563115 0.0041130928971382374
5.0 0.11842954237346176 0.004131809437015299
5.01 0.11838813112689084 0.0041503367959006
5.02 0.11834653563754374 0.004168654199304456
5.03 0.11830475804290475 0.004187514943077453
5.04 0.11826278533868222 0.004206747435578251
5.05 0.11822062309419318 0.004225095679363022
5.06 0.11817828342509495 0.00424270811120131
5.07 0.11813576893196913 0.004260110563890862
5.08 0.11809308121381713 0.004277348024066541
5.09 0.1180502219714878 0.004294414120563417
5.1 0.11800719293140588 0.004311310932531676
5.11 0.11796399575283714 0.0043292206142488965
5.12 0.11792060851912092 0.004347347931092038
5.13 0.1178770487942153 0.004364123938993103
5.14 0.11783332604034107 0.004380339923852006
5.15 0.11778944199573825 0.004396380939938993
5.16 0.1177453984215423 0.00441224762950565
5.17 0.11770119704314813 0.004427942247043681
5.18 0.11765683957660143 0.00444480546417747
5.19 0.11761230093386456 0.004461814400417374
5.2 0.1175676032885931 0.004477306349165211
5.21 0.11752275480688125 0.004492301644365426
5.22 0.11747775725570578 0.004507123028666626
5.23 0.11743261234630789 0.0045217735183760155
5.24 0.11738732178533827 0.0045370281586798455
5.25 0.1173418717831343 0.004553068206955224
5.26 0.11729626042119916 0.004568157713258358
5.27 0.11725050862886913 0.004582115939259168
5.28 0.11720461810241393 0.004595905134095801
5.29 0.11715859052618721 0.004609529055761286
5.3 0.1171124275212987 0.004623982951184047
5.31 0.11706611086716354 0.0046390765851365146
5.32 0.11701964598959594 0.004653012885513341
5.33 0.11697305060945327 0.00466598481728564
5.34 0.11692632629325024 0.004678801207252725
5.35 0.11687947458530823 0.0046915337413233615
5.36 0.11683249561842374 0.004705900841378785
5.37 0.11678535656848067 0.004720058007325889
5.38 0.11673809445827722 0.004732311766687758
5.39 0.11669071033314692 0.0047444626550321445
5.4 0.11664320520517657 0.0047565134649518725
5.41 0.11659558006384789 0.004769598448107537
5.42 0.11654781323621442 0.004783166198713218
5.43 0.11649991673987362 0.004795478088539973
5.44 0.11645190367444361 0.004807094164833714
5.45 0.11640377485657695 0.004818629950791298
5.46 0.11635553107542779 0.004830556674874309
5.47 0.11630716372307946 0.004843610216948235
5.48 0.1162586588710888 0.004856105707108149
5.49 0.11621004160893732 0.004867318242149921
5.5 0.11616131250624581 0.004878475438055752
5.51 0.11611247210017621 0.004889580563137486
5.52 0.11606352089498306 0.004902159433701314
5.53 0.11601442891150217 0.004914808528238446
5.54 0.11596522472441831 0.0049258902048965325
5.55 0.11591591110740423 0.004936820066385295
5.56 0.11586648832309061 0.004947725365151534
5.57 0.11581695660010118 0.004959600940312114
5.58 0.1157672963042844 0.004972115694779511
5.59 0.1157175142862056 0.004983633736624249
5.6 0.11566762362955191 0.004994498059430086
5.61 0.11561762432501696 0.0050053650566210806
5.62 0.1155675163284195 0.005016767118231513
5.63 0.11551728898265233 0.005029333601291874
5.64 0.11546692965639367 0.005041406575476692
5.65 0.11541646085114278 0.005052369044780569
5.66 0.11536588227549807 0.00506336236481264
5.67 0.11531519360384652 0.005074510286548595
5.68 0.1152643920697671 0.005087315446517415
5.69 0.11521344729491616 0.0051000751640097874
5.7 0.11516239056648693 0.005111298374663065
5.71 0.11511122132742291 0.005122578964512847
5.72 0.11505993898719667 0.005133920697823591
5.73 0.11500854291346642 0.00514690863232925
5.74 0.1149570008145501 0.005160250421484491
5.75 0.11490533790503672 0.005172132194347867
5.76 0.11485355817066314 0.005183857121527247
5.77 0.11480166076260619 0.005195668392125263
5.78 0.11474964480282063 0.0052089361649452215
5.79 0.1146974820393073 0.005222914909433385
5.8 0.11464518650463197 0.0052356840515761505
5.81 0.11459276835827578 0.005247999193529473
5.82 0.11454022652076136 0.005260424048874057
5.83 0.1144875598772983 0.005274180166384923
5.84 0.11443474291743368 0.005288958752778683
5.85 0.11438178070224272 0.005302709051714594
5.86 0.11432868873639937 0.005315748615715599
5.87 0.11427546572992842 0.005328918272501149
5.88 0.11422211037094936 0.005343352649626709
5.89 0.11416859867693589 0.005359074849068612
5.9 0.11411492887396796 0.005373882628408211
5.91 0.11406112102436775 0.005387760114885509
5.92 0.11400717367167024 0.005401784116965125
5.93 0.11395308534202844 0.005417068690356963
5.94 0.11389883229786307 0.00543385237010785
5.95 0.1138444082946263 0.005449763280839903
5.96 0.11378983703224628 0.005464568581721174
5.97 0.11373511692299189 0.005479533305210893
5.98 0.11368024636614205 0.005495807063660152
5.99 0.11362520078171871 0.005513735425316746
6.0 0.1135699716576357 0.005530767531729985
6.01 0.11351458543108411 0.0055465609074314415
6.02 0.11345904043948708 0.005562520990734399
6.03 0.1134033350112694 0.0055798777971620694
6.04 0.11334744288354384 0.005598994482721054
6.05 0.11329135512161498 0.005617138188733328
6.06 0.11323510011976917 0.005633946697201964
6.07 0.11317867618767093 0.005650924571803273
6.08 0.11312208162833312 0.0056694020430523295
6.09 0.11306528814680988 0.005689708516215752
6.1 0.11300828745800881 0.005708937080282084
6.11 0.11295110940520423 0.0057267576310735535
6.12 0.11289375230538735 0.005744746998391115
6.13 0.11283621446523641 0.00576431036958347
6.14 0.11277846609799569 0.005785770162728632
6.15 0.11272049906198181 0.005806066125575882
6.16 0.11266234477548419 0.005824874067493546
6.17 0.11260400158063195 0.005843848283738851
6.18 0.11254546780980941 0.005864374113176751
6.19 0.1124867140983684 0.005886924122289194
6.2 0.11242772932736364 0.005908313401968179
6.21 0.11236854783032904 0.005928072150569008
6.22 0.11230916788435226 0.005948012817828641
6.23 0.11224958757397246 0.005969231814842324
6.24 0.11218978324805541 0.005992778267532195
6.25 0.11212973200862184 0.006015445764915306
6.26 0.11206947433275712 0.006036176980400043
6.27 0.11200900846901383 0.006057075308766535
6.28 0.11194833282658176 0.006078409927878781
6.29 0.11188744027045626 0.006102865192295859
6.3 0.11182627552273584 0.006127261491025493
6.31 0.11176489504063575 0.006148933247148491
6.32 0.11170329685779286 0.006170792515859169
6.33 0.11164147919031857 0.006192840962881974
6.34 0.11157944003853523 0.0062167725834871845
6.35 0.11151714373864882 0.006242234541560698
6.36 0.11145459534770401 0.00626618154492764
6.37 0.1113918201077503 0.006288949681556133
6.38 0.1113288163540729 0.0063118978509679735
6.39 0.11126558215073093 0.0063350285055721045
6.4 0.11120211578396143 0.006360447316136053
6.41 0.11113837320440823 0.0063868392214949665
6.42 0.11107437899953153 0.006411278184857316
6.43 0.11101014764071107 0.0064350709669485084
6.44 0.11094567758019254 0.006459016165999643
6.45 0.11088096731739108 0.006483116671167188
6.46 0.1108160152467692 0.00650896084619923
6.47 0.11075078810046711 0.006536163774170767
6.48 0.11068529197128577 0.006561869941570819
6.49 0.1106195507016357 0.006586449399602401
6.5 0.11055356298329372 0.006611164900681921
6.51 0.11048732740362208 0.006636013532872909
6.52 0.11042084271263626 0.006660983291914668
6.53 0.11035410773778377 0.006688468966181915
6.54 0.11028707333331264 0.006715898625615502
6.55 0.11021978976527146 0.006740814211061874
6.56 0.11015225704909141 0.006765708898124778
6.57 0.11008447558730892 0.006790540675927659
6.58 0.11001644623557287 0.006815260623072028
6.59 0.10994817037484748 0.006839812335324602
6.6 0.10987964998886637 0.0068642248324763955
6.61 0.10981088587819793 0.006889758623138675
6.62 0.10974185481640361 0.006914612941748111
6.63 0.10967259361936298 0.00693735894870251
6.64 0.10960310763742956 0.006959526621143297
6.65 0.1095334030869401 0.006981029030848518
6.66 0.10946348705681261 0.007001779980130074
6.67 0.1093933674873375 0.0070216970320835514
6.68 0.10932305311617094 0.007040704820048482
6.69 0.10925255339093651 0.0070587393525185504
6.7 0.10918187832912057 0.007075752161661342
6.71 0.10911103834770328 0.007091711305326598
6.72 0.10904004410301404 0.007106604216589929
6.73 0.10896890626337147 0.0071204409149556724
6.74 0.10889763528471495 0.0071332538089246
6.75 0.10882624118719299 0.007145097891002372
6.76 0.1087547333268949 0.007156045954848977
6.77 0.108683120268096 0.0071661849176232195
6.78 0.1086114096285424 0.007175614677954911
6.79 0.1085396079745369 0.0071844443567608
6.8 0.10846772074140719 0.007192785745959718
6.81 0.10839575225961771 0.007200748437846016
6.82 0.10832370577265024 0.007208439484827522
6.83 0.10825158346992117 0.007215961604153165
6.84 0.10817938654056718 0.007223408223837602
6.85 0.10810711530544442 0.007230862669363347
6.86 0.1080347692871799 0.007238401796662686
6.87 0.10796234726951118 0.007246093004948051
6.88 0.10788984742708094 0.007253993286097327
6.89 0.10781726740378923 0.007262154196233439
6.9 0.10774460434315625 0.007270621182191128
6.91 0.10767185498014542 0.007279431880474974
6.92 0.10759901570554675 0.0072886210268308105
6.93 0.10752608255960881 0.007298228923001027
6.94 0.10745305112708672 0.007308772154123844
6.95 0.10737990711652635 0.00731982783479701
6.96 0.10730665457039079 0.007330932715072791
6.97 0.10723328846222491 0.00734255220476232
6.98 0.10715980352629553 0.0073547050234195055
6.99 0.10708619436175652 0.00736740623541543
7.0 0.10701245540158723 0.0073806722699334415
7.01 0.10693858091635786 0.007394821168665189
7.02 0.10686455897821392 0.0074101233024990165
7.03 0.10679037845030785 0.0074257787882583415
7.04 0.10671604340244878 0.007441530650087458
7.05 0.1066415478373061 0.007457881357902707
7.06 0.10656688577529072 0.007474827659190275
7.07 0.10649205128412227 0.007492367705877356
7.08 0.10641703842117319 0.007511265230891517
7.09 0.10634182597950445 0.007531146129790223
7.1 0.10626641549857738 0.007550902666733528
7.11 0.10619080792616976 0.007570897212865191
7.12 0.10611499755432009 0.007591462673051552
7.13 0.10603897867270873 0.0076125978554406615
7.14 0.10596274559721129 0.007634333883779654
7.15 0.1058862919950331 0.007657896090464078
7.16 0.10580958767540202 0.007682031386017307
7.17 0.10573265136731276 0.00770550886920951
7.18 0.10565547749801785 0.007729545345552147
7.19 0.1055780604604017 0.007754141558153016
7.2 0.1055003946668548 0.007779296369382571
7.21 0.10542247453301405 0.007805008409802028
7.22 0.10534429449865877 0.007832086288644291
7.23 0.10526583280724117 0.007860238623294435
7.24 0.10518708972619291 0.007888147074759821
7.25 0.10510806986574596 0.007916095075969132
7.26 0.10502876782467353 0.007944581864487432
7.27 0.10494917822845622 0.007973601835644217
7.28 0.10486929578796064 0.008003146621772927
7.29 0.10478911529602078 0.008033207043402157
7.3 0.1047086316470926 0.008063771480767201
7.31 0.10462783986640545 0.008094825164914887
7.32 0.10454673514379428 0.008126349336905037
7.33 0.10446531287966736 0.008158937434941116
7.34 0.10438355639509547 0.008192078986873241
7.35 0.1043014712999299 0.008224913616856178
7.36 0.10421905812275833 0.008257877121378598
7.37 0.10413631375750233 0.008291128729149833
7.38 0.10405323554817533 0.008324621109226271
7.39 0.10396982133531782 0.008358302550962371
7.4 0.10388606949715606 0.008392117499122165
7.41 0.10380197898533539 0.008426007591744167
7.42 0.10371754934532118 0.008459915605691926
7.43 0.10363278067322156 0.008493781673732492
7.44 0.10354767371184652 0.008527543286283468
7.45 0.10346222980749588 0.008561141420922347
7.46 0.10337645088342806 0.008594519902029418
7.47 0.10329033940945528 0.008627626017424284
7.48 0.10320389836307957 0.008660795173342173
7.49 0.10311712350598846 0.008694471729350006
7.5 0.10303000892849258 0.008727532481619171
7.51 0.1029425728563561 0.008759451359117598
7.52 0.10285481990131022 0.008790896891883726
7.53 0.10276675491851839 0.008821920245742021
7.54 0.1026783814963954 0.008852567281174117
7.55 0.10258970357289492 0.008882815854793336
7.56 0.10250072517929952 0.008912659784859223
7.57 0.10241145037719772 0.008942119106719382
7.58 0.10232188279716514 0.008971214664994065
7.59 0.10223202608389784 0.008999987149014288
7.6 0.10214188305418487 0.009029285937488751
7.61 0.10205144036514806 0.009059120960077216
7.62 0.10196070063498335 0.009087891583877905
7.63 0.10186968253347051 0.009115635283953871
7.64 0.10177838792930427 0.009143217600869669
7.65 0.1016868181814531 0.009170709819962042
7.66 0.10159497373290503 0.009198141903795864
7.67 0.10150285534337719 0.009225548505976455
7.68 0.10141046276278551 0.009252994398790904
7.69 0.10131779545540136 0.009280506874587147
7.7 0.10122485262529377 0.009308115385083582
7.71 0.1011316331476997 0.009336707749420192
7.72 0.10103811847030536 0.009366202032713211
7.73 0.10094430910704544 0.009395136790224967
7.74 0.10085021573450086 0.009423694542681993
7.75 0.1007558352161918 0.009452583556108785
7.76 0.10066116406337867 0.009481831901856808
7.77 0.10056619857815467 0.00951146322587082
7.78 0.10047093479886123 0.009541501852134537
7.79 0.10037536854111198 0.009571980487883103
7.8 0.10027949518910358 0.009602896918561754
7.81 0.10018331060274074 0.009634257907553234
7.82 0.1000868100309525 0.009666803661510848
7.83 0.09998997452951054 0.009701001260262743
7.84 0.09989279000574726 0.009735011751080158
7.85 0.09979527429448894 0.00976834917398861
7.86 0.09969742302226746 0.009802103067650947
7.87 0.09959923223313594 0.009836261424774229
7.88 0.09950069779377198 0.009870847273029781
7.89 0.09940181528767535 0.009905833653645502
7.9 0.09930258112069903 0.009941170191282822
7.91 0.0992029918838497 0.009976804996759014
7.92 0.09910304502076386 0.010013142551126286
7.93 0.09900272903282717 0.010051835750594762
7.94 0.09890200830575197 0.010090326382792725
7.95 0.0988009225051713 0.01012700453877624
7.96 0.09869946821497645 0.010164046052706155
7.97 0.09859764158411718 0.010201406998540108
7.98 0.09849544007500563 0.010238978864400394
7.99 0.0983928620068292 0.010276653085711018
8.0 0.09828990701329142 0.010314367565531057
8.01 0.09818657465551858 0.010352104759676628
8.02 0.09808286491809788 0.010389785097086879
8.03 0.09797877895357686 0.010427313623364576
8.04 0.09787431864563059 0.010464627361002066
8.05 0.09776948640635681 0.010501683432698528
8.06 0.09766428497697659 0.010538448916837417
8.07 0.09755871742802008 0.010574863230965903
8.08 0.09745278771235727 0.01061088959419454
8.09 0.09734649963613619 0.010646583935168152
8.1 0.09723985603365391 0.010681926853917112
8.11 0.09713286109905785 0.010716824441093564
8.12 0.09702551954483205 0.010751254320873649
8.13 0.09691783601264035 0.010785221515950738
8.14 0.09680981511451302 0.01081869816597969
8.15 0.09670146204932077 0.010851656167655932
8.16 0.0965927819911599 0.01088411198774697
8.17 0.09648377980956584 0.010916047898552605
8.18 0.09637446103318885 0.010947451619980342
8.19 0.09626483077716624 0.010978367266493372
8.2 0.096154893687859 0.011008774660860254
8.21 0.09604465528394902 0.01103864828647172
8.22 0.09593412072212955 0.011068008004152752
8.23 0.09582329512386596 0.011096880643517437
8.24 0.0957121831092592 0.011125284189622775
8.25 0.09560078944007351 0.01115320355820959
8.26 0.09548911903809501 0.011180718704367543
8.27 0.09537717506598617 0.011207937352816444
8.28 0.09526496029103869 0.011234869997204022
8.29 0.0951524776660421 0.01126154471637797
8.3 0.09503972939671111 0.011288085117585389
8.31 0.09492671596369039 0.011314613172433319
8.32 0.09481343713326246 0.011341180406382989
8.33 0.09469989235556274 0.011367836677816712
8.34 0.09458608039970612 0.011394696116540537
8.35 0.09447199843323194 0.011421874966005774
8.36 0.09435764290038602 0.011449419515547454
8.37 0.09424301004292099 0.011477374145450803
8.38 0.09412809541747698 0.011505840399447465
8.39 0.09401289323493203 0.011534883813937746
8.4 0.09389739774119824 0.011564510595595046
8.41 0.09378160302302013 0.01159477809450582
8.42 0.09366550217930812 0.01162574900719715
8.43 0.09354908804287619 0.011657432424022396
8.44 0.09343235353082768 0.01168982973267152
8.45 0.09331529144822277 0.011722943849111545
8.46 0.09319789465384544 0.01175680492519593
8.47 0.09308015534971885 0.011791406477048127
8.48 0.09296206652430448 0.011826689513835476
8.49 0.09284362155944215 0.01186259104013665
8.5 0.09272481470350175 0.01189905114902956
8.51 0.09260564053646156 0.01193603582873859
8.52 0.09248609398692699 0.011973452151440966
8.53 0.09236617149343275 0.012011160279718602
8.54 0.09224587078133262 0.012049039344658397
8.55 0.09212519070653956 0.0120869576856375
8.56 0.09200413162761985 0.012124805425431262
8.57 0.09188269459803095 0.012162496043233162
8.58 0.0917608817067552 0.012199902273914986
8.59 0.09163869655255265 0.01223698902503667
8.6 0.09151614192625447 0.012273648546007543
8.61 0.0913932235816325 0.012309653133305787
8.62 0.09126994886358836 0.012344842792118449
8.63 0.09114632672579014 0.012379035497678714
8.64 0.09102236815363478 0.012412065425115415
8.65 0.09089808541728783 0.012443780756623113
8.66 0.09077349253850232 0.012473994631603702
8.67 0.09064860552465577 0.01250256000999439
8.68 0.09052344133830242 0.012529344748430482
8.69 0.09039801862968716 0.012554225087910709
8.7 0.09027235683654422 0.012577146848579801
8.71 0.09014647569271556 0.012598059158505315
8.72 0.09002039565337411 0.01261695118302697
8.73 0.08989413666905503 0.01263387251532233
8.74 0.08976771820306766 0.012648890716288719
8.75 0.08964115885472926 0.012662102815108156
8.76 0.0895144761467655 0.01267377909506795
8.77 0.0893876832728279 0.012684056998546467
8.78 0.08926079500679458 0.012692633038082768
8.79 0.08913383061206626 0.012699619347302793
8.8 0.0890068026198485 0.012705423261709647
8.81 0.08887972214683204 0.012710177164708014
8.82 0.08875259907655433 0.012714010099217354
8.83 0.08862544194484771 0.012717054288307494
8.84 0.0884982579907882 0.012719528971628868
8.85 0.08837105136541513 0.012721436889828297
8.86 0.08824382925299164 0.012722836268830306
8.87 0.08811659464003853 0.012723992235647685
8.88 0.08798934940827867 0.01272499791204229
8.89 0.08786209468179768 0.012725930740051794
8.9 0.08773483079347764 0.012726839020824166
8.91 0.0876075579013812 0.012727753723280166
8.92 0.08748027571901204 0.012728650111776929
8.93 0.08735298489914567 0.012729446175216985
8.94 0.08722568679550771 0.012730047898468655
8.95 0.08709838394117629 0.012730362918516924
8.96 0.08697107953713736 0.012730283951042587
8.97 0.08684377826215542 0.012729673401436159
8.98 0.08671648606910864 0.012728437576326357
8.99 0.0865892095106289 0.01272647548903727
9.0 0.0864619565593279 0.012723602695718483
9.01 0.08633473745671452 0.012719613202342828
9.02 0.08620756429528105 0.012714346155286549
9.03 0.0860804505336088 0.012707675318491596
9.04 0.08595341078891122 0.012699496519537057
9.05 0.08582646060321804 0.012689742732020726
9.06 0.0856996159342708 0.012678394753955935
9.07 0.08557289270813892 0.012665477690961602
9.08 0.08544630638045159 0.012651054018298247
9.09 0.08531987162777295 0.012635212636787685
9.1 0.08519360212771585 0.012618059458015196
9.11 0.08506751043861266 0.012599710127697783
9.12 0.0849416079251619 0.012580201498524346
9.13 0.08481590640864214 0.012559595016105263
9.14 0.08469041602483976 0.012538193201345749
9.15 0.08456514254461524 0.012516120873674375
9.16 0.08444009360736626 0.012493309031793132
9.17 0.08431527636397938 0.012469798051030878
9.18 0.08419069764634567 0.012445611697847525
9.19 0.08406636413002243 0.0124207651003303
9.2 0.08394228234433906 0.0123952693815097
9.21 0.08381845874239222 0.012369107224712295
9.22 0.0836949001998448 0.01234225297174607
9.23 0.0835716136829573 0.012314705845190232
9.24 0.083448606082941 0.0122864774604734
9.25 0.08332588413374785 0.012257598399652458
9.26 0.08320345411494795 0.012228141586706265
9.27 0.08308132130201373 0.012198196591771904
9.28 0.08295949018311252 0.01216786315737206
9.29 0.08283796403886629 0.012137279729372175
9.3 0.08271674458852506 0.01210661535353097
9.31 0.08259583173179565 0.01207604825239983
9.32 0.08247522362347705 0.01204575763510718
9.33 0.08235491657909351 0.01201592863827905
9.34 0.08223490505071149 0.011986741251964972
9.35 0.0821151817540542 0.011958341091060198
9.36 0.08199573822889028 0.011930851836804202
9.37 0.08187656471731812 0.011904382918344503
9.38 0.08175765057052337 0.011879011409815732
9.39 0.08163898448912178 0.011854792244150758
9.4 0.08152055472564035 0.011831761670505259
9.41 0.08140234925571169 0.011809929955222565
9.42 0.08128435612653591 0.011789282461094786
9.43 0.08116656360648979 0.011769795014301643
9.44 0.08104896022624987 0.011751428396362229
9.45 0.08093153503856255 0.011734126828298663
9.46 0.08081427768968387 0.011717833894689278
9.47 0.08069717836066874 0.011702491795915648
9.48 0.08058022785376556 0.011688040199186567
9.49 0.08046341755668501 0.011674421836256776
9.5 0.08034673941704043 0.01166158209393231
9.51 0.08023018591480637 0.011649410757893719
9.52 0.08011375120188256 0.011637558762017886
9.53 0.07999743473956601 0.011626380957479032
9.54 0.07988122358273299 0.011616124542429773
9.55 0.0797651122487174 0.011606372823750544
9.56 0.07964909612625796 0.011597057196317984
9.57 0.07953317110479105 0.01158811629231904
9.58 0.07941733380041159 0.011579482597050106
9.59 0.07930158145285006 0.011571101421557373
9.6 0.07918591177198045 0.011562920643946928
9.61 0.07907032303997112 0.011554889555014825
9.62 0.07895481398088015 0.011546219220695875
9.63 0.0788393986555572 0.011537437903775594
9.64 0.07872406522280463 0.011529296514326326
9.65 0.07860881272527068 0.011521190805083403
9.66 0.07849364140670297 0.011513056039117231
9.67 0.07837855160448834 0.011504888612273945
9.68 0.07826354363445749 0.01149518000467431
9.69 0.07814864800439486 0.011485198308538891
9.7 0.07803383966828673 0.01147649847927168
9.71 0.07791911803480941 0.011467805337705084
9.72 0.0778044835615326 0.011458230948609316
9.73 0.07768995341583723 0.011447372885281304
9.74 0.07757553610382699 0.011437095056259672
9.75 0.07746121151471204 0.01142778158388369
9.76 0.07734698047214932 0.011418283071023883
9.77 0.07723284585329157 0.011406738443354048
9.78 0.07711884570328224 0.011395203696641598
9.79 0.07700494177935874 0.011385587582295909
9.8 0.07689113395163631 0.011375991456010315
9.81 0.07677742195023851 0.01136478772067262
9.82 0.07666383819722286 0.011353166164519202
9.83 0.07655035862694813 0.011343301689217267
9.84 0.07643697216343852 0.011334054863701759
9.85 0.0763236775296741 0.01132371000546728
9.86 0.07621049796332918 0.011312747071067886
9.87 0.07609742258825275 0.011303288661170363
9.88 0.07598443219010576 0.01129489354978519
9.89 0.07587152471725703 0.011285679684911454
9.9 0.07575871859640752 0.011275914480824767
9.91 0.07564600642764054 0.011267570242177172
9.92 0.07553336719156399 0.011260342837837278
9.93 0.0754207995708838 0.011252575178660074
9.94 0.07530831568799079 0.011244378652246478
9.95 0.07519591199783887 0.011237256315066446
9.96 0.07508357056168945 0.011231089450746357
9.97 0.07497129020882393 0.01122505951976871
9.98 0.07485906937129408 0.011218357099842091
9.99 0.07474692306682709 0.011211930695814498
10.0 0.0746348307573778 0.011206618230738208
10.01 0.07452279070221234 0.011201435796403647
10.02 0.07441080204144973 0.011196358413291474
10.03 0.0742988635339465 0.011190986399192138
10.04 0.07418698231346589 0.011185498313682096
10.05 0.07407515356767286 0.011180448418483202
10.06 0.07396337334509621 0.011175566376472545
10.07 0.07385164224014341 0.0111706574793633
10.08 0.07373996019550895 0.011165743262665284
10.09 0.07362832737489011 0.011160040635270096
10.1 0.07351675938280355 0.011154170292877463
10.11 0.07340524396903257 0.011149001417915194
10.12 0.07329377935444525 0.011143935058345988
10.13 0.07318236526786563 0.011138817913473709
10.14 0.07307100299617576 0.011132837642739979
10.15 0.07295970851501084 0.011127111593953742
10.16 0.07284846076429669 0.011122536319665421
10.17 0.07273725778861753 0.01111812675948487
10.18 0.072626098229107 0.011113260144160808
10.19 0.07251499258573432 0.011108590276589059
10.2 0.07240392642357522 0.011104639815914474
10.21 0.07229289978941603 0.011100593171414541
10.22 0.07218191456014691 0.011096334126584395
10.23 0.07207097310688435 0.011091815168392749
10.24 0.07196007825677907 0.011086982372598975
10.25 0.07184923345943237 0.011081681584526049
10.26 0.07173844462508855 0.011075783003422934
10.27 0.07162771779936392 0.011069424357492252
10.28 0.07151705613793871 0.011062647363134115
10.29 0.07140646485210124 0.011055399541030742
10.3 0.07129594814711808 0.011047685361762483
10.31 0.07118551114486597 0.011039491534496904
10.32 0.07107515831642815 0.011030891594706826
10.33 0.07096489331297184 0.011021961170621708
10.34 0.07085471909301572 0.011012762604489357
10.35 0.07074463806088206 0.01100334862737773
10.36 0.07063465212046817 0.010993772550267789
10.37 0.07052476260987671 0.010984077275888904
10.38 0.07041497057495037 0.010973700291991406
10.39 0.07030528860403687 0.010963159800495781
10.4 0.07019570737894046 0.010953132606124516
10.41 0.07008622595191438 0.010943144621427425
10.42 0.06997684448651191 0.010933148722389152
10.43 0.0698675629774666 0.010923157067299183
10.44 0.06975838134516593 0.010913174437355622
10.45 0.0696492994887195 0.01090320291841218
10.46 0.06954031728679767 0.010892615886715085
10.47 0.06943144717098518 0.010881648256988008
10.48 0.06932268432165792 0.010871282364554702
10.49 0.06921402152369409 0.010861277177819595
10.5 0.06910545877810152 0.010851274796042976
10.51 0.06899699602777323 0.010841281918371415
10.52 0.0688886331397341 0.010831306058904921
10.53 0.06878036990659514 0.010820197994513503
10.54 0.06867222917984384 0.01080903101180919
10.55 0.06856418928635895 0.010799014746635027
10.56 0.06845624888491113 0.010789094395019738
10.57 0.06834840739845856 0.010779236070769027
10.58 0.06824066416349575 0.010769287889631052
10.59 0.06813302164066594 0.010758153437180784
10.6 0.06802550109475214 0.010747210972912757
10.61 0.06791807742120769 0.010737565694900919
10.62 0.06781074978085412 0.01072799141101255
10.63 0.06770351759298743 0.01071847064920517
10.64 0.06759638036787 0.01070756635018899
10.65 0.06748936626598365 0.010696442544114948
10.66 0.0673824515169877 0.010686673431956173
10.67 0.06727563279734453 0.010677059665440858
10.68 0.06716891032367889 0.010667328221572348
10.69 0.06706228623291309 0.010655744662704247
10.7 0.0669557954304248 0.010644044922294427
10.71 0.06684940533446719 0.010633926143922778
10.72 0.06674311690754633 0.010623723536177021
10.73 0.06663693086374366 0.010612309538353681
10.74 0.06653087071677927 0.010599539567889948
10.75 0.06642494007238586 0.010587609045640267
10.76 0.06631911853586646 0.010576647827515107
10.77 0.06621340711583557 0.010564941580039733
10.78 0.06610781970426567 0.010550947871132088
10.79 0.06600238815841293 0.010537304942309866
10.8 0.06589707360541947 0.010525582303823278
10.81 0.06579187651233645 0.010513060541599728
10.82 0.06568681239458747 0.010497919377951526
10.83 0.06558191812477743 0.010483134359632551
10.84 0.06547714970739482 0.01047044162857258
10.85 0.06537250929220598 0.010457091080158687
10.86 0.06526800788579165 0.010440800737467892
10.87 0.06516369327745662 0.010424674202789141
10.88 0.06505951440173585 0.010411037823279568
10.89 0.06495547252099101 0.010397175157391025
10.9 0.06485157089858803 0.010379894224988195
10.91 0.06474787463649126 0.010362484774794734
10.92 0.06464432120309214 0.01034817475362404
10.93 0.06454091114141879 0.010333849350296465
10.94 0.06443764421608622 0.01031578375804898
10.95 0.0643345954662578 0.010297542193641984
10.96 0.06423169337221338 0.010282963678690749
10.97 0.06412893619268398 0.010267940191976521
10.98 0.06402633456837385 0.010249345729329118
10.99 0.0639239492780974 0.010231196282082244
11.0 0.0638217106427322 0.010216602765367622
11.01 0.06371961722279006 0.010200234428190402
11.02 0.06361770595416841 0.010181246659605403
11.03 0.06351599228959795 0.010164168224701786
11.04 0.06341442258967438 0.010149960967305915
11.05 0.06331299307025182 0.010130820797126905
11.06 0.06321180617373183 0.01011148686002361
11.07 0.06311076333305135 0.010097563604106075
11.08 0.06300985490164972 0.010079350451171365
11.09 0.06290917632402793 0.010059888296280572
11.1 0.0628086571357241 0.010045511854684719
11.11 0.06270826608693424 0.010027344303709995
11.12 0.0626081102496499 0.010007871226917153
11.13 0.06250810866239588 0.009994088515299815
11.14 0.06240822847934389 0.00997526130491444
11.15 0.0623086034362976 0.009956012151226545
11.16 0.06220910823631936 0.009942977234911776
11.17 0.062109743891599366 0.009923872062926886
11.18 0.06201063079506083 0.009904960607945767
11.19 0.06191164467944046 0.009892011824615299
11.2 0.06181279055856852 0.0098730874938604
11.21 0.06171418292956324 0.009853998860289703
11.22 0.06161571058136271 0.00984043060908979
11.23 0.06151737431738145 0.00982257790917096
11.24 0.0614192590231793 0.009803368942352897
11.25 0.061321306938534395 0.009788180020527282
11.26 0.06122349542276875 0.009771694797681363
11.27 0.06112587304258077 0.009752175139721153
11.28 0.06102845191997434 0.009734876701626316
11.29 0.06093117550854825 0.009719980662970418
11.3 0.06083405230671492 0.00970011645424007
11.31 0.06073717317946343 0.009680614655256825
11.32 0.060640440013609784 0.009666021303153638
11.33 0.06054385275340036 0.009647549779153941
11.34 0.06044748901802671 0.009627604867252337
11.35 0.06035130065605532 0.009611591673693631
11.36 0.06025525718455284 0.009595104366467044
11.37 0.06015939856872598 0.009575337653842553
11.38 0.06006375043147598 0.009557745361962411
11.39 0.05996824366148672 0.009543161075753925
11.4 0.0598728872099609 0.009523703480343926
11.41 0.059777769591879845 0.009504865897234538
11.42 0.05968278989201622 0.009491108701831674
11.43 0.059587947417843214 0.009472852211576122
11.44 0.05949333284778469 0.009453798744038622
11.45 0.05939887144296244 0.009439237214812657
11.46 0.059304548103488425 0.009422853899723194
11.47 0.05921041436496797 0.009404083108071504
11.48 0.059116466441326995 0.009387938014783881
11.49 0.05902265560467229 0.00937366626906977
11.5 0.0589289931159456 0.00935516167588002
11.51 0.0588355523711547 0.009337347584765343
11.52 0.0587422461642503 0.009323932527034007
11.53 0.058649073720614016 0.009307037879406455
11.54 0.05855610540666217 0.009288978691478711
11.55 0.05846329414678443 0.00927467402225135
11.56 0.058370611926217134 0.009259667696379204
11.57 0.058278100792856856 0.00924195514783488
11.58 0.05818577282326044 0.00922660860839386
11.59 0.05809356862068898 0.009213027137095597
11.6 0.05800151228051853 0.009195690886011132
11.61 0.05790965480296876 0.00917981349443453
11.62 0.05781791601062985 0.009167243980770845
11.63 0.05772630992335333 0.009150268626290092
11.64 0.05763491063810404 0.009134057389345251
11.65 0.05754362877556643 0.009122255467326479
11.66 0.05745246552875751 0.009105629167878604
11.67 0.05736151619220886 0.009088968186949486
11.68 0.05727068616501853 0.009077063605197111
11.69 0.05717997492010492 0.009061705172311196
11.7 0.05708945206157231 0.009045261111641167
11.71 0.05699906969787208 0.009032264566191106
11.72 0.05690880677024847 0.009018406721645
11.73 0.05681870156343918 0.009002105933917814
11.74 0.05672876465157012 0.00898771938308185
11.75 0.05663894717577755 0.008975570632985708
11.76 0.05654925323891041 0.008959370277779932
11.77 0.056459759770221954 0.008943355499010597
11.78 0.0563703861289302 0.008931310529702419
11.79 0.056281133559627904 0.008916913625253375
11.8 0.05619204785642513 0.008900753677519191
11.81 0.056103118486077505 0.008886786735448293
11.82 0.05601431212171617 0.008874470825954273
11.83 0.055925629069558426 0.008858257955071114
11.84 0.05583714696261475 0.00884192608551082
11.85 0.05574879054784822 0.008829389680605537
11.86 0.05566055916900264 0.008815341216732442
11.87 0.05557248372351357 0.008798761494417828
11.88 0.05548458393911426 0.00878359715579835
11.89 0.05539681178039759 0.00877074373363973
11.9 0.05530916906444147 0.008754824916755943
11.91 0.055221715282062475 0.00873776939455917
11.92 0.05513441367655029 0.0087234039255919
11.93 0.055047247203550635 0.008709797374934158
11.94 0.05496021772905161 0.008692378737000794
11.95 0.054873399628810625 0.008674623440616092
11.96 0.054786725260239276 0.008660263289089976
11.97 0.054700194363028816 0.008645703626175116
11.98 0.05461381118771578 0.008627317514756427
11.99 0.05452764801273369 0.0086087823126757
12.0 0.054441635541462266 0.008593587540309588
12.01 0.0543557762619275 0.008578142196551397
12.02 0.054270072697531244 0.008559056050708502
12.03 0.05418459514091333 0.008539423239130262
12.04 0.054099284232748644 0.008522916089342747
12.05 0.054014136819126465 0.008506432597185754
12.06 0.05392915558080492 0.008487141152261124
12.07 0.05384439399608125 0.008466407438605383
12.08 0.053759827432032815 0.008447911286225462
12.09 0.05367543577035674 0.008430305352255196
12.1 0.05359122132498771 0.00841134570864055
12.11 0.05350720885618394 0.008389491452985176
12.12 0.053423431495928014 0.008368401931566183
12.13 0.0533398408175526 0.008349664373341614
12.14 0.053256438208461175 0.008330743341024238
12.15 0.05317322595073212 0.008308636006570502
12.16 0.05309026548832977 0.008285386410546103
12.17 0.053007518222521206 0.008264842536955364
12.18 0.05292496863759067 0.00824496268361008
12.19 0.05284261896884901 0.00822416564734274
12.2 0.052760485324643815 0.008199986611516774
12.21 0.05267861923661867 0.008176289343612364
12.22 0.052596959537771555 0.008155633361198511
12.23 0.05251550656939471 0.008134903821685135
12.24 0.05243426146133786 0.008111558227565485
12.25 0.0523532754048434 0.00808637265285439
12.26 0.052272534008280774 0.008063597972277847
12.27 0.052192003445397844 0.008042560981044833
12.28 0.05211168278865988 0.00802031753472221
12.29 0.05203159709470341 0.007994431832609283
12.3 0.05195179415200769 0.007969740301502437
12.31 0.05187220228867335 0.007948707904267938
12.32 0.05179281999392233 0.007926496779693704
12.33 0.05171367235307948 0.007900046520386006
12.34 0.051634819063514616 0.007874699143421982
12.35 0.051556178370211043 0.007853426572907551
12.36 0.051477750532056464 0.00783051047982486
12.37 0.051399568160614556 0.0078035018196800365
12.38 0.05132168049566285 0.007778000814670616
12.39 0.05124400814432113 0.007756532018023066
12.4 0.0511665498553024 0.007732273904442533
12.41 0.051089362666232284 0.007704651007842234
12.42 0.051012456835145555 0.007679818062545252
12.43 0.05093576630498138 0.007658345990193549
12.44 0.050859289915341686 0.007631781338660826
12.45 0.05078313067820817 0.007603712803757379
12.46 0.05070721565926654 0.007580834100433975
12.47 0.05063151399619948 0.007557944729604138
12.48 0.050556056764674465 0.007529661957113465
12.49 0.05048092075705721 0.007503072790608911
12.5 0.050405995308862285 0.007482184738743847
12.51 0.05033127706228234 0.007455168379933763
12.52 0.050256891941263614 0.007426914753208447
12.53 0.05018273876721817 0.007405210887169833
12.54 0.05010878772352022 0.0073806655944363975
12.55 0.05003512545532943 0.007352619942589733
12.56 0.0499617353246684 0.007329245316402222
12.57 0.04988854054900139 0.0073065697958965
12.58 0.04981560392875047 0.007278873190498469
12.59 0.04974296308519142 0.007254726464803962
12.6 0.0496705093994544 0.007233232224391983
12.61 0.049598298440703584 0.007205988698804955
12.62 0.049526389625478305 0.007181984546555498
12.63 0.049454658749772465 0.007160911730173414
12.64 0.04938317139087482 0.007134195966160828
12.65 0.04931197483044925 0.007111253853136379
12.66 0.049240946313812095 0.007089780554340397
12.67 0.04917017921936245 0.007063647647779447
12.68 0.04909967336085651 0.007042689310491124
12.69 0.04902932543315263 0.007019943935435702
12.7 0.0489592744821478 0.006994433135312228
12.71 0.04888943677044638 0.006976384930925228
12.72 0.04881974678352929 0.006951465963678238
12.73 0.04875040745117282 0.006926605406221142
12.74 0.04868121467540487 0.006908905320177183
12.75 0.048612229344769275 0.0068844024217002975
12.76 0.04854352662697087 0.006863729755267833
12.77 0.04847495474966392 0.006842641421365592
12.78 0.048406673798543555 0.006818821523072227
12.79 0.048338578319202484 0.006801311546136279
12.8 0.04827064756762082 0.0067779049355469745
12.81 0.048203020220491534 0.006757080839007834
12.82 0.048135505950840665 0.0067374633898560354
12.83 0.04806827095269442 0.006714807645601617
12.84 0.048001209797928636 0.006697537871664938
12.85 0.04793432019526112 0.006675331926341066
12.86 0.047867703159401816 0.006657028425892886
12.87 0.04780117962674327 0.006636451985069236
12.88 0.04773497411970042 0.0066150699831410975
12.89 0.047668878227080436 0.006598306695221989
12.9 0.04760300798579599 0.006577294665404132
12.91 0.04753733233377235 0.0065608275660054005
12.92 0.04747179143447588 0.006540339640661141
12.93 0.04740652554095914 0.006522245807231375
12.94 0.04734134651833125 0.00650411872256651
12.95 0.0472764431665078 0.0064841563187298945
12.96 0.04721166339195665 0.006468819736045184
12.97 0.04714706677178688 0.006449210148068207
12.98 0.047082679188995294 0.006434139824939233
12.99 0.0470183839752881 0.006415173421334686
13.0 0.046954375720568604 0.0063960226450348046
13.01 0.0468904635223874 0.006381841885542805
13.02 0.046826738882857745 0.0063632187203417345
13.03 0.04676319914798057 0.006349303403433204
13.04 0.04669975281478909 0.006331060098395902
13.05 0.04663657794601265 0.00631324825948365
13.06 0.0465734878495994 0.006299771403432519
13.07 0.046510582517943995 0.00628214952226358
13.08 0.046447844859154125 0.006269156076030402
13.09 0.04638519939642339 0.006252008515711616
13.1 0.0463228046888399 0.006235081786101215
13.11 0.046260497760701375 0.006222484398411776
13.12 0.04619835500087167 0.006205958182825544
13.13 0.04613637859704486 0.006193659065163448
13.14 0.046074481819568386 0.006177662568436659
13.15 0.04601282534567612 0.006161741381526031
13.16 0.045951246991937866 0.006150040599830042
13.17 0.04588982453367953 0.0061345449440284305
13.18 0.0458285560930573 0.006123071515276024
13.19 0.04576736310337401 0.006107948012365139
13.2 0.04570639713281 0.006093297491168936
13.21 0.045645497153550624 0.006082051195583915
13.22 0.04558475610889831 0.006067743743945364
13.23 0.04552414227867172 0.006056775689117888
13.24 0.04546362059511596 0.006042822746191501
13.25 0.04540328582374789 0.006030482455338326
13.26 0.04534301094600919 0.006018405927690207
13.27 0.04528291770519409 0.006005160666891385
13.28 0.04522290773267137 0.005994522469866315
13.29 0.04516302725579677 0.005981763039220489
13.3 0.045103272471886946 0.005971320558560311
13.31 0.045043600844625546 0.00595879657529963
13.32 0.044984096540380956 0.005948210529763465
13.33 0.04492463663403028 0.005936336559024369
13.34 0.04486536980920047 0.005924318507558812
13.35 0.0448061502638791 0.005914348874830999
13.36 0.04474708283170385 0.005902720745769141
13.37 0.04468809584896372 0.005892843280432825
13.38 0.04462922596609519 0.005881603621352038
13.39 0.044570463776536666 0.005871961256867841
13.4 0.044511786740957834 0.005860886189870129
13.41 0.044453246052739266 0.005851513597161961
13.42 0.0443947564690146 0.005840688575359909
13.43 0.044336432281232074 0.0058308338377410784
13.44 0.04427813979225978 0.005820992177593354
13.45 0.04422001243768021 0.005810530238852696
13.46 0.04416192918748271 0.005801745627387778
13.47 0.04410397752513245 0.0057915972629438706
13.48 0.04404609724222383 0.005782955094019382
13.49 0.04398831842325206 0.00577317877382999
13.5 0.04393063366674724 0.005764774239481518
13.51 0.04387302293846243 0.0057551769427668376
13.52 0.043815530127891904 0.005747052663868768
13.53 0.04375808188518506 0.005737667620516085
13.54 0.043700776775481585 0.005729062635653204
13.55 0.04364350063247199 0.005720650653666226
13.56 0.04358636376240825 0.005711534316371392
13.57 0.043529269946144575 0.005704050222647972
13.58 0.0434722827579553 0.005695180125326882
13.59 0.04341536634363804 0.005687885243152113
13.6 0.043358525053092255 0.005679196901786199
13.61 0.04330178240560231 0.005672081993338907
13.62 0.04324508341322548 0.0056635581555735115
13.63 0.04318851124249083 0.0056556640705451855
13.64 0.043131970131814565 0.005648206590709304
13.65 0.04307554711067665 0.005639819757215392
13.66 0.04301917373667025 0.005633079573417632
13.67 0.042962885519208294 0.005624780334234192
13.68 0.042906678129985575 0.005618106777437237
13.69 0.04285052338365956 0.005609854758936272
13.7 0.04279448103480685 0.005602620918014445
13.71 0.04273847096529926 0.005594968378647369
13.72 0.0426825816672339 0.005586706731845581
13.73 0.04262673683066235 0.005580045112484999
13.74 0.042570980764984195 0.00557172962467023
13.75 0.04251530223816895 0.005565008988343667
13.76 0.04245968058521733 0.005556597475960601
13.77 0.042404170288649734 0.005549402240465184
13.78 0.04234869254040803 0.005541237788297959
13.79 0.04229334553288378 0.005532647932783963
13.8 0.04223803958175234 0.005525583100944864
13.81 0.042182833870864876 0.005516799556308349
13.82 0.042127703590626175 0.005509567298076501
13.83 0.04207264252490334 0.005500554415268422
13.84 0.04201769250232081 0.0054931281937733445
13.85 0.04196277996102788 0.005483855519528902
13.86 0.04190801539193023 0.005474778801596969
13.87 0.04185328438499594 0.0054666473162954254
13.88 0.04179868244560432 0.005457035955297229
13.89 0.04174414366588999 0.0054488855212371234
13.9 0.04168970473517958 0.005438963546917641
13.91 0.04163536439495165 0.005430528190489614
13.92 0.04158109417136979 0.005420282310155233
13.93 0.041526958748748545 0.005411541839538181
13.94 0.04147286333457903 0.00540096652919031
13.95 0.04141893941816474 0.005390883126473067
13.96 0.04136504567204956 0.005380994871399647
13.97 0.041311319520736745 0.005370113237515017
13.98 0.04125764340729926 0.005360361121096169
13.99 0.041204112298314825 0.00534917449257355
14.0 0.04115065991744779 0.005339058611797398
14.01 0.041097331126078884 0.0053275880471930215
14.02 0.04104410815650394 0.005317099152116089
14.03 0.04099098914303656 0.005305361414579934
14.04 0.040938000928212336 0.0052944909379948335
14.05 0.040885099324276655 0.005282519817799258
14.06 0.04083235053185633 0.005271261600056754
14.07 0.04077967409227552 0.005259086314242989
14.08 0.04072716880557147 0.005247435731895678
14.09 0.04067472537763761 0.005235104157206738
14.1 0.040622466722427336 0.005223063202276723
14.11 0.04057026411359208 0.005210659737576062
14.12 0.040518253527675824 0.005198304257045816
14.13 0.04046629802845116 0.005185723965441369
14.14 0.04041453904836699 0.005173157265387918
14.15 0.040362834883143406 0.005160338225060457
14.16 0.040311332283865776 0.005147618228133588
14.17 0.04025988251858073 0.005134545231225918
14.18 0.04020864137924126 0.005121660991775023
14.19 0.040157449298745235 0.005108485528533713
14.2 0.04010647166867059 0.005095463321606708
14.21 0.040055540032313104 0.005082100913943233
14.22 0.04000482965039172 0.005068966389152552
14.23 0.039954160704530055 0.005055499799951013
14.24 0.039903719654392704 0.0050422347557605995
14.25 0.039853316009414844 0.005028767242952092
14.26 0.03980314430953366 0.005015413091232324
14.27 0.0397530077475902 0.005001853225817143
14.28 0.03970310724501732 0.004988412367354256
14.29 0.03965323950024312 0.004974920400987459
14.3 0.03960360883699757 0.004961395826569515
14.31 0.03955401158371172 0.004947958933923191
14.32 0.0395046496583191 0.004934381345709227
14.33 0.03945532395679754 0.004921025136546131
14.34 0.03940622915558818 0.004907396409610909
14.35 0.03935717602860532 0.004894200490435541
14.36 0.03930834514577947 0.004880529025214964
14.37 0.039259565448101025 0.004867528433632362
14.38 0.03921099457710682 0.004853850826828099
14.39 0.03916248843156446 0.004841003118375431
14.4 0.039114174514739315 0.004827301421804542
14.41 0.03906594240312837 0.004814807356427142
14.42 0.039017878367610774 0.004801111473247577
14.43 0.03896992017366342 0.0047888253580294915
14.44 0.038922101860450184 0.004775157808418085
14.45 0.03887441701749506 0.004763217937423736
14.46 0.038826837501701704 0.004749556997054816
14.47 0.03877942587755396 0.004738024971614019
14.48 0.038732077002269424 0.004724462097516646
14.49 0.03868493663560363 0.004713081608521463
14.5 0.038637815370099 0.004699711119919181
14.51 0.038590942413205244 0.004687295689375315
14.52 0.038544069456311496 0.004675332046204073
14.53 0.038497435772281166 0.004662196083391912
14.54 0.03845082553464366 0.0046513014302558275
14.55 0.038404409743676045 0.004638419702717833
14.56 0.03835805714058929 0.004627639519988458
14.57 0.038311856953276276 0.004615012836512333
14.58 0.038265756883859046 0.0046043519921508125
14.59 0.03821976991343326 0.0045919774268394775
14.6 0.03817391733532226 0.004581438455151243
14.61 0.03812814114433024 0.004569310470560195
14.62 0.038082531125911055 0.004558895456466594
14.63 0.0380369632352009 0.0045470059025274345
14.64 0.0379915910078605 0.004536715903432187
14.65 0.03794622891713226 0.004525055134541267
14.66 0.03790108990516968 0.00451390119625783
14.67 0.037855950893207105 0.004503445735102973
14.68 0.037811020990467625 0.004492002928164984
14.69 0.037766110834643804 0.004482164157749935
14.7 0.037721377707312626 0.004470927575008554
14.71 0.037676692283143624 0.004461195566208831
14.72 0.03763215379598844 0.004450153442699056
14.73 0.03758768921428964 0.004440524356980724
14.74 0.03754334330884883 0.0044296654429296645
14.75 0.03749909590543105 0.004420135154721061
14.76 0.03745494060575441 0.0044094487935475435
14.77 0.0374109069295601 0.004400013793685265
14.78 0.03736694032988071 0.00438949023863322
14.79 0.03732311712478744 0.0043801482220391375
14.8 0.03727933736543992 0.004369778981819339
14.81 0.03723572154515104 0.004360527720910223
14.82 0.037192126811021714 0.004350306170832319
14.83 0.037148715421734396 0.004341138928732002
14.84 0.03710530403244708 0.004331064269442075
14.85 0.03706209413634556 0.004320985417427536
14.86 0.03701888432409853 0.004312048007367508
14.87 0.03697585317619821 0.004302107977993241
14.88 0.036932842164538654 0.004293254305894001
14.89 0.03688998809008033 0.004283450372658093
14.9 0.036847173157085494 0.004274680305454526
14.91 0.036804494483971245 0.004265010244676182
14.92 0.03676187295219197 0.004256326011815581
14.93 0.036719367963734935 0.004246787854581102
14.94 0.03667693719510035 0.004238190489082694
14.95 0.03663460415395328 0.004228782621029659
14.96 0.03659236154267975 0.0042202736334910895
14.97 0.03655019868128345 0.004210994746467911
14.98 0.036508141647750396 0.004202574180079965
14.99 0.036466147197681854 0.004193422873177921
15.0 0.03642427319028684 0.0041850908368870066
15.01 0.036382445380944116 0.004176064490201581
15.02 0.03634075190048281 0.004167824168046064
15.03 0.036299088897583195 0.004158919681667594
15.04 0.03625757350684946 0.0041507713267001645
15.05 0.03621607347104919 0.004141986518097163
15.06 0.03617473377648751 0.004133929176066031
15.07 0.03613339488752787 0.0041252614777527175
15.08 0.036092228546932455 0.004116634059541546
15.09 0.03605106220633704 0.004108742591385273
15.1 0.03601005369510475 0.004100188765066015
15.11 0.03596905843103572 0.00409242767555229
15.12 0.03592820514159371 0.004083984710474331
15.13 0.03588737873682623 0.004076315230456151
15.14 0.03584667883698458 0.004067980290918705
15.15 0.03580601913100786 0.0040604028535129455
15.16 0.03576547077991432 0.004052173269730064
15.17 0.03572497566561326 0.00404468960475568
15.18 0.03568457698781921 0.004036562972283164
15.19 0.0356442444061676 0.0040291727993906346
15.2 0.0356039935318314 0.0040211463730210895
15.21 0.035563821478707174 0.004013852406046459
15.22 0.035523716483710464 0.004005922638388393
15.23 0.03548370302593941 0.003998727191417695
15.24 0.03544374193988211 0.003990891713984812
15.25 0.03540388519165971 0.003983793305141647
15.26 0.03536406607377928 0.003976049226724454
15.27 0.035324364207125224 0.0039690505034231105
15.28 0.03528468506371082 0.003961393951796177
15.29 0.0352451363280893 0.003954496596386026
15.3 0.03520559513178309 0.003946924250440853
15.31 0.03516619784308048 0.003939728870261616
15.32 0.03512680055437786 0.0039326369291421415
15.33 0.03508754510449764 0.003925145119452411
15.34 0.035048297651988816 0.003918531182340201
15.35 0.035009174480850835 0.003911116763591682
15.36 0.03497007531671698 0.0039046036444532195
15.37 0.03493108240796177 0.003897263600525891
15.38 0.03489213004470646 0.0038908533789978605
15.39 0.03485326534038181 0.003883584237130311
15.4 0.03481445835996386 0.003877280523201021
15.41 0.03477571972991779 0.0038700799610298375
15.42 0.03473705676074326 0.0038638829714892076
15.43 0.03469844207048801 0.0038567488647400783
15.44 0.03465992178344846 0.0038506626289560586
15.45 0.03462142881790889 0.0038435951332123075
15.46 0.03458304988078421 0.00383761521338144
15.47 0.03454467651364126 0.0038306332838580204
15.48 0.03450643721510705 0.0038239298534212818
15.49 0.03446819791657284 0.003817826325805518
15.5 0.03443008068859094 0.0038109479921208944
15.51 0.03439197895673042 0.003805175274344208
15.52 0.03435397718310406 0.0037984042447660737
15.53 0.0343160108718351 0.0037926842859536958
15.54 0.03427812349738499 0.0037860205074757847
15.55 0.03424029046168558 0.0037803566976162273
15.56 0.03420251636343266 0.00377380105480718
15.57 0.034164814440589435 0.0037681923299244247
15.58 0.034127152516834174 0.003761745714698561
15.59 0.03408957952629547 0.0037561942862882614
15.6 0.03405202863110841 0.0037498565716709287
15.61 0.03401458239486205 0.0037443646991863755
15.62 0.033977141337124685 0.003738136442787088
15.63 0.0339398196660063 0.0037321671118379918
15.64 0.03390249799488792 0.0037265837443476446
15.65 0.033865287991119354 0.0037204645165942463
15.66 0.03382808870455604 0.003715199833562499
15.67 0.033790983994448104 0.0037091881118980208
15.68 0.03375390494231808 0.00370398317036269
15.69 0.03371690433104085 0.003698077477389816
15.7 0.033679943392770285 0.003692929763345676
15.71 0.03364304573577394 0.0036871268191953632
15.72 0.033606200856386374 0.003682037307319641
15.73 0.03356940498962755 0.003676333289608147
15.74 0.03353267419059421 0.0036712982219639922
15.75 0.03349597902518827 0.0036656885993018307
15.76 0.033459360418608176 0.003660706101966671
15.77 0.03342276490314894 0.0036551847339236776
15.78 0.033386256723929704 0.003650252884726868
15.79 0.0333497598454544 0.0036448139258358214
15.8 0.033313360445412984 0.003639927210841609
15.81 0.03327696130123756 0.0036345638433858962
15.82 0.03324066916854527 0.003629213269229936
15.83 0.03320437703585297 0.0036244255919277713
15.84 0.033168180656706715 0.0036191307528015138
15.85 0.03313199442079694 0.003614387273759734
15.86 0.03309589291123152 0.003609154489749855
15.87 0.03305981133100194 0.0036044376924415644
15.88 0.03302380415738269 0.0035992599253880098
15.89 0.03298782613249418 0.003594567897804657
15.9 0.032951912799426594 0.0035894394397426588
15.91 0.03291603734369933 0.0035847663338095526
15.92 0.032880217472750405 0.0035796817142057513
15.93 0.032844443709415215 0.0035750265303740036
15.94 0.03280871694214293 0.003569981142489187
15.95 0.03277304408656543 0.003565340137411832
15.96 0.032737410139394685 0.003560330684616142
15.97 0.0327018374728731 0.0035557021256225063
15.98 0.032666296096882236 0.0035507255401334703
15.99 0.032630822962070434 0.003546109119422436
16.0 0.03259537391449379 0.003541164004260855
16.01 0.03255999968198521 0.0035365572922974042
16.02 0.032524642768647846 0.003531642352427644
16.03 0.03248936683493666 0.0035270473361583843
16.04 0.03245410182192468 0.003522162389843597
16.05 0.03241892358713979 0.0035175772423881035
16.06 0.03238375027707692 0.003512722206941543
16.07 0.03234866914300096 0.0035081134075953813
16.08 0.03231358800892501 0.003503324924065687
16.09 0.03227860264451965 0.003498500170392882
16.1 0.032243618005517144 0.003493970227802068
16.11 0.03220872323996361 0.0034891762032605023
16.12 0.03217383448145194 0.0034846610927579125
16.13 0.03213903001810846 0.0034798982019281777
16.14 0.03210423651741338 0.0034753981129749256
16.15 0.03206952205584896 0.003470666869148431
16.16 0.03203482318003041 0.0034661835118816597
16.17 0.032000198385611314 0.003461484118305158
16.18 0.031965593497664306 0.0034570182388955484
16.19 0.03193105802083341 0.003452351025444056
16.2 0.031896546477155424 0.0034479038568142606
16.21 0.031862099943697125 0.0034432688996530736
16.22 0.03182768109916236 0.0034388412685668612
16.23 0.03179332311832579 0.0034342387113119877
16.24 0.031758996324936124 0.0034298319020626966
16.25 0.03172472648028454 0.0034252618044219307
16.26 0.03169049108884767 0.003420876310446186
16.27 0.03165630895407562 0.0034163387030343717
16.28 0.03162216431478699 0.003411976219887425
16.29 0.03158806942967787 0.003407471186225308
16.3 0.031554014891062486 0.0034031316731379935
16.31 0.03152000679621512 0.0033986591021013535
16.32 0.03148604170902046 0.00339434478178835
16.33 0.031452119900579355 0.0033899047754759604
16.34 0.03141824361351094 0.0033856149738051844
16.35 0.03138440760110324 0.0033812072767593904
16.36 0.03135061946797576 0.003376944529658532
16.37 0.03131686871051007 0.0033725691488839526
16.38 0.031283168084998085 0.0033683325184141744
16.39 0.03124950206014179 0.003363989151936808
16.4 0.03121588830195935 0.0033597808998679923
16.41 0.031182306442144425 0.0033554693704120897
16.42 0.0311487789145511 0.003351289094692511
16.43 0.03111528066025058 0.003347009230495468
16.44 0.03108183872994119 0.003342858059248943
16.45 0.0310484234990656 0.003338609539554449
16.46 0.031015066539150104 0.0033344884562485078
16.47 0.030981733729940633 0.0033302713122580485
16.48 0.030948461112904942 0.003326180083251584
16.49 0.0309152101282756 0.0033219940669431125
16.5 0.030882021231566085 0.003317934684725632
16.51 0.03084885143458108 0.0033137798397753215
16.52 0.030815745634770582 0.00330975199730954
16.53 0.03078265639463489 0.0033056284028054606
16.54 0.030749633066714473 0.003301633508114854
16.55 0.030716623724472595 0.003297541146637162
16.56 0.030683682243781735 0.0032935801214108995
16.57 0.03065075212204438 0.0032895193231556874
16.58 0.030617891857318624 0.003285592260744874
16.59 0.030585040276829484 0.003281563036539259
16.6 0.03055226059658783 0.0032776717293094837
16.61 0.030519486842243294 0.003273674187346476
16.62 0.030486787112840905 0.0032698187489099695
16.63 0.030454090467265098 0.003265853125740792
16.64 0.030421470050326086 0.0032620341200646497
16.65 0.0303888497848638 0.003258100261651853
16.66 0.03035630804509305 0.0032541739770746148
16.67 0.030323766305322297 0.0032504167849125576
16.68 0.0302912997093948 0.003246514603864936
16.69 0.030258836013244996 0.0032428023026995767
16.7 0.030226443663340808 0.0032389316527812184
16.71 0.030194057380189373 0.003235256779935858
16.72 0.030161738527742094 0.003231417135124204
16.73 0.030129429037486888 0.0032277802974873815
16.74 0.030097182921792347 0.003223971149485916
16.75 0.030064949614497165 0.003220371555662682
16.76 0.030032775490679082 0.003216592222159864
16.77 0.03000061777005397 0.003213029622739061
16.78 0.029968514898224306 0.0032092790369173674
16.79 0.029936432189315625 0.0032057533535108096
16.8 0.029904399831154088 0.0032020304211235473
16.81 0.029872391580893155 0.0031985404580152643
16.82 0.029840429021993783 0.0031948438926820977
16.83 0.02980849470303951 0.00319138879472991
16.84 0.029776601246099186 0.0031877169078311507
16.85 0.02974474036488288 0.0031842960951935506
16.86 0.029712915324195316 0.003180647095956335
16.87 0.029681127422963756 0.0031772589882943514
16.88 0.02964937014442943 0.003173630958283269
16.89 0.02961765480379809 0.003170274105373405
16.9 0.029585964662321964 0.0031666646793511166
16.91 0.02955432151021107 0.0031633381631752666
16.92 0.02952269789905845 0.0031597448575311216
16.93 0.02949112661306045 0.003156446754288389
16.94 0.029459568963972678 0.003152867054323494
16.95 0.029428069271973983 0.003149595524281956
16.96 0.02939657705348704 0.0031460264896607804
16.97 0.02936514874218077 0.003142780308475368
16.98 0.029333721447317534 0.0031392188821404154
16.99 0.029302364364537963 0.0031357082779579493
17.0 0.02927100728175838 0.003132439299436962
17.01 0.02923971557854921 0.003128882476343575
17.02 0.029208429632231504 0.0031256825638679153
17.03 0.029177201927271856 0.003122127140286146
17.04 0.029145987089425777 0.0031189438676406667
17.05 0.029114823049919046 0.003115386525991193
17.06 0.02908367935890595 0.0031122184921426044
17.07 0.029052578680076196 0.0031086560322042267
17.08 0.029021506238261864 0.00310550144355326
17.09 0.028990468651205133 0.003101930796213681
17.1 0.02895946762233758 0.0030987880833976966
17.11 0.02892849288953718 0.0030952060872762033
17.12 0.028897563500592055 0.003092074446736204
17.13 0.02886665140060246 0.0030884781042455067
17.14 0.028835793938507145 0.003085356287511498
17.15 0.028804944274852234 0.0030817428965781435
17.16 0.028774159080575585 0.00307851942766435
17.17 0.028743373886298936 0.0030749966677210416
17.18 0.028712659147221167 0.0030713635608641265
17.19 0.028681946615081656 0.0030682362370135774
17.2 0.028651294422480895 0.003064580796476424
17.21 0.028620654999152128 0.003061458782477544
17.22 0.028590065246831345 0.0030577785732344154
17.23 0.028559499427687443 0.003054661280772031
17.24 0.02852897202121591 0.0030509540268071067
17.25 0.0284984803471513 0.0030478409460490408
17.26 0.02846801520229492 0.003044104191749719
17.27 0.028437598263316308 0.003040995571612637
17.28 0.028407195290862667 0.0030372268428811022
17.29 0.028376853726458685 0.0030341224979861803
17.3 0.028346512840902945 0.0030303194122829336
17.31 0.028316247338213023 0.0030265502689930113
17.32 0.028285981835523086 0.0030233791918632402
17.33 0.028255779754375758 0.0030195392651519715
17.34 0.028225591050220048 0.00301640361802491
17.35 0.028195451682015253 0.003012524176351672
17.36 0.028165340566693012 0.003009390635541731
17.37 0.02813526386930442 0.003005469029395913
17.38 0.028105231186105094 0.0030023376299872506
17.39 0.028075217116704677 0.0029983713989791827
17.4 0.028045263758125515 0.0029952422894334862
17.41 0.02801531227091601 0.0029912288705997714
17.42 0.02798543918071351 0.0029873090202492403
17.43 0.027955566090511027 0.0029840399162446296
17.44 0.027925758382388623 0.002979976877431012
17.45 0.027895966552962406 0.0029768029976002808
17.46 0.02786622232243662 0.0029726882587868264
17.47 0.027836512787786673 0.002969516638617886
17.48 0.027806831989664264 0.0029653483094540523
17.49 0.02777720582159759 0.0029621802487735938
17.5 0.02774758838468879 0.002957956732450029
17.51 0.02771804668694858 0.002954169774020743
17.52 0.02768850498920838 0.0029505134628116103
17.53 0.027659036417692354 0.002946233615266358
17.54 0.027629580316903053 0.00294301857799395
17.55 0.027600176046132477 0.002938681569875312
17.56 0.027570806685505544 0.0029354731411828094
17.57 0.027541466583308822 0.0029310785932161743
17.58 0.027512185113641223 0.0029278778690238205
17.59 0.027482909025928346 0.0029234257447767753
17.6 0.02745371659874568 0.0029192427182660463
17.61 0.027424524171563026 0.0029157253574558784
17.62 0.027395402091596566 0.002911216054966248
17.63 0.0273662998504637 0.002907979071870681
17.64 0.027337242510159152 0.002903413325653137
17.65 0.02730823158395064 0.002900189657166763
17.66 0.02727923871701582 0.0028955684978044793
17.67 0.02725032021399454 0.0028918503021277964
17.68 0.027221401710973266 0.0028876841650691265
17.69 0.02719256653069316 0.0028830089765774503
17.7 0.02716374153144172 0.0028797632461710077
17.71 0.027134971265769744 0.0028750355449707055
17.72 0.027106240820542308 0.002871808799079112
17.73 0.027077535089788163 0.002867030372771806
17.74 0.027048900213086872 0.002863487670129672
17.75 0.02702026533638557 0.0028589963595311296
17.76 0.02699172028589624 0.0028541692411303554
17.77 0.026963181951562967 0.0028509361661102073
17.78 0.026934701562574038 0.002846062463221166
17.79 0.026906260702298544 0.002842852608091695
17.8 0.026877844510412207 0.0028379346812985595
17.81 0.026849502008672574 0.0028342501739639925
17.82 0.02682115950693293 0.0028297877259522153
17.83 0.02679290625415353 0.0028248281562177624
17.84 0.026764662943808575 0.0028216233804161384
17.85 0.026736473786545197 0.0028166248501932944
17.86 0.02670833044680471 0.0028134426269246227
17.87 0.026680204934006704 0.0028084079167343123
17.88 0.026652162288470026 0.002804264553668334
17.89 0.02662411964293334 0.0028001779626007917
17.9 0.02659615872921801 0.002795109714855526
17.91 0.02656821744863623 0.002791935648011057
17.92 0.026540320016257783 0.0027868364225112074
17.93 0.026512480720186006 0.0027836811568027198
17.94 0.02648464639312173 0.002778553137406936
17.95 0.026456909657437872 0.0027736735683865366
17.96 0.026429172921754004 0.0027702606304722543
17.97 0.026401504444828427 0.0027651056269619723
17.98 0.026373870809214765 0.002761959498164268
17.99 0.02634626525486514 0.0027567791593461344
18.0 0.026318735226027845 0.0027530028837288167
18.01 0.026291205197190554 0.0027484461260285364
18.02 0.026263766303507276 0.002743241975422972
18.03 0.026236340357682096 0.002740106775162676
18.04 0.026208964168004025 0.0027348803317679415
18.05 0.026181642751046744 0.0027317608573840246
18.06 0.026154328950856346 0.002726513365583827
18.07 0.026127112483735067 0.002721646712127601
18.08 0.026099896016613795 0.002718141415205322
18.09 0.026072749655430962 0.0027128737685024884
18.1 0.026045638541243737 0.002709764972864237
18.11 0.02601855435597368 0.002704478135975741
18.12 0.025991548978524223 0.002700537744945386
18.13 0.025964543601074776 0.002696078528600321
18.14 0.02593762740795222 0.002690773362446386
18.15 0.025910728133825847 0.002687675262379896
18.16 0.025883873902704618 0.002682352331357274
18.17 0.025857081087198697 0.002679268837519899
18.18 0.02583028852595422 0.0026739288893316004
18.19 0.025803602509412063 0.0026686016542154523
18.2 0.025776916492869915 0.002665502386277163
18.21 0.02575029246168652 0.0026601460739343885
18.22 0.025723713571391228 0.0026570735151425495
18.23 0.025697150991383668 0.0026517015045235404
18.24 0.025670679541300763 0.0026471450082912185
18.25 0.025644208091217847 0.0026432548055530525
18.26 0.025617814445189693 0.002637868006459154
18.27 0.025591450731088664 0.0026348055274996174
18.28 0.0255651183346397 0.0026294045049053416
18.29 0.025538862640990555 0.0026255693649150924
18.3 0.0255126069473414 0.00262093995773105
18.31 0.025486443841835935 0.002615525377838601
18.32 0.025460296439784626 0.0026124737038568657
18.33 0.0254341943677588 0.0026070461610059326
18.34 0.025408155516564508 0.0026038851194287727
18.35 0.025382116665370217 0.002598567053132106
18.36 0.025356184175501867 0.0025931272452590637
18.37 0.025330254120465037 0.0025900873820214887
18.38 0.02530438242786144 0.0025846359733936453
18.39 0.025278561400997168 0.002581608388332546
18.4 0.025252750260094794 0.0025761461426310195
18.41 0.02522703847814455 0.0025711781950241708
18.42 0.025201326696194303 0.002567657214869179
18.43 0.025175685333847165 0.0025621850245622912
18.44 0.02515008299570306 0.0025591699147031743
18.45 0.0251245019355531 0.0025536888626285226
18.46 0.02509900921845049 0.0025492717102608697
18.47 0.025073516501347884 0.0025451943071612693
18.48 0.025048105332307266 0.002539705279585025
18.49 0.025022722395756185 0.002536702762834464
18.5 0.024997371277050578 0.0025312065965983344
18.51 0.02497209826382421 0.002527301322636344
18.52 0.024946825250597854 0.002522711266704336
18.53 0.024921644038490127 0.0025172087896712103
18.54 0.024896481074804428 0.0025142203996122436
18.55 0.024871359630497882 0.002508712367806476
18.56 0.024846306827448296 0.002505280304959001
18.57 0.024821254024398703 0.00250022128498828
18.58 0.02479630240174853 0.0024947085659705603
18.59 0.024771359853079294 0.002491735766472436
18.6 0.024746467686419072 0.002486219095370057
18.61 0.024721635471171892 0.002483221524718804
18.62 0.024696803255924698 0.0024777368453212656
18.63 0.024672080734265463 0.002472217253274289
18.64 0.02464735891085921 0.002469260486988034
18.65 0.024622695524525704 0.0024637388417976247
18.66 0.024598084134023254 0.0024607911807288385
18.67 0.024573479700911116 0.0024552681950611444
18.68 0.024548978770122035 0.002450093078908644
18.69 0.024524477839332943 0.0024468046301413526
18.7 0.02450004267751921 0.0024412809311178396
18.71 0.024475652220710586 0.00243834930696063
18.72 0.02445127569138 0.002432825449427911
18.73 0.024426995711722032 0.0024279979657961803
18.74 0.024402715732064074 0.0024243788709967795
18.75 0.0243785081343021 0.002418855669670039
18.76 0.024354338618670663 0.0024159411689059773
18.77 0.024330189310923983 0.0024104192893570353
18.78 0.02430613023288352 0.002405907804045704
18.79 0.024282071154843068 0.0024019939191353146
18.8 0.024258090354500817 0.002396474565999007
18.81 0.024234141663523084 0.0023935778124077878
18.82 0.024210218798252664 0.0023880622074137214
18.83 0.024186380419374813 0.0023838378877856226
18.84 0.02416254204049695 0.0023796617921159058
18.85 0.024138787183532486 0.0023741510062085247
18.86 0.02411505902037278 0.002371273406721608
18.87 0.024091361715398055 0.002365768889672104
18.88 0.02406774364257934 0.0023618072818720748
18.89 0.024044125569760617 0.0023574006419697646
18.9 0.024020595629739943 0.0023519037255810282
18.91 0.023997087495248995 0.002349048004099741
18.92 0.02397361466965794 0.002343560327553229
18.93 0.023950216288697933 0.0023398380960011345
18.94 0.02392681790773792 0.0023352345604572555
18.95 0.02390351159748879 0.002329758126400794
18.96 0.023880222745209904 0.0023269273488426556
18.97 0.02385697305051194 0.002321464351800584
18.98 0.02383379345817389 0.002317959233804512
18.99 0.02381061386583585 0.002313191824901306
19.0 0.023787529621675862 0.002307744656734112
19.01 0.02376445897270116 0.0023049408561528484
19.02 0.023741430804552807 0.002299511589161307
19.03 0.023718468740917934 0.002296206363487041
19.04 0.02369550667728307 0.002291304336698996
19.05 0.023672642654183958 0.0022858950600459504
19.06 0.023649788776082155 0.0022831235136056005
19.07 0.02362698018391185 0.0022777365696611263
19.08 0.02360423404468893 0.0022746139222924455
19.09 0.023581487905466002 0.0022696073183594567
19.1 0.023558841898321733 0.002264244657988801
19.11 0.023536203012306224 0.0022615095170219757
19.12 0.023513611707981292 0.002256173374760806
19.13 0.02349107954481101 0.0022532163170285724
19.14 0.023468547381640722 0.002248134964205839
19.15 0.023446116845526895 0.0022428275798636044
19.16 0.02342369083004345 0.002240130485593461
19.17 0.023401314235815016 0.002234853637990142
19.18 0.023378993757283646 0.0022320478531372423
19.19 0.02335667327875227 0.002226916177779037
19.2 0.023334455433728068 0.0022216716374439116
19.21 0.02331223984600339 0.0022190152685734876
19.22 0.0232900751283566 0.00221380443644259
19.23 0.023267963757274544 0.0022111371082051967
19.24 0.0232458523861925 0.00220597644938314
19.25 0.023223844228286883 0.0022008004550946314
19.26 0.0232018363770906 0.002198188519693778
19.27 0.023179880457893005 0.002193048758386551
19.28 0.023157975401922864 0.002190440065692245
19.29 0.02313607165657916 0.0021853376895812904
19.3 0.02311426864813124 0.002180300844791372
19.31 0.02309246563968333 0.002177668281099443
19.32 0.02307071528250925 0.0021726043544647577
19.33 0.023049013552594037 0.0021700398317150427
19.34 0.02302731448587495 0.0021650153727417187
19.35 0.023005713245139194 0.0021601240735751315
19.36 0.022984112004403447 0.0021574684369687347
19.37 0.022962563876399823 0.002152483909971803
19.38 0.02294106232620401 0.002149964915228786
19.39 0.022919564578095245 0.002145020791296748
19.4 0.022898161910378075 0.002140266771717192
19.41 0.022876759242660902 0.0021376013747551603
19.42 0.022855409882882965 0.0021326983539513567
19.43 0.022834105275581877 0.0021302254972270784
19.44 0.02281280537293843 0.0021253639426153104
19.45 0.022791597996729574 0.0021207376208858264
19.46 0.02277039062052071 0.0021180745101330167
19.47 0.022749236506526913 0.0021132550326141697
19.48 0.022728125519868428 0.0021108286018654
19.49 0.02270701993448961 0.002106051748077986
19.5 0.02268600448490687 0.002101544958273749
19.51 0.02266498903532413 0.002098893013637637
19.52 0.022644026624634116 0.0020941588857066318
19.53 0.022623105857609998 0.002091779392424664
19.54 0.022602191036785624 0.0020870882464449902
19.55 0.022581364092681102 0.002082694410451724
19.56 0.022560537148576587 0.0020800626142392087
19.57 0.022539762840396316 0.002075414751843363
19.58 0.022519028853539718 0.0020730820988317245
19.59 0.022498301198419685 0.0020684774993129373
19.6 0.02247765930355345 0.0020641894866229027
19.61 0.022457017408687226 0.00206158653766475
19.62 0.022436427572800156 0.0020570254781133723
19.63 0.02241587689912496 0.0020547404818862525
19.64 0.02239533276316243 0.002050223278542873
19.65 0.022374872433554103 0.002046032960832944
19.66 0.02235441210394577 0.002043466678140149
19.67 0.02233400309999129 0.0020389933629467727
19.68 0.022313632236686837 0.002036755679583724
19.69 0.02229326798639962 0.0020323263886872223
19.7 0.022272985708913094 0.0020282277486527445
19.71 0.022252703431426563 0.0020257047169474074
19.72 0.022232471614574145 0.002021319450479009
19.73 0.022212277042416982 0.0020191287047399697
19.74 0.022192089040479347 0.0020147871735929357
19.75 0.022171981298945122 0.0020107741534223234
19.76 0.022151873557410894 0.0020083011692273445
19.77 0.022131815275560577 0.0020040032618819925
19.78 0.022111793492173258 0.0020018606866509803
19.79 0.02209177806182756 0.0019976064500644153
19.8 0.02207184136317197 0.0019936698655584895
19.81 0.02205190466451639 0.001991254834746936
19.82 0.022032016266477033 0.0019870440540297185
19.83 0.0220121637834358 0.00198494877282851
19.84 0.021992317291020462 0.001980781302086454
19.85 0.021972548157394065 0.0019769133626397206
19.86 0.02195277902376767 0.0019745629880225657
19.87 0.021933056897633616 0.0019704385976380134
19.88 0.021913370251814907 0.0019683893876689673
19.89 0.021893689109880238 0.001964307464131121
19.9 0.021874084102532287 0.0019605007347955894
19.91 0.02185447909518433 0.00195822115369082
19.92 0.021834919679458466 0.0019541811695171774
19.93 0.021815395471793987 0.001952179128521081
19.94 0.02179587609688805 0.0019481807651438032
19.95 0.021776431856491113 0.0019444240396941925
19.96 0.021756987616094167 0.001942223593720982
19.97 0.021737587384616692 0.0019382662032103593
19.98 0.021718222292029958 0.0018873425518708409
19.99 0.021699840533579276 0.0018381758450685731
