# 1:t 2:KE 3:eps
0.0 0.12498062546200198 -0.0
0.01 0.12498062546200198 -0.0
0.02 0.12498062546200198 -8.881784197001252e-16
0.03 0.12498062546200198 7.459416572874744e-05
0.04 0.12497913357868738 0.00030898085800412645
0.05 0.12497444584484188 0.000468773384550758
0.06 0.12496975811099637 0.0004687733845516462
0.07 0.12496507037715085 0.0004688368944387733
0.08 0.12496038137310758 0.000468936786949925
0.09 0.12495569164141186 0.00046897316957306145
0.1 0.12495100190971613 0.0004689731695721733
0.11 0.12494631217802041 0.00046913167318596294
0.12 0.1249416192762524 0.00046929814681195836
0.13 0.12493692621508418 0.00046930611682238776
0.14 0.12493223315391595 0.00046936839491351634
0.15 0.12492753884718591 0.0004696018119982881
0.16 0.124922841117676 0.0004697729509910431
0.17 0.12491814338816608 0.0004697729509910431
0.18 0.12491344565865617 0.0004699472301901153
0.19 0.12490874444356229 0.0004702480540856868
0.2 0.12490404069757445 0.0004703745987830743
0.21 0.12489933695158661 0.0004703745987839625
0.22 0.12489463320559878 0.0004707025624659522
0.23 0.1248899229003373 0.0004710713741991057
0.24 0.1248852117781148 0.0004711122222502695
0.25 0.12488050065589229 0.0004711980024278972
0.26 0.12487578781806624 0.0004716354909506393
0.27 0.12487106794607328 0.0004719871992966418
0.28 0.12486634807408031 0.00047198719929486543
0.29 0.12486162820208736 0.0004722403654922047
0.3 0.12485690326677049 0.0004727473317265307
0.31 0.12485217325545284 0.0004730011317644056
0.32 0.1248474432441352 0.0004730011317644056
0.33 0.12484271323281755 0.0004734622495696783
0.34 0.1248379739991438 0.0004740396102249633
0.35 0.12483323244061303 0.0004741558530776402
0.36 0.12482849088208225 0.00047421652686985283
0.37 0.12482374811007564 0.00047486529957652124
0.38 0.12481899357609073 0.00047545339849008883
0.39 0.12481423904210584 0.00047545339849008883
0.4 0.12480948450812093 0.00047573004234013894
0.41 0.12480472444125902 0.00047645135206408895
0.42 0.12479995548107967 0.0004768960179362125
0.43 0.12479518652090031 0.0004768960179353243
0.44 0.12479041756072096 0.00047742732499322926
0.45 0.12478563797440044 0.0004782224151584913
0.46 0.1247808531124178 0.00047848619826318384
0.47 0.12477606825043516 0.0004784861982649602
0.48 0.12477128338845252 0.0004793104951259508
0.49 0.12476648204053264 0.0004801806980152534
0.5 0.1247616797744922 0.00048022660404356543
0.51 0.12475687750845177 0.0004804350752598552
0.52 0.12475207107298701 0.0004813818382496393
0.53 0.12474724987168678 0.0004821201300222455
0.54 0.12474242867038657 0.00048212013002135734
0.55 0.12473760746908635 0.00048261888997913616
0.56 0.12473277629258699 0.0004836437614841316
0.57 0.12472793459385666 0.0004841698730340127
0.58 0.12472309289512631 0.00048416987303312453
0.59 0.12471825119639599 0.0004849942771887328
0.6 0.12471339300958255 0.000486098898960563
0.61 0.12470852921841677 0.0004863791165776732
0.62 0.12470366542725099 0.00048637911657856137
0.63 0.12469880163608521 0.00048756383723169705
0.64 0.12469391415050635 0.0004887499595964684
0.65 0.12468902663689328 0.0004887513613063277
0.66 0.12468413912328023 0.0004890609205121521
0.67 0.12467924541848303 0.0004903303827967775
0.68 0.12467433251562429 0.000491290285872914
0.69 0.12466941961276556 0.0004912902858746904
0.7 0.12466450670990682 0.0004919420718643153
0.71 0.12465958077132828 0.0004932968100987978
0.72 0.12465464077370485 0.0004939997623436554
0.73 0.12464970077608141 0.0004939997623436554
0.74 0.12464476077845797 0.0004950241262804411
0.75 0.1246398002935558 0.0004964661707491658
0.76 0.12463483145504298 0.000496883851282881
0.77 0.12462986261653015 0.000496883851282881
0.78 0.12462489377801733 0.0004983101195525919
0.79 0.12461989641413909 0.0004998415862154104
0.8 0.12461489694629302 0.0004999467846085182
0.81 0.12460989747844693 0.0005001801941242334
0.82 0.12460489334241052 0.0005018032855526045
0.83 0.1245998614127359 0.0005031929674625957
0.84 0.12459482948306126 0.0005031929674625957
0.85 0.12458979755338663 0.000503789809446431
0.86 0.12458475368687234 0.0005055068160926268
0.87 0.12457968741706478 0.0005066269807567636
0.88 0.1245746211472572 0.0005066269807576518
0.89 0.12456955487744964 0.0005076109198096646
0.9 0.124564468928861 0.0005094241939866961
0.91 0.1245593663935699 0.0005102535291099386
0.92 0.12455426385827881 0.0005102535291090504
0.93 0.12454916132298771 0.0005116468869132973
0.94 0.12454403092054053 0.0005135588795637247
0.95 0.12453889014539644 0.0005140775144081289
0.96 0.12453374937025237 0.0005140775144081289
0.97 0.12452860859510828 0.0005159011818749448
0.98 0.12452343134661487 0.0005179144071298936
0.99 0.12451825030696569 0.0005181039649189145
1.0 0.12451306926731649 0.0005182604881879271
1.01 0.12450788509720193 0.0005203775015729661
1.02 0.12450266171728502 0.0005223379916898807
1.03 0.12449743833736812 0.0005223379916898807
1.04 0.12449221495745122 0.0005228561604813109
1.05 0.1244869812141585 0.000525079592570421
1.06 0.12448171336559982 0.0005267848558672128
1.07 0.12447644551704115 0.0005267848558672128
1.08 0.12447117766848248 0.0005276787376313763
1.09 0.12446589194228853 0.0005300112854795813
1.1 0.12446057744277288 0.000531449951564511
1.11 0.12445526294325723 0.000531449951564511
1.12 0.12444994844374159 0.0005327321459924761
1.13 0.12444460830033738 0.0005351765412244802
1.14 0.12443924491291711 0.0005363387420267429
1.15 0.12443388152549684 0.0005363387420267429
1.16 0.12442851813807657 0.0005380204408735878
1.17 0.12442312111667936 0.0005405794607611369
1.18 0.12441770654886135 0.0005414567818018412
1.19 0.12441229198104332 0.0005414567818018412
1.2 0.12440687741322531 0.0005435478400279692
1.21 0.12440142102424277 0.0005462242899696435
1.22 0.12439595292742592 0.0005468096816851897
1.23 0.12439048483060906 0.0005468096816851897
1.24 0.12438501673379221 0.0005493187124718801
1.25 0.12437949845635964 0.0005521154170429199
1.26 0.12437397442545135 0.0005524030908281574
1.27 0.12436845039454306 0.0005524177895050997
1.28 0.12436292606966125 0.0005553375998106347
1.29 0.12435734364254684 0.0005582427114410038
1.3 0.12435176121543244 0.0005582427114410038
1.31 0.12434617878831802 0.0005585634591751543
1.32 0.12434058994624893 0.0005616092341584888
1.33 0.12433494660363487 0.0005643342614058966
1.34 0.12432930326102082 0.0005643342614050084
1.35 0.12432365991840676 0.0005649639344973423
1.36 0.12431800398233087 0.00056813854018678
1.37 0.12431229714760303 0.0005706834727829957
1.38 0.1243065903128752 0.0005706834727829957
1.39 0.12430088347814737 0.0005716243496900475
1.4 0.12429515782588141 0.0005749306520499431
1.41 0.12428938486510636 0.0005772960775045632
1.42 0.1242836119043313 0.0005772960775054514
1.43 0.12427783894355626 0.0005785500647581543
1.44 0.12427204090303615 0.000581990925738296
1.45 0.1242661991250415 0.0005841777994648467
1.46 0.12426035734704685 0.0005841777994648467
1.47 0.12425451556905219 0.000585746677068677
1.48 0.12424864241350547 0.0005893249451141003
1.49 0.12424272907014991 0.0005913343355565814
1.5 0.12423681572679435 0.0005913343355565814
1.51 0.12423090238343878 0.00059322002466633
1.52 0.12422495132630101 0.0005969385089032997
1.53 0.12421896361326071 0.0005987713040305209
1.54 0.12421297590022042 0.0005987713040296327
1.55 0.12420698818718012 0.0006009763544554403
1.56 0.1242009563731313 0.0006048378274652322
1.57 0.12419489143063081 0.0006064942500483284
1.58 0.12418882648813033 0.0006064942500483284
1.59 0.12418276154562985 0.0006090220475183372
1.6 0.12417664604717997 0.0006130292865407228
1.61 0.12417050095989904 0.0006145087280922112
1.62 0.12416435587261812 0.0006145087280913231
1.63 0.1241582107853372 0.0006173637219335504
1.64 0.12415200859817946 0.0006215194824212844
1.65 0.12414578039568878 0.0006228202490667911
1.66 0.12413955219319811 0.0006228202490667911
1.67 0.12413332399070745 0.00062600825579473
1.68 0.12412703202808222 0.0006303152706577109
1.69 0.1241207176852943 0.0006314342787909766
1.7 0.1241144033425064 0.0006314342787909766
1.71 0.12410808899971848 0.0006349627649360201
1.72 0.12410170408720768 0.0006394237220535004
1.73 0.1240953005252774 0.0006403561930294899
1.74 0.1240888969633471 0.0006403561930294899
1.75 0.12408249340141682 0.0006442347163382323
1.76 0.12407601226902032 0.0006488522541898689
1.77 0.12406951635633301 0.000649591268731875
1.78 0.12406302044364569 0.000649591268731875
1.79 0.12405652453095838 0.0006538317843807206
1.8 0.12404994380795807 0.0006586085402933151
1.81 0.12404335236015251 0.0006591447805561756
1.82 0.12403676091234696 0.0006591447805552875
1.83 0.12403016946454141 0.0006637617332918566
1.84 0.12402348567768111 0.0006687003483643039
1.85 0.12401679545757413 0.0006690220106984057
1.86 0.12401010523746715 0.0006690220106984057
1.87 0.12400341501736016 0.0006740325266498814
1.88 0.12399662458693414 0.0006791356273554428
1.89 0.12398983230481307 0.0006792282121059756
1.9 0.123983040022692 0.0006793820673403062
1.91 0.12397624466346628 0.000684652276460973
1.92 0.12396934697716279 0.0006897686303490858
1.93 0.1239624492908593 0.0006897686303490858
1.94 0.1239555516045558 0.0006901892720652114
1.95 0.123948645505418 0.0006956292185744672
1.96 0.12394163902018432 0.0007006485233675974
1.97 0.12393463253495064 0.0007006485233675974
1.98 0.12392762604971697 0.0007013593504616722
1.99 0.1239206053479414 0.0007069716750649491
2.0 0.12391348661621568 0.0007118731725723748
2.01 0.12390636788448996 0.0007118731725723748
2.02 0.12389924915276423 0.0007129006455102171
2.03 0.12389210987157975 0.0007186880180540811
2.04 0.12388487539240317 0.0007234479176583264
2.05 0.12387764091322657 0.0007234479176592146
2.06 0.12387040643404999 0.000724821501909112
2.07 0.12386314448318839 0.000730786634473013
2.08 0.12385579070136053 0.0007353781827852401
2.09 0.12384843691953268 0.0007353781827861283
2.1 0.12384108313770481 0.0007371302192940021
2.11 0.1238336943151468 0.0007432758770793413
2.12 0.12382621762016323 0.0007476694983568066
2.13 0.12381874092517967 0.0007476694983568066
2.14 0.12381126423019609 0.0007498350487118444
2.15 0.12380374422420543 0.0007561640484103904
2.16 0.12379614094922788 0.0007603274977547869
2.17 0.12378853767425033 0.0007603274977547869
2.18 0.12378093439927278 0.0007629445083567887
2.19 0.12377327878408319 0.0007694595932985493
2.2 0.1237655452074068 0.000773357667638308
2.21 0.12375781163073044 0.0007733576676374199
2.22 0.12375007805405405 0.0007764665107217184
2.23 0.123742282300516 0.0007831707844747626
2.24 0.12373441463836454 0.0007867662151452848
2.25 0.12372654697621309 0.0007867662151452848
2.26 0.12371867931406164 0.0007904089703698602
2.27 0.12371073879680569 0.000797305421044392
2.28 0.12370273320564076 0.0008005591164925718
2.29 0.12369472761447584 0.0008005591164925718
2.3 0.12368672202331091 0.0008047800118990978
2.31 0.12367863201423786 0.00081187180904152
2.32 0.12367048458713006 0.0008147427107800809
2.33 0.12366233716002227 0.0008147427107791927
2.34 0.12365418973291448 0.0008195872873235643
2.35 0.1236459454142758 0.0008268777655544568
2.36 0.12363765217760339 0.0008293236672409776
2.37 0.123629358940931 0.0008293236672400894
2.38 0.1236210657042586 0.0008348384671439391
2.39 0.12361266217158812 0.0008423310705989451
2.4 0.12360421908284662 0.0008443088741501015
2.41 0.12359577599410511 0.0008443088741501015
2.42 0.12358733290536361 0.0008505410627304144
2.43 0.1235787651728505 0.0008582393833300728
2.44 0.12357016811769701 0.00085970551534853
2.45 0.12356157106254353 0.0008597055153476418
2.46 0.12355297400739006 0.0008667026065110051
2.47 0.12354423701041331 0.000874610497126227
2.48 0.12353548179744754 0.0008755212965771975
2.49 0.12352672658448176 0.0008755212965780856
2.5 0.12351797137151599 0.0008833302555499856
2.51 0.12350905997937076 0.0008914517821922985
2.52 0.12350014233587213 0.0008917643498627115
2.53 0.1234912246923735 0.0008920920914405883
2.54 0.12348230049404332 0.0009004315176701638
2.55 0.1234732160620201 0.0009084432023227507
2.56 0.12346413162999686 0.0009084432023227507
2.57 0.12345504719797362 0.0009094517546914815
2.58 0.12344594259490303 0.0009180137242630337
2.59 0.12343668692348835 0.0009255671414694078
2.6 0.12342743125207364 0.0009255671414694078
2.61 0.12341817558065896 0.0009272946998866161
2.62 0.12340888535807591 0.0009360842014221049
2.63 0.12339945389663051 0.0009431461445394973
2.64 0.12339002243518513 0.0009431461445394973
2.65 0.12338059097373973 0.0009456282395490234
2.66 0.12337110987039415 0.0009546506222015694
2.67 0.1233614979612957 0.0009611909098454774
2.68 0.12335188605219724 0.0009611909098454774
2.69 0.12334227414309878 0.0009644597999356463
2.7 0.12333259685619852 0.0009737208909976758
2.71 0.12332279972527883 0.00097971309196776
2.72 0.12331300259435916 0.00097971309196776
2.73 0.12330320546343948 0.000983797123490504
2.74 0.12329332665188936 0.0009933033102189626
2.75 0.12328333939723508 0.0009987254654282296
2.76 0.1232733521425808 0.0009987254654291178
2.77 0.12326336488792651 0.0010036484310580462
2.78 0.12325327917395963 0.001013406731524391
2.79 0.12324309675329602 0.0010182420663609193
2.8 0.1232329143326324 0.0010182420663618075
2.81 0.1232227319119688 0.0010240225644180256
2.82 0.12321243388134405 0.0010340407166680166
2.83 0.12320205109763543 0.0010382783708609011
2.84 0.12319166831392682 0.0010382783708609011
2.85 0.1231812855302182 0.0010449292101499807
2.86 0.12317076972972384 0.0010552158283534396
2.87 0.12316018121365113 0.0010588516072704834
2.88 0.12314959269757843 0.0010588516072695953
2.89 0.12313900418150572 0.0010663790735838674
2.9 0.12312826511610676 0.0010769437261837211
2.91 0.12311746530698205 0.0010799809124728554
2.92 0.12310666549785733 0.001079980912470191
2.93 0.12309586568873263 0.001088384136965992
2.94 0.123084897815118 0.0010992375789591335
2.95 0.12307388093715345 0.0011016877964546978
2.96 0.1230628640591889 0.001101687796455586
2.97 0.12305184718122435 0.0011109579937764735
2.98 0.12304064489931336 0.0011221122900986202
2.99 0.12302940493542237 0.001123996389098103
3.0 0.1230181649715314 0.001123996389098103
3.01 0.1230069250076404 0.0011341160836053632
3.02 0.1229954826498593 0.0011455848833268334
3.03 0.12298401330997387 0.0011469339885428198
3.04 0.12297254397008843 0.001146933988543708
3.05 0.122961074630203 0.001157876109369127
3.06 0.12294938644790104 0.0011696748619467456
3.07 0.12293768113296406 0.001170531493698057
3.08 0.12292597581802707 0.0011705314936989453
3.09 0.12291427050309009 0.0011822585056311397
3.1 0.12290233064791443 0.0011944047566379012
3.11 0.12289038240795734 0.001194823995709804
3.12 0.12287843416800025 0.0011948239957089157
3.13 0.12286648592804315 0.001207286705276367
3.14 0.12285428843389472 0.001219800464922649
3.15 0.12284208991874469 0.001219851515002368
3.16 0.12282989140359468 0.001220083771499958
3.17 0.1228176882433147 0.0012329878654453452
3.18 0.12280523164628578 0.0012456597028913663
3.19 0.12279277504925686 0.0012456597028913663
3.2 0.12278031845222794 0.0012460725929193117
3.21 0.12276785359739847 0.0012593931600575203
3.22 0.12275513058902679 0.0012723008371686717
3.23 0.1227424075806551 0.0012723008371686717
3.24 0.12272968457228342 0.0012727716177112214
3.25 0.12271695214830088 0.0012865385697891085
3.26 0.12270395380088764 0.0012998347413235578
3.27 0.1226909554534744 0.0012998347413226696
3.28 0.12267795710606116 0.0013002176177963065
3.29 0.12266495110111848 0.001314465229607542
3.3 0.122651667801469 0.0013283299649486935
3.31 0.12263838450181952 0.0013283299649478053
3.32 0.12262510120217003 0.001328452766721
3.33 0.1226118154464851 0.001343220318208438
3.34 0.12259823679580586 0.0013578650679235693
3.35 0.12258465814512663 0.0013578650679235693
3.36 0.1225710794944474 0.0013578650679235693
3.37 0.12255750084376815 0.001372857158270513
3.38 0.122543622351282 0.0013881896482788036
3.39 0.12252973705080257 0.0013885300479419271
3.4 0.12251585175032316 0.001388530047941039
3.41 0.12250196644984374 0.0014034358000305502
3.42 0.12248778303432256 0.0014193846187433579
3.43 0.12247357875746888 0.0014204276853675424
3.44 0.1224593744806152 0.0014204276853693187
3.45 0.1224451702037615 0.0014350232889004388
3.46 0.12243067401483718 0.001451646937992379
3.47 0.12241613726500164 0.0014536749835540874
3.48 0.1224016005151661 0.0014536749835531992
3.49 0.12238706376533058 0.0014676934377471085
3.5 0.12237224664641116 0.0014850581689955789
3.51 0.12235736260195067 0.0014884044460492518
3.52 0.12234247855749017 0.00148840444605014
3.53 0.12232759451302967 0.0015015263432909265
3.54 0.12231244803062435 0.001519706600813464
3.55 0.12229720038101341 0.001524764961094327
3.56 0.12228195273140248 0.0015247649610925507
3.57 0.12226670508179155 0.0015366077531835387
3.58 0.12225122057633882 0.0015556864521544256
3.59 0.12223559135274845 0.001562922359036989
3.6 0.12221996212915807 0.001562922359036989
3.61 0.1222043329055677 0.00157301773224372
3.62 0.12218850177451321 0.001593068036141787
3.63 0.12217247154484487 0.0016030229668340112
3.64 0.12215644131517653 0.0016030229668348994
3.65 0.12214041108550819 0.0016109309070762023
3.66 0.122124222697035 0.0016319608551738085
3.67 0.12210777186840473 0.001645082863026559
3.68 0.12209132103977446 0.001645082863026559
3.69 0.1220748702111442 0.0016508656856952797
3.7 0.12205830372606055 0.0016728955040896665
3.71 0.1220414123010624 0.0016891424998153326
3.72 0.12202452087606426 0.0016891424998144444
3.73 0.12200762945106611 0.0016929430872405504
3.74 0.12199066201431945 0.001716048020959704
3.75 0.12197330849064693 0.0017353523672509752
3.76 0.12195595496697442 0.0017353523672509752
3.77 0.1219386014433019 0.0017373149624448914
3.78 0.12192120866772552 0.0017615743697811936
3.79 0.12190336995590627 0.001783871181924468
3.8 0.12188553124408703 0.0017838711819235797
3.81 0.1218676925322678 0.001784140250015831
3.82 0.12184984843908671 0.0018096286846347454
3.83 0.1218314999585751 0.0018348480511596321
3.84 0.12181315147806351 0.0018348480511596321
3.85 0.12179480299755191 0.0018348480511605203
3.86 0.1217764545170403 0.0018603602192719393
3.87 0.12175759579316647 0.0018871454257247677
3.88 0.12173871160852581 0.001888418464065289
3.89 0.12171982742388517 0.001888418464065289
3.9 0.1217009432392445 0.001913897134921072
3.91 0.12168154948118674 0.0019420377135146438
3.92 0.1216621024849742 0.001944699621255097
3.93 0.12164265548876166 0.0019446996212533207
3.94 0.12162320849254911 0.001970345415262642
3.95 0.12160324858045642 0.0019998875131470584
3.96 0.12158321074228617 0.002003783817024818
3.97 0.12156317290411592 0.002003783817024818
3.98 0.12154313506594568 0.0020297821676793504
3.99 0.12152257726076234 0.002060757702651017
4.0 0.12150191991189266 0.002065734886967263
4.01 0.12148126256302298 0.002065734886967263
4.02 0.12146060521415332 0.0020922473514346507
4.03 0.12143941761599426 0.0021246727732577853
4.04 0.12141811175868818 0.0021305857306082032
4.05 0.12139680590138209 0.0021305857306082032
4.06 0.121375500044076 0.002157740051039525
4.07 0.12135365110036128 0.0021916150094414277
4.08 0.1213316677438872 0.0021983356474075677
4.09 0.12130968438741313 0.0021983356474075677
4.1 0.12128770103093905 0.002226064133810546
4.11 0.1212651631047369 0.0022611747401724003
4.12 0.12124247753613564 0.0022685568601259476
4.13 0.12121979196753437 0.0022685568601268358
4.14 0.12119710639893311 0.0022977817185472205
4.15 0.1211738363331634 0.0023335418123364704
4.16 0.1211504355626864 0.002340077047701783
4.17 0.12112703479220938 0.002340077047701783
4.18 0.12110363402173235 0.002374298416293996
4.19 0.12107954882388347 0.0024103519585603195
4.2 0.12105542698256117 0.002412184132230877
4.21 0.12103130514123885 0.0024187448008481383
4.22 0.1210070520865442 0.0024549764130625817
4.23 0.12098220561297757 0.002484647356665093
4.24 0.12095735913941093 0.0024846473566633165
4.25 0.12093251266584429 0.002503109048272556
4.26 0.12090729695844547 0.002539380639422717
4.27 0.12088172505305585 0.002557190538961862
4.28 0.12085615314766622 0.0025571905389636385
4.29 0.1208305812422766 0.0025909849329339707
4.3 0.12080433344900755 0.002627232658285017
4.31 0.12077803658911089 0.002629685989665731
4.32 0.12075173972921421 0.002645576574158426
4.33 0.12072512505762775 0.0026818228049192427
4.34 0.12069810327311584 0.002702178451192694
4.35 0.1206710814886039 0.002702543419323966
4.36 0.12064405240472934 0.002738845172170379
4.37 0.12061630458516051 0.0027747819568819665
4.38 0.12058855676559169 0.0027747819568828547
4.39 0.12056080894602286 0.00279759782476674
4.4 0.12053260480909633 0.002833866087472714
4.41 0.12050413162427343 0.002847318482290362
4.42 0.12047565843945052 0.00285812496949589
4.43 0.12044696912488351 0.0028941894836291837
4.44 0.12041777464977793 0.0029194475105578377
4.45 0.12038858017467235 0.002920393861955972
4.46 0.12035936677253882 0.002956243560781502
4.47 0.12032945530345672 0.002991146908208897
4.48 0.12029954383437462 0.0029911469082106734
4.49 0.12026963236529252 0.0030195527102501174
4.5 0.12023915278016963 0.003055204888496199
4.51 0.12020852826752261 0.0030624512647019486
4.52 0.12017790375487558 0.0030838806112996053
4.53 0.1201468506552966 0.003119309275855464
4.54 0.12011551756935848 0.00313330859381189
4.55 0.12008418448342036 0.003149112991725822
4.56 0.12005253530952396 0.0031843239606299534
4.57 0.12002049800420772 0.0032037305316245934
4.58 0.11998846069889148 0.003214997060544178
4.59 0.11995619806299684 0.00325000487079663
4.6 0.11992346060147555 0.0032737461521286093
4.61 0.11989072313995425 0.0032813382018508364
4.62 0.11985783383743855 0.003316143327144694
4.63 0.11982440027341135 0.003343356402720765
4.64 0.11979096670938413 0.0033479472884483386
4.65 0.11975744132764235 0.003382540839296233
4.66 0.11972331589259823 0.0034125435044121133
4.67 0.1196891904575541 0.0034146203011182763
4.68 0.11965502348657586 0.0034489915801980686
4.69 0.11962021062595013 0.0034812860625734743
4.7 0.1195853977653244 0.0034812860625734743
4.71 0.11955058490469866 0.0035152040381412064
4.72 0.11951509368456158 0.0035492871159217287
4.73 0.11947959916238021 0.0035494522181380717
4.74 0.11944410464019885 0.0035810897968211464
4.75 0.11940797736644379 0.0036147833757347314
4.76 0.11937180897268415 0.0036168393759643536
4.77 0.1193356405789245 0.0036465565015264545
4.78 0.11929887784265361 0.0036798075058106505
4.79 0.11926204442880829 0.0036833413845318574
4.8 0.11922521101496297 0.0037113920930131883
4.81 0.11918781658694802 0.0037442220822692107
4.82 0.11915032657331757 0.0037490013630456787
4.83 0.11911283655968713 0.0037752812195277485
4.84 0.11907482094892702 0.003807768905275566
4.85 0.11903668118158163 0.003813976734538649
4.86 0.11899854141423623 0.003837744921693975
4.87 0.11895992628314776 0.003869844521557475
4.88 0.11892114452380508 0.003878175934268313
4.89 0.1188823627644624 0.0038991696113974683
4.9 0.11884316113157711 0.003930852336599067
4.91 0.11880374571773042 0.003941541384669733
4.92 0.11876433030388373 0.0039589289813628525
4.93 0.11872456713810316 0.00399031356091939
4.94 0.11868452403266533 0.004004310543783696
4.95 0.11864448092722751 0.004016737038314844
4.96 0.11860418929189905 0.004047855057502936
4.97 0.11856352382607745 0.004066546582158104
4.98 0.11852285836025586 0.004072726408041127
4.99 0.11848206929791663 0.004103617829128936
5.0 0.11844078600367329 0.004128329424334609
5.01 0.11839950270942995 0.004128329424333721
5.02 0.11835821941518661 0.0041568364421431525
5.03 0.11831636598058706 0.004187601518289341
5.04 0.11827446738482082 0.004189859576624322
5.05 0.11823256878905458 0.004207768929712863
5.06 0.11819031200622657 0.0042383575644642235
5.07 0.11814780163776527 0.004251036846131484
5.08 0.11810529126930396 0.004255883986340692
5.09 0.11806268395803844 0.004286202282204776
5.1 0.11801956722365987 0.004311673437856101
5.11 0.11797645048928129 0.004311673437859653
5.12 0.11793333375490271 0.004332439128315713
5.13 0.11788980170671498 0.004362127724287568
5.14 0.11784609120041696 0.004371050629800699
5.15 0.11780238069411895 0.00437721544459535
5.16 0.11775854689152505 0.004406182599296038
5.17 0.11771425704213304 0.004428984939202074
5.18 0.11766996719274102 0.004428984939200298
5.19 0.117625677343349 0.004448651892978717
5.2 0.11758099415488146 0.004476871021110718
5.21 0.1175361399229268 0.004485423195465188
5.22 0.11749128569097216 0.004489592174111046
5.23 0.11744634807944457 0.004517025707384548
5.24 0.11740094517682446 0.004540290262010416
5.25 0.11735554227420436 0.004540290262010416
5.26 0.11731013937158426 0.004555659473549412
5.27 0.11726442908473336 0.004582287886320202
5.28 0.11721849361385782 0.0045935470875555495
5.29 0.11717255814298227 0.004593547087553773
5.3 0.11712662267210674 0.00461863023487652
5.31 0.11708018553828474 0.004644450206959583
5.32 0.11703373366796753 0.004645187031720788
5.33 0.11698728179765033 0.0046535497764566
5.34 0.1169406626724384 0.004678581824939521
5.35 0.11689371016115155 0.004695251128684852
5.36 0.11684675764986469 0.00469525112868574
5.37 0.11679980513857784 0.004711346286510043
5.38 0.1167525307241345 0.00473560047831878
5.39 0.11670509312901145 0.00474375951230499
5.4 0.11665765553388839 0.004743759512306767
5.41 0.11661021793876535 0.004766681037037479
5.42 0.11656232191314764 0.004790130978785001
5.43 0.11651441531918964 0.004790659395800034
5.44 0.11646650872523164 0.004797253900920673
5.45 0.11641847024117126 0.004819935800155939
5.46 0.11637011000922852 0.004836023194274119
5.47 0.11632174977728578 0.004836023194273231
5.48 0.11627338954534304 0.004849304745139449
5.49 0.11622476368238302 0.004871359451762203
5.5 0.1161759623563078 0.004880132607522292
5.51 0.11612716103023257 0.004880132607522292
5.52 0.11607835970415735 0.004899803590248553
5.53 0.11602916495842758 0.00492138544459042
5.54 0.11597993199526554 0.004923296316203363
5.55 0.11593069903210351 0.0049279231685650515
5.56 0.11588137353189423 0.004949199674328497
5.57 0.11583171503861693 0.004965849327731142
5.58 0.11578205654533961 0.004965849327731142
5.59 0.11573239805206231 0.004976843298383216
5.6 0.11568251967937196 0.004997987817762173
5.61 0.11563243829570705 0.005008138366491721
5.62 0.11558235691204213 0.005008138366490833
5.63 0.11553227552837722 0.005025475813041247
5.64 0.11548184739578132 0.005046667029836804
5.65 0.11543134218778046 0.005050520800086389
5.66 0.11538083697977962 0.005052914716292989
5.67 0.11533028389345461 0.005074331460314774
5.68 0.11527935035057332 0.005093354288127294
5.69 0.11522841680769202 0.0050933542881290705
5.7 0.11517748326481074 0.005102094267871671
5.71 0.11512637492233459 0.005123914525041684
5.72 0.1150750049743099 0.005136994802467321
5.73 0.11502363502628521 0.005136994802469985
5.74 0.11497226507826051 0.005152315376554917
5.75 0.11492058871875412 0.005174713697867261
5.76 0.11486877080430316 0.005181791445095563
5.77 0.1148169528898522 0.0051817914450946745
5.78 0.11476513497540124 0.00520406458502265
5.79 0.11471287159815177 0.005227209021566814
5.8 0.1146605907949699 0.0052280803181865565
5.81 0.11460830999178805 0.005233740080017313
5.82 0.11455591599336953 0.005257792217085999
5.83 0.11450315414744634 0.0052761845923186
5.84 0.11445039230152317 0.005276184592317712
5.85 0.11439763045559999 0.005288815901067778
5.86 0.11434461598350179 0.005313925193453528
5.87 0.11429135195173092 0.0053264031770883236
5.88 0.11423808791996003 0.0053264031770883236
5.89 0.11418482388818915 0.00534655056850486
5.9 0.11413115690858991 0.0053728527535215065
5.91 0.11407736683311873 0.005379007547118064
5.92 0.11402357675764754 0.0053796785519049095
5.93 0.11396977326208063 0.005407292548044396
5.94 0.11391543090668663 0.005434235539400589
5.95 0.11386108855129264 0.005434235539399701
5.96 0.11380674619589864 0.005442318946696112
5.97 0.11375224217235873 0.00547133983572845
5.98 0.11369731939918407 0.005492277317466154
5.99 0.11364239662600942 0.005492277317465266
6.0 0.11358747385283477 0.005508430935785569
6.01 0.1135322280072937 0.005538927213463829
6.02 0.1134766953085655 0.0055532698728208985
6.03 0.11342116260983727 0.005553269872821787
6.04 0.11336562991110906 0.005578193026961387
6.05 0.11330959874929805 0.005610204525163809
6.06 0.11325342582060578 0.005617292869225743
6.07 0.11319725289191351 0.00561817283196131
6.08 0.11314106236396658 0.005651706685282143
6.09 0.11308421875820789 0.005684360575869185
6.1 0.11302737515244919 0.005684360575870073
6.11 0.11297053154669048 0.005693961753939547
6.12 0.1129134959173704 0.005728992223326124
6.13 0.11285595170222397 0.005754421514644115
6.14 0.11279840748707753 0.0057544215146432265
6.15 0.11274086327193109 0.00577352962200095
6.16 0.11268293689463753 0.005810001562648992
6.17 0.1126246632406781 0.005827365395943751
6.18 0.11256638958671866 0.005827365395941975
6.19 0.11250811593275924 0.005856796774567741
6.2 0.11244925365122731 0.005894632942137434
6.21 0.11239022327391648 0.005903037731081362
6.22 0.11233119289660567 0.005904534711022258
6.23 0.11227213257969601 0.005943635730809582
6.24 0.11221232018198951 0.005981239770648905
6.25 0.11215250778428303 0.005981239770648905
6.26 0.11209269538657653 0.0059936902262318625
6.27 0.11203263397975839 0.006033929614976508
6.28 0.11197201679427699 0.006061718548139972
6.29 0.1119113996087956 0.006061718548139083
6.3 0.11185078242331421 0.006086389288140204
6.31 0.1117896718230328 0.006127645923555747
6.32 0.11172822950484307 0.006144231818973722
6.33 0.11166678718665334 0.006144231818972834
6.34 0.1116053448684636 0.006182394876124597
6.35 0.11154313928913084 0.006224544461671755
6.36 0.11148085397923015 0.006228530990069814
6.37 0.11141856866932946 0.006238874095474856
6.38 0.11135607649732064 0.00628179564148823
6.39 0.1112929327564997 0.006314374082094787
6.4 0.11122978901567873 0.006314374082096563
6.41 0.11116664527485777 0.006340696125306522
6.42 0.1111029750931726 0.0063843355042081384
6.43 0.11103895856477361 0.006401652839898908
6.44 0.11097494203637462 0.006401652839899796
6.45 0.11091092550797564 0.006445464734723849
6.46 0.11084603274168014 0.006489740461478988
6.47 0.11078113069874607 0.006490204293407409
6.48 0.11071622865581197 0.00650808595076402
6.49 0.1106509689797308 0.006552754009031325
6.5 0.11058517357563136 0.006579540409943796
6.51 0.11051937817153193 0.006579540409942908
6.52 0.1104535827674325 0.00661758645932764
6.53 0.11038702644234534 0.006662248690683548
6.54 0.11032033779361884 0.006668864872650282
6.55 0.11025364914489234 0.006684368301499433
6.56 0.11018665042758886 0.006728520497107482
6.57 0.11011907873495018 0.006757169263868157
6.58 0.11005150704231151 0.006757169263867269
6.59 0.10998393534967284 0.0067959521878755424
6.6 0.109915587998554 0.006838851900283771
6.61 0.10984715831166715 0.006842968688683726
6.62 0.10977872862478033 0.00686392946151404
6.63 0.10970987972243688 0.0069045480181877394
6.64 0.10964063766441656 0.006924205802032013
6.65 0.10957139560639623 0.006931317281603455
6.66 0.10950201131878451 0.0069684021568994226
6.67 0.10943202756325825 0.006998375552625724
6.68 0.10936204380773198 0.006998375552625724
6.69 0.10929206005220572 0.007028569088466163
6.7 0.10922147242596268 0.007060882087933429
6.71 0.10915084241044706 0.0070630015515620315
6.72 0.10908021239493144 0.007082930182714442
6.73 0.10900918380679274 0.0071096464603535026
6.74 0.10893801946572439 0.007116434106835712
6.75 0.10886685512465603 0.007129669327439636
6.76 0.1087954260791756 0.007150756663802937
6.77 0.10872383999137997 0.007158608779562314
6.78 0.10865225390358434 0.007168031984463141
6.79 0.10858047935169074 0.007184323770817791
6.8 0.10850856742816797 0.007191192352276055
6.81 0.10843665550464521 0.007198881816480096
6.82 0.10836458979183836 0.007211776984809681
6.83 0.10829241996494904 0.0072169826889325606
6.84 0.1082202501380597 0.007224452039578111
6.85 0.10814793092415748 0.007235463136911591
6.86 0.10807554087532147 0.007239004883601297
6.87 0.10800315082648547 0.0072475431134044754
6.88 0.10793059001305338 0.007257952636725129
6.89 0.10785799177375098 0.00726000234458013
6.9 0.10778538996616174 0.007270740555408217
6.91 0.10771257696264283 0.007281300351892561
6.92 0.1076397639591239 0.007284354922987291
6.93 0.1075668898641831 0.007296039810600341
6.94 0.10749384316291188 0.007304670127122215
6.95 0.10742079646164067 0.007311813887408647
6.96 0.1073476068851637 0.007324851546656852
6.97 0.10727429943070753 0.007330745445617737
6.98 0.10720099197625134 0.007343498927520287
6.99 0.10712742945215714 0.007358173225770592
7.0 0.10705382851173594 0.00736369386920277
7.01 0.1069801555747731 0.0073802184057170095
7.02 0.1069062241436216 0.00739314311515038
7.03 0.10683229271247008 0.007404028045528754
7.04 0.10675814358271103 0.0074225617570577995
7.05 0.10668384147732893 0.007430210538210247
7.06 0.10660953937194684 0.0074502577435922035
7.07 0.10653483632245707 0.007470904882675988
7.08 0.10646012127429333 0.0074797810755056204
7.09 0.10638524070094696 0.007502594660756756
7.1 0.10631006938107819 0.007517131986876535
7.11 0.10623489806120942 0.00753606442371435
7.12 0.10615934809260391 0.007561063081707786
7.13 0.10608367679957527 0.007571195256964813
7.14 0.10600792418746462 0.007598387436512866
7.15 0.105931709050845 0.007621513661963064
7.16 0.10585549391422537 0.007637226333495839
7.17 0.10577896452417508 0.0076666295119833805
7.18 0.10570216132398572 0.0076803200189354826
7.19 0.10562535812379636 0.007709022144216426
7.2 0.10554798088110139 0.007740669951093793
7.21 0.10547054472477449 0.007752504407965155
7.22 0.10539293079294208 0.0077864459113117235
7.23 0.10531481580654824 0.00781149863938424
7.24 0.1052367008201544 0.007833036757596723
7.25 0.10515815507139631 0.007869333691732372
7.26 0.10507931414631975 0.00788409250765465
7.27 0.10500047322124322 0.00791873188483283
7.28 0.10492093950862308 0.007957445031490984
7.29 0.10484132432061341 0.007968091947387457
7.3 0.10476157766967534 0.008009274869491989
7.31 0.10468113882322357 0.008043884645176469
7.32 0.10460069997677178 0.00806047671561494
7.33 0.10451992928891128 0.008104138022123841
7.34 0.1044386172163293 0.008131207258197826
7.35 0.10435730514374732 0.00815653148347284
7.36 0.10427548658665982 0.008202583458614576
7.37 0.10419325347457503 0.008223311208478634
7.38 0.10411102036249024 0.008255267206843442
7.39 0.10402814813043817 0.008303487560189282
7.4 0.10394495061128646 0.008319751915171203
7.41 0.10386175309213476 0.008355338355982234
7.42 0.10377784384416683 0.008405327645207628
7.43 0.10369364653923062 0.008419730493620214
7.44 0.1036094492342944 0.008455108551991053
7.45 0.10352454436819081 0.00850628889144911
7.46 0.1034393234564654 0.008522091172538993
7.47 0.10335410254474002 0.008552928363587675
7.48 0.10326826488919362 0.008604641510978617
7.49 0.10318200971452046 0.008625517467316435
7.5 0.1030957545398473 0.008647144859702749
7.51 0.10300906681732641 0.008698650564728183
7.52 0.10292178152855275 0.008728528877366415
7.53 0.10283449623977907 0.008737487143587686
7.54 0.102747031785681 0.008787903444591016
7.55 0.10265873817088725 0.008829361479373965
7.56 0.10257044455609352 0.008829361479373077
7.57 0.10248215094129975 0.008874215332384416
7.58 0.10239296024944583 0.008922987847979513
7.59 0.10230369118434016 0.008926906510567711
7.6 0.10221442211923448 0.008957183397445334
7.61 0.10212454751639123 0.009004519611056416
7.62 0.10203433172701336 0.009021578937787211
7.63 0.10194411593763548 0.009037244419447532
7.64 0.1018535868386244 0.009083413861273648
7.65 0.10176244766040998 0.009113917821442108
7.66 0.10167130848219558 0.009115525566049776
7.67 0.10158013714908899 0.009160824457623562
7.68 0.1014880919930431 0.009204515604588792
7.69 0.1013960468369972 0.00920451560458968
7.7 0.10130400168095131 0.009238182247998772
7.71 0.10121128319203723 0.009283126963794075
7.72 0.10111833914167544 0.00929440503617851
7.73 0.10102539509131364 0.00931589978479952
7.74 0.10093202114597945 0.009361301084340745
7.75 0.10083816906962684 0.009385207635260961
7.76 0.10074431699327424 0.009394242900365057
7.77 0.10065028421161953 0.009440828556641634
7.78 0.10055550042214138 0.00947837894781589
7.79 0.10046071663266323 0.00947837894781589
7.8 0.10036593284318508 0.009522827031992698
7.81 0.10027026009202339 0.00957107654251299
7.82 0.10017451131233479 0.009574877968859141
7.83 0.1000787625326462 0.009608429367636617
7.84 0.09998234272498206 0.009658865085927282
7.85 0.09988558523092766 0.00967574940544047
7.86 0.09978882773687324 0.009697062076445384
7.87 0.09969164398939877 0.009750296541946923
7.88 0.0995938218060343 0.00978221833644799
7.89 0.0994959996226698 0.00978733344587468
7.9 0.09939807513711678 0.0098433528466364
7.91 0.0992991325657371 0.009894257137968765
7.92 0.0992001899943574 0.009894257137969653
7.93 0.0991012474229777 0.00994012598245586
7.94 0.09900138747470826 0.009998332596458326
7.95 0.09890128077104854 0.010010670365971919
7.96 0.09880117406738882 0.01003826339716607
7.97 0.09870051550310521 0.01009810556632651
7.98 0.09859921195606228 0.010130354704293687
7.99 0.09849790840901936 0.01013933259076083
8.0 0.09839642530424707 0.010198979744466818
8.01 0.09829392881413002 0.010249649011704776
8.02 0.09819143232401296 0.010249649011705664
8.03 0.09808893583389591 0.010305405491062736
8.04 0.09798532421419172 0.010363029585239047
8.05 0.09788167524219112 0.010364897200059175
8.06 0.09777802627019053 0.01041309455495032
8.07 0.09767341335109211 0.010468761692532524
8.08 0.09756865103633988 0.010476231475223585
8.09 0.09746388872158765 0.010519288137204263
8.1 0.0973582652735958 0.010572939794355918
8.11 0.09725242992570053 0.010583534789526894
8.12 0.09714659457780526 0.0106235280559428
8.13 0.09703995936458165 0.010674933229493533
8.14 0.09693309591321539 0.010686345136625697
8.15 0.09682623246184913 0.010724914718862166
8.16 0.09671859761883815 0.010774083211805952
8.17 0.09661075079761301 0.010784682122514155
8.18 0.09650290397638787 0.010822121324046918
8.19 0.09639430837113208 0.010869094993718242
8.2 0.09628552207651352 0.010878629461855915
8.21 0.09617673578189495 0.010915862951879518
8.22 0.09606720481747591 0.010960498699919441
8.23 0.09595752580789657 0.010967900957934873
8.24 0.09584784679831723 0.011005537371962859
8.25 0.09573741506045731 0.01104807703366184
8.26 0.095626885257644 0.011052980281331948
8.27 0.09551635545483068 0.011091137499144033
8.28 0.09540506250766112 0.01113200742381526
8.29 0.09529371530635439 0.011134720130672626
8.3 0.09518236810504764 0.011173449553494308
8.31 0.09507024631528449 0.011213254665478622
8.32 0.09495810301173807 0.011214754569469854
8.33 0.0948459512238951 0.01125427239992316
8.34 0.0947330175637396 0.011293366015549644
8.35 0.0946200839035841 0.01129553789101756
8.36 0.09450710680591926 0.01133570353164881
8.37 0.09439336983295113 0.011373697296812146
8.38 0.09427963285998299 0.011377730939307718
8.39 0.09416581521416496 0.011419476945818019
8.4 0.09405124332106662 0.011457189309834526
8.41 0.09393667142796829 0.011463068794586029
8.42 0.09382198194517492 0.011507134486351767
8.43 0.09370652873824124 0.01154532069336689
8.44 0.09359107553130758 0.011552913157903077
8.45 0.0934754704750832 0.01159984818326798
8.46 0.0933590785676422 0.011639190744097583
8.47 0.09324268666020122 0.011647698468653545
8.48 0.09312612459826912 0.011697857967732261
8.49 0.09300872950084657 0.011739509742255017
8.5 0.09289133440342402 0.011747471502285833
8.51 0.09277378007080085 0.011800478054014185
8.52 0.09265532484234375 0.011845522845710832
8.53 0.09253686961388664 0.011851002820708167
8.54 0.09241830478592959 0.01190586009040917
8.55 0.09229875241207847 0.011955237385111062
8.56 0.09217920003822737 0.011955237385109285
8.57 0.09205964766437628 0.012010154274905815
8.58 0.09193899695272925 0.012065210727834064
8.59 0.09181834344981961 0.012065350290964005
8.6 0.09169768994690998 0.012111734829937326
8.61 0.09157610875322088 0.012164679770184428
8.62 0.09145439635150629 0.012171240171458209
8.63 0.09133268394979169 0.012210534239290638
8.64 0.09121018566672046 0.01225937188637527
8.65 0.0910874965120642 0.012268915465625696
8.66 0.09096480735740793 0.012303928618944582
8.67 0.09084141793968531 0.012347165576080066
8.68 0.09071786404588635 0.012355389379896664
8.69 0.09059431015208738 0.012387275819267352
8.7 0.090470118529501 0.01242378322732307
8.71 0.09034583448754091 0.012428404196006326
8.72 0.09022155044558086 0.012457053884432412
8.73 0.09009669340985227 0.012486039269767879
8.74 0.0899718296601855 0.012489798088583193
8.75 0.08984689744808061 0.01251143243880648
8.76 0.08972160101140939 0.012529643667122059
8.77 0.08959630457473816 0.012535582105699383
8.78 0.0894708893692954 0.012550921650661628
8.79 0.08934528614172495 0.012560322757045661
8.8 0.08921968291415447 0.012567439330958052
8.81 0.08909393735510576 0.01257789797104003
8.82 0.08896812495473368 0.012581416879567264
8.83 0.08884230901751443 0.012588229581967703
8.84 0.08871636036309434 0.012594865442009606
8.85 0.08859041170867424 0.012596596694919526
8.86 0.08846442842919594 0.012600832664008799
8.87 0.08833839505539406 0.012603337380188151
8.88 0.08821236168159216 0.012605450075366065
8.89 0.08808628605388673 0.012608076590924
8.9 0.08796020014977368 0.012608945944064587
8.91 0.08783410713500545 0.012610886501078333
8.92 0.08770798241975211 0.012612471525334179
8.93 0.08758185770449878 0.01261334905872058
8.94 0.0874557154385777 0.012615060245316556
8.95 0.08732955649959244 0.012615893898526132
8.96 0.08720339756060716 0.012616705080622737
8.97 0.08707722239797998 0.012617768787412054
8.98 0.08695104218485893 0.012618021312106542
8.99 0.08682486197173786 0.012617202535833094
9.0 0.08669869813414227 0.012616286534870014
9.01 0.08657253624104046 0.01261618931018127
9.02 0.08644637434793864 0.012612295571519105
9.03 0.08632029032961008 0.012607997803372406
9.04 0.08619421439187121 0.01260759377388787
9.05 0.0860681384541323 0.012598354327410632
9.06 0.08594224730532297 0.012588252532911959
9.07 0.08581637340347407 0.012587390184890523
9.08 0.08569049950162518 0.012571824341476301
9.09 0.08556493691664456 0.012554957349172113
9.1 0.08543940035464173 0.012553656200283037
9.11 0.0853138637926389 0.012532090799459716
9.12 0.08518875853865254 0.012508979035082746
9.13 0.08506368421193723 0.012507432671529095
9.14 0.08493860988522194 0.012481139554258114
9.15 0.08481406142085207 0.012453352972211285
9.16 0.08468954282577772 0.012451859507436325
9.17 0.08456502423070336 0.01242232533683385
9.18 0.08444109631904104 0.012391530071282908
9.19 0.08431719362927771 0.012390268976333552
9.2 0.08419329093951439 0.012358387671713267
9.21 0.08407002587584343 0.012325656039827493
9.22 0.08394677781871782 0.012324805712562004
9.23 0.0838235297615922 0.012291129296276182
9.24 0.0837009552327923 0.012256997102810807
9.25 0.08357838981953598 0.012256541325631254
9.26 0.08345582440627967 0.012221020335565491
9.27 0.08333396941282467 0.012185489668509852
9.28 0.08321211461290949 0.012185207999143799
9.29 0.0830902652528418 0.012148548253108515
9.3 0.0829691436478473 0.012112160499447633
9.31 0.08284802204285283 0.01211167485514153
9.32 0.08272691015074449 0.01207465881354608
9.33 0.0826065288665819 0.01203812841625762
9.34 0.08248614758241933 0.01203781362186529
9.35 0.08236577259414461 0.012002009424505466
9.36 0.08224610739392922 0.011966520021538862
9.37 0.08212644219371383 0.011966520021538862
9.38 0.08200677699349843 0.011933392528192144
9.39 0.08188777434314996 0.011900252458159954
9.4 0.08176877194433523 0.011900239881474484
9.41 0.08164976954552047 0.011871496653228064
9.42 0.08153134201127067 0.011841996499608598
9.43 0.0814129296155283 0.011841239574237328
9.44 0.08129451721978592 0.01181711535344565
9.45 0.0811765873084594 0.011791343152554035
9.46 0.08105869035673481 0.011789695172457648
9.47 0.08094079340501024 0.011770028757879025
9.48 0.08082328978157724 0.011747537095659233
9.49 0.08070584266309706 0.011744711848018063
9.5 0.08058839554461689 0.011729364884176086
9.51 0.08047125536541355 0.011709653985435331
9.52 0.08035420246490818 0.01170529005053833
9.53 0.0802371495644028 0.011694061011358059
9.54 0.08012032124468103 0.01167650779865248
9.55 0.08000361940842973 0.01167018362512895
9.56 0.07988691757217845 0.011663246088501111
9.57 0.07977035448665971 0.011647128058211553
9.58 0.07965397501101422 0.011637947564549833
9.59 0.07953759553536872 0.01163585755328489
9.6 0.07942125785994852 0.01161992924789157
9.61 0.0793051969504109 0.011606090953763193
9.62 0.07918913604087327 0.011606090953763193
9.63 0.07907307513133562 0.011593886980878931
9.64 0.07895725830125568 0.011576526798147135
9.65 0.07884154459537268 0.01157137058830049
9.66 0.07872583088948967 0.0115693269562831
9.67 0.07861015805624702 0.011549039061152566
9.68 0.07849485010826662 0.011530794798040311
9.69 0.07837954216028623 0.011530794798039867
9.7 0.07826423421230583 0.01152411946431764
9.71 0.07814905977099985 0.011500513410119595
9.72 0.07803422394410342 0.011483582689644667
9.73 0.07791938811720697 0.011483582689644223
9.74 0.07780455229031054 0.011476507209926101
9.75 0.07768985797300845 0.011451456348144262
9.76 0.07757552316334766 0.011433480966079212
9.77 0.07746118835368687 0.011433480966079212
9.78 0.07734685354402608 0.011426933238328996
9.79 0.0772326496889203 0.011401503337197028
9.8 0.07711882347728213 0.011382621163814388
9.81 0.077004997265644 0.011382621163813944
9.82 0.07689117105400586 0.011378501138679997
9.83 0.0767774272428704 0.011354467566444093
9.84 0.07666408170267698 0.011334554019342136
9.85 0.07655073616248356 0.011334554019342136
9.86 0.07643739062229014 0.011333666369277129
9.87 0.07632406283509803 0.011312400955314494
9.88 0.07621114260318383 0.011292023191417755
9.89 0.07609822237126966 0.011292023191418199
9.9 0.07598530213935548 0.011292023191418643
9.91 0.07587238190744129 0.011275744234351404
9.92 0.07575978725466845 0.01125756307414072
9.93 0.07564723064595848 0.011255660870997275
9.94 0.0755346740372485 0.011255660870997719
9.95 0.07542211742853853 0.011244622107922098
9.96 0.07530978159509005 0.011229245484467576
9.97 0.07519753251884917 0.011224907624087788
9.98 0.0750852834426083 0.011224907624087788
9.99 0.07497303436636742 0.01121844506662173
10.0 0.07486091454127587 0.011205622801740311
10.01 0.07474892191033261 0.011199263094326284
10.02 0.07463692927938935 0.011199263094327172
10.03 0.07452493664844607 0.01119579059862863
10.04 0.07441301346741679 0.011185168918720567
10.05 0.07430123327007164 0.011178019734513267
10.06 0.07418945307272651 0.011178019734513711
10.07 0.07407767287538138 0.011175780690380499
10.08 0.0739659374589189 0.011166800184188475
10.09 0.07385433687169761 0.011160058722128774
10.1 0.07374273628447633 0.01116005872212833
10.11 0.07363113569725505 0.01115777110312699
10.12 0.0735195808624138 0.011149553729043582
10.13 0.07340814462267416 0.011143623973961514
10.14 0.07329670838293455 0.01114362397396107
10.15 0.07318527214319494 0.011140702295219906
10.16 0.07307389433703015 0.011132682405468053
10.17 0.07296261849508558 0.011127584194458695
10.18 0.07285134265314099 0.011127584194458695
10.19 0.07274006681119641 0.011124022960257385
10.2 0.07262886219393584 0.011116014379743078
10.21 0.07251774652360153 0.011111567033429193
10.22 0.07240663085326725 0.011111567033428305
10.23 0.07229551518293297 0.011108321422113487
10.24 0.07218446442482498 0.011101277462964187
10.25 0.07207348963367369 0.011097479115130149
10.26 0.07196251484252239 0.011097479115129705
10.27 0.0718515400513711 0.011095199625757335
10.28 0.07174061085000724 0.011090856563161555
10.29 0.07162972292010787 0.011088792989936813
10.3 0.07151883499020849 0.011088792989936369
10.31 0.07140794706030913 0.011085515324915196
10.32 0.07129712468371019 0.011082139252825307
10.33 0.07118630427525263 0.011082040845756591
10.34 0.07107548386679506 0.01107985117818
10.35 0.07096470725168903 0.011076507416852621
10.36 0.07085395371845801 0.011075353323102277
10.37 0.07074320018522699 0.011073506235705466
10.38 0.07063248359374388 0.011069528978798093
10.39 0.07052180960565102 0.011067398809286644
10.4 0.07041113561755816 0.011065883628761597
10.41 0.07030049193307579 0.011061103756923707
10.42 0.07018991354241969 0.011057839065609976
10.43 0.0700793351517636 0.011057032602281414
10.44 0.06996877289037406 0.011051660915962103
10.45 0.06985830193344436 0.011047095692970466
10.46 0.06974783097651464 0.011047095692970466
10.47 0.06963736001958494 0.011041674055392914
10.48 0.06952699749540679 0.011035953401919318
10.49 0.06941664095154655 0.011035654386023719
10.5 0.06930628440768632 0.01103162237032329
10.51 0.0691960085041401 0.011025656839355413
10.52 0.06908577127089922 0.011023723324087076
10.53 0.06897553403765835 0.011021619180071163
10.54 0.0688653388872978 0.011015010397026348
10.55 0.06875523382971781 0.01101050575799789
10.56 0.06864512877213783 0.01101050575799789
10.57 0.06853502371455786 0.01100388976730482
10.58 0.06842505097679173 0.010996253306576609
10.59 0.06831509864842633 0.010995232836540136
10.6 0.06820514632006093 0.010992545094504091
10.61 0.06809524774653625 0.010983857740876513
10.62 0.06798546916524341 0.01097785812928409
10.63 0.06787569058395056 0.01097785812928409
10.64 0.06776591200265772 0.010971122125434274
10.65 0.06765626814144188 0.01096137264074315
10.66 0.06754668454984286 0.010958359159901843
10.67 0.06743710095824385 0.010957908013772943
10.68 0.0673275263895674 0.010946472250172867
10.69 0.06721817151324039 0.010935487632702134
10.7 0.06710881663691337 0.01093548763270169
10.71 0.06699946176058634 0.010930936654000245
10.72 0.06689019790383335 0.010917298807509024
10.73 0.06678111578443617 0.010908211939717916
10.74 0.066672033665039 0.010908211939717027
10.75 0.06656295154564183 0.010898801034855854
10.76 0.06645405764434188 0.010882433388687662
10.77 0.06634530287786808 0.010875476647380644
10.78 0.06623654811139428 0.010875476647380644
10.79 0.06612779334492047 0.010860605708375104
10.8 0.06601933599722676 0.010841109207972988
10.81 0.065910971160761 0.010836483646575967
10.82 0.06580260632429524 0.010836483646575967
10.83 0.06569424148782949 0.010816204273887742
10.84 0.06558628223881749 0.01079350717301697
10.85 0.06547837134436915 0.010791089444834867
10.86 0.0653704604499208 0.010791089444834867
10.87 0.06526254955547246 0.010766566077105466
10.88 0.06515512912837867 0.010740895283882779
10.89 0.0650477316497948 0.010739747858387272
10.9 0.06494033417121094 0.010739747858387272
10.91 0.06483293669262706 0.01071263170474035
10.92 0.06472608153711613 0.010684295744574523
10.93 0.06461925077773557 0.010683075938056064
10.94 0.06451242001835501 0.010683075938056952
10.95 0.06440558925897444 0.010655473630604817
10.96 0.06429931054574291 0.01062442590685242
10.97 0.06419310074083738 0.010620980490552157
10.98 0.06408689093593187 0.0106209804905526
10.99 0.06398068113102634 0.0105972572176527
11.0 0.06387494579157882 0.010564155913694862
11.01 0.06376939801275244 0.010554777882638255
11.02 0.06366385023392605 0.010554777882639144
11.03 0.06355830245509966 0.010538200923596364
11.04 0.06345308621545413 0.010503319856933757
11.05 0.06334823605796097 0.010485015749314375
11.06 0.06324338590046782 0.01048501574931393
11.07 0.06313853574297469 0.010478930760272398
11.08 0.06303380728526238 0.01044232546478252
11.09 0.06292968923367905 0.010411805158333731
11.1 0.06282557118209571 0.010411805158333731
11.11 0.06272145313051238 0.010411805158334175
11.12 0.06261733507892903 0.010381421569428007
11.13 0.0625138246991238 0.0103427346888596
11.14 0.062410480385151824 0.010334431397197363
11.15 0.06230713607117985 0.010334431397197363
11.16 0.06220379175720788 0.010320385951955835
11.17 0.06210072835214074 0.010278682313380028
11.18 0.061998218110940286 0.010251024120045749
11.19 0.06189570786973983 0.010251024120045749
11.2 0.061793197628539374 0.010251024120045304
11.21 0.061690687387338905 0.010212057094471483
11.22 0.06158895648664993 0.010166298679641361
11.23 0.061487361413746076 0.01015950729038595
11.24 0.06138576634084222 0.01015950729038595
11.25 0.061284171267938364 0.010138607815089351
11.26 0.061182994184540436 0.010087746189121116
11.27 0.06108241634415595 0.010057784038449036
11.28 0.06098183850377146 0.010057784038449036
11.29 0.06088126066338697 0.010057381199714222
11.3 0.060780690879777166 0.010001878923128427
11.31 0.06068122308492439 0.009946779485277446
11.32 0.06058175529007162 0.009946779485277446
11.33 0.060482287495218855 0.009946779485277446
11.34 0.06038281970036608 0.00990961198246021
11.35 0.06028409525556965 0.00985156599346304
11.36 0.060185788380496826 0.009830687507282665
11.37 0.060087481505424 0.009830687507283109
11.38 0.05998917463035115 0.00981272602775407
11.39 0.05989122698486891 0.009755333470029104
11.4 0.059794067960950575 0.00971590239183362
11.41 0.05969690893703224 0.009715902391833175
11.42 0.05959974991311392 0.009714506540803747
11.43 0.05950261880621617 0.009659649209643018
11.44 0.059406556928921064 0.009606187729510385
11.45 0.059310495051625965 0.009606187729510829
11.46 0.05921443317433084 0.009606187729511273
11.47 0.05911837129703573 0.00956618950290844
11.48 0.05902310938427267 0.00951382895829811
11.49 0.05892809471786978 0.009501466640289724
11.5 0.05883308005146689 0.009501466640288836
11.51 0.058738065385064 0.00947575995800376
11.52 0.05864356485230682 0.009425494626873032
11.53 0.05854955549252655 0.009400935978026936
11.54 0.05845554613274628 0.009400935978026936
11.55 0.058361536772966 0.009388665180709577
11.56 0.05826777282913208 0.009340275713149104
11.57 0.058174731258703025 0.009304157042905548
11.58 0.05808168968827397 0.009304157042905103
11.59 0.057988648117844925 0.009304157042905103
11.6 0.05789560654741587 0.009258778386198596
11.61 0.05780347255012096 0.009212431873410587
11.62 0.057711357909947664 0.009211464017329973
11.63 0.057619243269774356 0.00921146401732953
11.64 0.05752712862960106 0.009182232500775989
11.65 0.05743559861975884 0.009138466222838204
11.66 0.0573443593051443 0.009123931461453516
11.67 0.057253119990529774 0.009123931461453516
11.68 0.05716188067591524 0.009111557499410061
11.69 0.057070888840541574 0.009070710489895717
11.7 0.05698046646611733 0.009042237442424828
11.71 0.056890044091693064 0.009042237442425272
11.72 0.056799621717268815 0.009042237442425272
11.73 0.05670919934284457 0.009009084032184589
11.74 0.056619440036625134 0.008970940946767314
11.75 0.05652978052390922 0.008965951271590722
11.76 0.05644012101119332 0.008965951271590722
11.77 0.05635046149847741 0.008953601873780137
11.78 0.05626104897371772 0.008918040058016441
11.79 0.05617210069731708 0.008894827640063774
11.8 0.05608315242091643 0.00889482764006333
11.81 0.0559942041445158 0.008894827640063774
11.82 0.055905255868115164 0.008867324589382886
11.83 0.05581685765272815 0.00883398762121912
11.84 0.05572857611569078 0.008828153703736685
11.85 0.05564029457865342 0.008828153703736685
11.86 0.05555201304161605 0.00881715415385953
11.87 0.05546395149557622 0.008785240093604152
11.88 0.05537630823974395 0.008764325583225485
11.89 0.0552886649839117 0.008764325583225485
11.9 0.05520102172807945 0.008764325583225485
11.91 0.0551133784722472 0.008736010465726807
11.92 0.05502630151876492 0.008704682950431586
11.93 0.05493928481323857 0.008701670552635044
11.94 0.054852268107712224 0.0087016705526346
11.95 0.054765251402185876 0.008686173225595173
11.96 0.0546785446432003 0.008654504174233857
11.97 0.05459216131870119 0.00863833244991108
11.98 0.05450577799420208 0.008638332449910635
11.99 0.054419394669702977 0.008636067945857917
12.0 0.054333056635284926 0.008603129106529828
12.01 0.05424733208757239 0.008572454771254012
12.02 0.05416160753985985 0.008572454771253568
12.03 0.05407588299214732 0.008572454771253568
12.04 0.053990158444434784 0.008550956748673677
12.05 0.053904863857173836 0.008515778888977366
12.06 0.05381984286665522 0.008502099051862277
12.07 0.053734821876136596 0.008502099051862277
12.08 0.05364980088561798 0.008499699355432266
12.09 0.05356482788902796 0.00846181284871994
12.1 0.05348056462864359 0.008426326038436738
12.11 0.05339630136825923 0.008426326038436294
12.12 0.05331203810787487 0.008426326038436738
12.13 0.053227774847490486 0.00840860002165078
12.14 0.05314386610744184 0.008368823059223374
12.15 0.053060398386306024 0.00834677211358148
12.16 0.05297693066517021 0.008346772113581924
12.17 0.05289346294403439 0.008346772113581924
12.18 0.05280999522289857 0.008309580549175521
12.19 0.05272727133305088 0.008268325902792029
12.2 0.05264462870484274 0.00826426282081405
12.21 0.052561986076634586 0.00826426282081405
12.22 0.052479343448426446 0.008246365290468738
12.23 0.05239705877082521 0.008203700043787787
12.24 0.0523152694475507 0.008178932327450816
12.25 0.0522334801242762 0.008178932327450816
12.26 0.05215169080100169 0.008178932327450816
12.27 0.052069901477727186 0.008135899301346505
12.28 0.051988972814974756 0.00809189401843513
12.29 0.051908063597358486 0.008090921761627623
12.3 0.0518271543797422 0.008090921761627179
12.31 0.051746245162125934 0.008065819146411357
12.32 0.05166583799681398 0.008020601734338051
12.33 0.051585833127439175 0.008000486937480566
12.34 0.051505828258064365 0.00800048693748101
12.35 0.051425823388689555 0.007994334039178153
12.36 0.05134594157728081 0.007948120783359602
12.37 0.05126686097302237 0.007908060425844354
12.38 0.05118778036876392 0.00790806042584391
12.39 0.05110869976450548 0.007908060425844354
12.4 0.051029619160247036 0.007875204810091851
12.41 0.050951195668303646 0.007828275907427962
12.42 0.05087305364209847 0.007814202620517463
12.43 0.05079491161589331 0.007814202620517019
12.44 0.05071676958968814 0.007802369474628534
12.45 0.05063886422640074 0.007754985752706389
12.46 0.050561669874634 0.007719435176672729
12.47 0.05048447552286727 0.007719435176672729
12.48 0.05040728117110055 0.007719435176672285
12.49 0.050330086819333826 0.007682509983855557
12.5 0.05025363097142344 0.007634940110194943
12.51 0.05017738801712993 0.007624295429351058
12.52 0.05010114506283642 0.007624295429351058
12.53 0.050024902108542914 0.007610739916057874
12.54 0.049948930264515266 0.007563527743004617
12.55 0.04987363155368281 0.007529871083244544
12.56 0.04979833284285037 0.007529871083244544
12.57 0.049723034132017924 0.007529871083244544
12.58 0.04964773542118548 0.007491118659522122
12.59 0.049573211758827486 0.007444557470475566
12.6 0.04949884427177597 0.007436748705151874
12.61 0.049424476784724454 0.007436748705151874
12.62 0.04935010929767294 0.007417957807319908
12.63 0.049276117628578045 0.007372018763660559
12.64 0.04920266892239971 0.007344870617833621
12.65 0.049129220216221375 0.007344870617833621
12.66 0.04905577151004304 0.007344870617834065
12.67 0.048982322803864706 0.007299808820306897
12.68 0.04890977533363691 0.007254535177635191
12.69 0.048837232100312 0.007254323332491097
12.7 0.04876468886698709 0.007254323332491541
12.71 0.048692145633662164 0.00722887753395085
12.72 0.048620111316308064 0.007184320548885292
12.73 0.04854845922268446 0.007165209362359981
12.74 0.04847680712906086 0.007165209362359981
12.75 0.04840515503543726 0.007161031069700563
12.76 0.04833358650766686 0.00711719397973587
12.77 0.04826281115584255 0.007077535182430594
12.78 0.04819203580401825 0.007077535182430594
12.79 0.04812126045219394 0.007077535182431038
12.8 0.04805048510036962 0.007054956487507091
12.81 0.04798016132244379 0.007011720975980573
12.82 0.04791025068085001 0.006991064159377558
12.83 0.04784034003925624 0.006991064159377558
12.84 0.04777042939766246 0.006991064159377558
12.85 0.04770051875606869 0.006957096948892794
12.86 0.047631287458684606 0.006914269288696762
12.87 0.047562233370294756 0.006905408838985494
12.88 0.04749317928190489 0.006905408838985494
12.89 0.04742412519351504 0.00690540883898505
12.9 0.04735507110512519 0.0068689660270413455
12.91 0.04728674587297422 0.006826292881568552
12.92 0.047218545247493825 0.006820062548039019
12.93 0.04715034462201344 0.006820062548039463
12.94 0.047082143996533043 0.006820062548039463
12.95 0.047013943371052656 0.006793356250919036
12.96 0.04694627687151465 0.006751385957285638
12.97 0.04687891565190694 0.006736121960771335
12.98 0.04681155443229922 0.006736121960771779
12.99 0.046744193212691514 0.006736121960771335
13.0 0.0466768319930838 0.006726283733633043
13.01 0.04660966753801885 0.006686057194730921
13.02 0.04654311084918918 0.006655668882967092
13.03 0.046476554160359514 0.006655668882967092
13.04 0.046409997471529844 0.006655668882967536
13.05 0.04634344078270016 0.006655668882967536
13.06 0.04627688409387049 0.006623397515639784
13.07 0.04621097283238737 0.006584766599448066
13.08 0.04614518876188154 0.006578407050583657
13.09 0.046079404691375704 0.006578407050583213
13.1 0.046013620620869874 0.006578407050583213
13.11 0.045947836550364045 0.0065631846621014844
13.12 0.04588235692762785 0.006525570316186613
13.13 0.045817325144040306 0.00650317835875347
13.14 0.04575229336045278 0.0065031783587525815
13.15 0.04568726157686525 0.006503178358753026
13.16 0.04562222979327772 0.00650317835875347
13.17 0.045557198009690186 0.006468105137110047
13.18 0.045492867690535524 0.006431057814788144
13.19 0.04542857685339443 0.006429083714109662
13.2 0.045364286016253336 0.006429083714109662
13.21 0.04529999517911223 0.006429083714109662
13.22 0.045235704341971134 0.006412426485682854
13.23 0.045171746649398575 0.006375726129590031
13.24 0.04510818981937934 0.006355683001923129
13.25 0.04504463298936011 0.006355683001923129
13.26 0.044981076159340876 0.006355683001923573
13.27 0.04491751932932164 0.006355683001923573
13.28 0.04485396249930241 0.006322253132205802
13.29 0.04479107426667753 0.006285870979731545
13.3 0.04472824507970776 0.0062829186969750594
13.31 0.044665415892738015 0.0062829186969750594
13.32 0.04460258670576826 0.0062829186969750594
13.33 0.04453975751879852 0.006270943821570896
13.34 0.044477167829336854 0.006234918091347019
13.35 0.044415059156971574 0.006210867236527751
13.36 0.0443529504846063 0.006210867236527751
13.37 0.04429084181224103 0.0062108672365273065
13.38 0.04422873313987574 0.006210867236527751
13.39 0.04416662446751047 0.006186538554323384
13.4 0.04410500236878928 0.006150944892046262
13.41 0.04404360556966955 0.006139679911973062
13.42 0.04398220877054982 0.006139679911973506
13.43 0.043920811971430086 0.006139679911973506
13.44 0.04385941517231035 0.006139679911973062
13.45 0.043798018373190625 0.006105323065662915
13.46 0.04373730871099708 0.0060705403868417385
13.47 0.04367660756545377 0.006070114554331152
13.48 0.04361590641991046 0.006070114554331152
13.49 0.043555205274367154 0.006070114554331152
13.5 0.043494504128823844 0.0060583437331764856
13.51 0.043434038399703626 0.006024347817679132
13.52 0.04337401717247026 0.006002122723336889
13.53 0.04331399594523689 0.006002122723336889
13.54 0.043253974718003525 0.006002122723336889
13.55 0.04319395349077015 0.006002122723336889
13.56 0.043133932263536776 0.005977020012274181
13.57 0.04307441309052467 0.00594360709698627
13.58 0.043015060121597046 0.005935296892761954
13.59 0.04295570715266943 0.005935296892762398
13.6 0.042896354183741804 0.0059352968927628424
13.61 0.04283700121481418 0.00592892871695927
13.62 0.04277777560940262 0.005896125093124649
13.63 0.042719078712951684 0.005869689645092713
13.64 0.04266038181650076 0.005869689645092713
13.65 0.042601684920049836 0.005869689645092713
13.66 0.04254298802359891 0.005869689645092269
13.67 0.04248429112714799 0.005845984614043065
13.68 0.04242606833131805 0.005813757544844478
13.69 0.0423680159762511 0.00580523550669465
13.7 0.04230996362118416 0.00580523550669465
13.71 0.04225191126611721 0.00580523550669465
13.72 0.042193858911050264 0.005793177803770089
13.73 0.042136047710041806 0.005761118761415052
13.74 0.04207863653582197 0.005741117421983688
13.75 0.04202122536160213 0.005741117421983688
13.76 0.0419638141873823 0.005741117421983688
13.77 0.041906403013162466 0.0057385692610818495
13.78 0.04184904280216066 0.005706056600421228
13.79 0.04179228188115404 0.005676092100662
13.8 0.04173552096014741 0.005676092100662
13.81 0.04167876003914079 0.005676092100662
13.82 0.04162199911813417 0.005676092100662444
13.83 0.04156523819712755 0.005649369369802759
13.84 0.04150901173073812 0.005615689490875209
13.85 0.04145292440731004 0.005608732342808231
13.86 0.041396837083881956 0.0056087323428086755
13.87 0.041340749760453877 0.005608732342808231
13.88 0.04128466243702578 0.005592168971205513
13.89 0.04122890638102976 0.005556527935044908
13.9 0.041173531878324884 0.005537450270487465
13.91 0.04111815737562001 0.005537450270488353
13.92 0.04106278287291513 0.005537450270487909
13.93 0.041007408370210253 0.005536644229220844
13.94 0.04095204998833071 0.005498343875977696
13.95 0.04089744149269071 0.005460849564000725
13.96 0.04084283299705069 0.005460849564001169
13.97 0.04078822450141068 0.005460849564000725
13.98 0.040733616005770676 0.005460849564001169
13.99 0.04067900751013066 0.005443675919269975
14.0 0.040624742487385276 0.00540221524698925
14.01 0.04057096320519088 0.0053779282194397204
14.02 0.04051718392299649 0.005377928219439276
14.03 0.04046340464080209 0.005377928219439276
14.04 0.040409625358607704 0.005377928219439276
14.05 0.0403558460764133 0.005350566355439845
14.06 0.0403026140314989 0.0053056237162012465
14.07 0.040249733602089284 0.005288042940961635
14.08 0.04019685317267967 0.005288042940961635
14.09 0.04014397274327005 0.005288042940962079
14.1 0.04009109231386043 0.005288042940962079
14.11 0.040038211884450815 0.005260814483943221
14.12 0.03998587602418157 0.005212672117761219
14.13 0.03993395844209559 0.00519175820859763
14.14 0.03988204086000961 0.00519175820859763
14.15 0.03983012327792364 0.005191758208597408
14.16 0.03977820569583767 0.005191758208597408
14.17 0.039726288113751694 0.005175516755929088
14.18 0.03967469536071909 0.0051259633253655235
14.19 0.03962376884724438 0.0050926513474707225
14.2 0.039572842333769676 0.0050926513474709445
14.21 0.039521915820294955 0.0050926513474711665
14.22 0.03947098930682025 0.0050926513474707225
14.23 0.03942006279334554 0.00508662770922963
14.24 0.039369256752635653 0.005037246663437189
14.25 0.0393193178600768 0.0049938892558851755
14.26 0.039269378967517955 0.0049938892558849535
14.27 0.0392194400749591 0.0049938892558853976
14.28 0.03916950118240025 0.0049938892558849535
14.29 0.039119562289841404 0.0049938892558849535
14.3 0.039069623397282545 0.004947773927837629
14.31 0.03902060681128464 0.004899368984054409
14.32 0.03897163601760146 0.004897079368318513
14.33 0.038922665223918275 0.004897079368318513
14.34 0.03887369443023509 0.004897079368318735
14.35 0.0388247236365519 0.004897079368318957
14.36 0.038775752842868716 0.004857755486178172
14.37 0.03872756852682834 0.004810883587106574
14.38 0.03867953517112658 0.004803335570175538
14.39 0.038631501815424824 0.0048033355701753155
14.4 0.038583468459723075 0.0048033355701753155
14.41 0.03853543510402132 0.004803335570175538
14.42 0.038487401748319564 0.0047678291332460265
14.43 0.0384400785213564 0.004722730573328837
14.44 0.03839294713685299 0.004713138450340493
14.45 0.03834581575234959 0.004713138450340271
14.46 0.03829868436784618 0.004713138450340493
14.47 0.038251552983342776 0.004713138450340493
14.48 0.03820442159883937 0.004678856482818627
14.49 0.0381579758536864 0.004635559934025313
14.5 0.038111710400158864 0.0046265453527536415
14.51 0.03806544494663133 0.0046265453527531974
14.52 0.0380191794931038 0.0046265453527536415
14.53 0.03797291403957626 0.0046265453527536415
14.54 0.03792664858604873 0.004591931618503242
14.55 0.03788107540720619 0.00455038660710505
14.56 0.03783564085390662 0.004543455329957036
14.57 0.03779020630060705 0.004543455329957258
14.58 0.03774477174730748 0.004543455329957036
14.59 0.03769933719400791 0.004543455329957036
14.6 0.037653902640708344 0.004507916207157292
14.61 0.03760917886986477 0.004468087287037958
14.62 0.03756454089496759 0.004463797489718813
14.63 0.03751990292007039 0.004463797489718813
14.64 0.037475264945173205 0.004463797489718813
14.65 0.037430626970276014 0.004463797489718813
14.66 0.03738598899537883 0.004427394786116201
14.67 0.03734207907455369 0.004389243108396279
14.68 0.03729820413321091 0.0043874941342780804
14.69 0.03725432919186813 0.0043874941342780804
14.7 0.03721045425052535 0.0043874941342780804
14.71 0.03716657930918256 0.004387404162008002
14.72 0.03712270616728518 0.004350869490830078
14.73 0.03707956191936596 0.004314424791921567
14.74 0.03703641767144675 0.004314424791922011
14.75 0.036993273423527526 0.004314424791922011
14.76 0.03695012917560831 0.004314424791921789
14.77 0.03690698492768909 0.00431356598638466
14.78 0.036863857855880616 0.004278550371763945
14.79 0.036821413920253815 0.004244393562680138
14.8 0.03677896998462701 0.004244393562680138
14.81 0.036736526049000205 0.00424439356268036
14.82 0.036694082113373404 0.00424439356268036
14.83 0.0366516381777466 0.004244086321776974
14.84 0.036609200386937865 0.004210432195038916
14.85 0.03656742953384583 0.0041770853092037985
14.86 0.03652565868075379 0.004177085309203354
14.87 0.03648388782766176 0.004177085309203354
14.88 0.03644211697456971 0.0041770853092037985
14.89 0.036400346121477675 0.0041770853092035765
14.9 0.036358575268385644 0.004146416990851165
14.91 0.03631741778166066 0.004113940333084987
14.92 0.03627629646172394 0.004112131993671664
14.93 0.03623517514178722 0.00411213199367233
14.94 0.0361940538218505 0.00411213199367233
14.95 0.03615293250191378 0.004112131993672108
14.96 0.03611181118197705 0.004086123847544698
14.97 0.03607121002496288 0.004054759972720756
14.98 0.03603071598252264 0.004049404244024446
14.99 0.03599022194008239 0.00404940424402489
15.0 0.03594972789764214 0.004049404244024668
15.01 0.0359092338552019 0.004049404244024446
15.02 0.03586873981276165 0.00402796613508194
15.03 0.035828674532500264 0.00399762236651946
15.04 0.035788787365431264 0.003988716706899709
15.05 0.035748900198362264 0.003988716706899709
15.06 0.035709013031293264 0.003988716706900153
15.07 0.035669125864224265 0.003988716706899709
15.08 0.03562923869715527 0.00397172014857472
15.09 0.03558969146125277 0.003942227993889436
15.1 0.03555039413727749 0.003929732397528252
15.11 0.03551109681330221 0.00392973239752803
15.12 0.035471799489326925 0.003929732397528696
15.13 0.03543250216535163 0.003929732397528474
15.14 0.03539320484137635 0.003917385947778795
15.15 0.03535415444639606 0.0038886260119765925
15.16 0.03531543232113682 0.003872212525923624
15.17 0.03527671019587759 0.003872212525923624
15.18 0.03523798807061835 0.003872212525923846
15.19 0.03519926594535911 0.003872212525923846
15.2 0.03516054382009987 0.00386511022713254
15.21 0.035121963740816456 0.00383702259945351
15.22 0.035083803368110796 0.0038160372705657863
15.23 0.03504564299540514 0.0038160372705657863
15.24 0.03500748262269948 0.0038160372705662304
15.25 0.03496932224999382 0.0038160372705657863
15.26 0.03493116187728817 0.0038151008511788653
15.27 0.034893020232970244 0.0037876715239464342
15.28 0.03485540844680924 0.00376117861610048
15.29 0.034817796660648236 0.003761178616100702
15.3 0.034780184874487224 0.00376117861610048
15.31 0.03474257308832622 0.00376117861610048
15.32 0.034704961302165216 0.00376117861610048
15.33 0.03466734951600421 0.0037408793279261054
15.34 0.034630143715606694 0.0037141202494512804
15.35 0.03459306711101519 0.003707660459150608
15.36 0.03455599050642368 0.003707660459150608
15.37 0.03451891390183218 0.003707660459150386
15.38 0.03448183729724067 0.003707660459150386
15.39 0.034444760692649165 0.0036969185317210496
15.4 0.03440789892660625 0.003670868820975892
15.41 0.03437134331622965 0.003655561037660071
15.42 0.03433478770585305 0.003655561037660293
15.43 0.034298232095476444 0.003655561037660293
15.44 0.03426167648509985 0.003655561037660293
15.45 0.03422512087472324 0.003655561037660293
15.46 0.03418856526434664 0.0036308103400000125
15.47 0.03415250466792324 0.003605706996276048
15.48 0.03411645112442112 0.003605354350212142
15.49 0.034080397580919 0.00360535435021192
15.5 0.03404434403741688 0.00360535435021192
15.51 0.03400829049391476 0.003605354350212142
15.52 0.03397223695041264 0.0035921390931812347
15.53 0.033936447712051135 0.0035682580862104185
15.54 0.03390087178868843 0.0035575923362702877
15.55 0.033865295865325724 0.0035575923362702877
15.56 0.03382971994196302 0.0035575923362702877
15.57 0.03379414401860032 0.003557592336270732
15.58 0.03375856809523761 0.0035542308348810447
15.59 0.0337230594019027 0.0035316807166754227
15.6 0.033687934480904104 0.0035124920998597098
15.61 0.03365280955990551 0.0035124920998592657
15.62 0.03361768463890692 0.0035124920998594877
15.63 0.03358255971790832 0.0035124920998592657
15.64 0.033547434796909734 0.0035124920998590436
15.65 0.03351230987591114 0.0034961166590949944
15.66 0.033477512463727835 0.0034749367089468297
15.67 0.033442811141732205 0.0034701321995629364
15.68 0.033408109819736576 0.0034701321995629364
15.69 0.033373408497740946 0.0034701321995631584
15.7 0.033338707175745316 0.0034701321995631584
15.71 0.03330400585374968 0.0034616981750632547
15.72 0.03326947321224404 0.0034418928847119723
15.73 0.03323516799605544 0.0034305216188597054
15.74 0.03320086277986685 0.0034305216188597054
15.75 0.03316655756367825 0.0034305216188601495
15.76 0.03313225234748965 0.0034305216188599275
15.77 0.033097947131301056 0.003428538580896756
15.78 0.033063681575871716 0.003410059476404159
15.79 0.03302974594177297 0.0033935634098747336
15.8 0.03299581030767422 0.0033935634098747336
15.81 0.032961874673575475 0.0033935634098745115
15.82 0.03292793903947673 0.0033935634098747336
15.83 0.03289400340537798 0.0033935634098749556
15.84 0.032860067771279235 0.0033794556895243577
15.85 0.032826414291587495 0.003362200175137886
15.86 0.03279282376777648 0.0033590523811015682
15.87 0.032759233243965465 0.003359052381101124
15.88 0.03272564272015445 0.003359052381101346
15.89 0.032692052196343434 0.003359052381101124
15.9 0.032658461672532425 0.0033500504040864243
15.91 0.03262505118826171 0.003333875411495768
15.92 0.032591784164302515 0.0033267023959198117
15.93 0.032558517140343315 0.0033267023959200337
15.94 0.032525250116384116 0.0033267023959195896
15.95 0.032491983092424924 0.0033267023959198117
15.96 0.03245871606846572 0.003321760197178669
15.97 0.03242554788848135 0.003306501829236863
15.98 0.032392586031880985 0.0032961856600366435
15.99 0.03235962417528062 0.0032961856600364214
16.0 0.032326662318680255 0.0032961856600366435
16.01 0.03229370046207988 0.0032961856600370876
16.02 0.03226073860547952 0.003294457704143605
16.03 0.03222781130799701 0.003279949440118113
16.04 0.03219513961667716 0.003267169131986103
16.05 0.03216246792535729 0.003267169131986103
16.06 0.03212979623403744 0.003267169131986103
16.07 0.03209712454271757 0.003267169131986103
16.08 0.032064452851397716 0.003267169131986103
16.09 0.03203178116007785 0.003254066737834904
16.1 0.031999371516641006 0.0032401511134727556
16.11 0.0319669781378084 0.0032393378832613617
16.12 0.03193458475897578 0.0032393378832613617
16.13 0.03190219138014317 0.0032393378832613617
16.14 0.031869798001310554 0.0032393378832613617
16.15 0.031837404622477944 0.0032287056753219634
16.16 0.031805223887804115 0.003215240446196921
16.17 0.031773099813553994 0.0032124074250119428
16.18 0.03174097573930388 0.003212407425012165
16.19 0.03170885166505375 0.0032124074250119428
16.2 0.03167672759080364 0.0032124074250119428
16.21 0.031644603516553516 0.0032037268960165566
16.22 0.031612653052883306 0.0031905912898244626
16.23 0.031580791690757025 0.0031861362126275328
16.24 0.03154893032863076 0.003186136212627977
16.25 0.03151706896650447 0.003186136212627977
16.26 0.03148520760437819 0.003186136212627755
16.27 0.03145334624225191 0.003179002937241826
16.28 0.03142162754563335 0.003166100379369041
16.29 0.03139002423466453 0.003160331096882185
16.3 0.03135842092369571 0.003160331096882185
16.31 0.03132681761272689 0.003160331096882407
16.32 0.031295214301758065 0.003160331096882185
16.33 0.031263610990789246 0.0031544476296687662
16.34 0.031232125349164693 0.0031417090315941643
16.35 0.031200776810157354 0.0031348539007336473
16.36 0.03116942827115002 0.0031348539007336473
16.37 0.031138079732142682 0.0031348539007336473
16.38 0.03110673119313535 0.0031348539007336473
16.39 0.03107538265412801 0.0031300072376534427
16.4 0.03104413104838228 0.0031173908740120826
16.41 0.03101303483664777 0.003109621173450483
16.42 0.030981938624913257 0.003109621173450705
16.43 0.030950842413178758 0.003109621173450483
16.44 0.030919746201444248 0.003109621173450483
16.45 0.03088864998970975 0.003105679296616204
16.46 0.030857632615511926 0.0030931665188698165
16.47 0.03082678665933235 0.0030845956179579304
16.48 0.030795940703152766 0.0030845956179577083
16.49 0.030765094746973195 0.0030845956179579304
16.5 0.03073424879079361 0.0030845956179579304
16.51 0.030703402834614025 0.003081495541237489
16.52 0.030672618879968864 0.0030690849063454984
16.53 0.03064202113648711 0.0030597743481748374
16.54 0.030611423393005367 0.0030597743481748374
16.55 0.030580825649523614 0.0030597743481748374
16.56 0.030550227906041873 0.0030597743481748374
16.57 0.03051963016256012 0.0030575173177513904
16.58 0.030489077559686845 0.0030452193595398303
16.59 0.030458725775369327 0.003035178431751495
16.6 0.030428373991051805 0.0030351784317519392
16.61 0.030398022206734293 0.003035178431751495
16.62 0.03036767042241677 0.003035178431751495
16.63 0.030337318638099263 0.0030338249495778236
16.64 0.030306993923425216 0.003021658604743349
16.65 0.030276885466004398 0.0030108457420825463
16.66 0.030246777008583567 0.0030108457420825463
16.67 0.03021666855116274 0.0030108457420823243
16.68 0.03018656009374192 0.0030108457420823243
16.69 0.030156451636321094 0.0030105115258063364
16.7 0.030126349863225797 0.0029985014839515323
16.71 0.030096481606642064 0.002986825658372938
16.72 0.03006661335005834 0.002986825658372938
16.73 0.030036745093474607 0.002986825658372938
16.74 0.030006876836890885 0.002986825658372938
16.75 0.029977008580307152 0.002986825658372938
16.76 0.029947140323723417 0.0029758477327150867
16.77 0.029917491625652853 0.002964021291469221
16.78 0.029887859897894033 0.0029631727758814286
16.79 0.029858228170135222 0.0029631727758816506
16.8 0.029828596442376402 0.0029631727758814286
16.81 0.029798964714617595 0.0029631727758814286
16.82 0.029769332986858774 0.002953789944976526
16.83 0.029739888915718063 0.0029421720660618433
16.84 0.02971048954553754 0.0029399370180520634
16.85 0.029681090175357014 0.0029399370180520634
16.86 0.0296516908051765 0.0029399370180520634
16.87 0.029622291434995975 0.0029399370180520634
16.88 0.029592892064815465 0.0029324039594500473
16.89 0.029563643355806975 0.002921010984890282
16.9 0.02953447184511766 0.002917151068932089
16.91 0.029505300334428334 0.002917151068932089
16.92 0.02947612882373901 0.002917151068932089
16.93 0.029446957313049693 0.002917151068931867
16.94 0.029417785802360367 0.00291174181316034
16.95 0.029388722476786488 0.0029005752930304496
16.96 0.029359774296499764 0.002894818028671864
16.97 0.02933082611621305 0.002894818028671864
16.98 0.029301877935926327 0.002894818028671864
16.99 0.029272929755639613 0.002894818028671864
17.0 0.02924398157535289 0.002891828640546823
17.01 0.029215093182828666 0.0028808708461027788
17.02 0.029186364158430834 0.0028729024397837755
17.03 0.02915763513403299 0.0028729024397837755
17.04 0.029128906109635158 0.0028729024397837755
17.05 0.029100177085237315 0.0028729024397839975
17.06 0.029071448060839482 0.002872663424299926
17.07 0.029042723816751322 0.0028618760241079233
17.08 0.029014210540357327 0.002851327639400214
17.09 0.02898569726396332 0.00285132763939977
17.1 0.02895718398756932 0.00285132763939977
17.11 0.028928670711175324 0.00285132763939977
17.12 0.02890015743478132 0.002851327639399992
17.13 0.028871644158387326 0.0028435523416106
17.14 0.028843286387949113 0.0028328785544446955
17.15 0.028814986587298433 0.002829980065068849
17.16 0.02878668678664774 0.002829980065069071
17.17 0.028758386985997045 0.002829980065068849
17.18 0.02873008718534636 0.002829980065068849
17.19 0.028701787384695667 0.0028258593494780992
17.2 0.0286735699983568 0.0028152300882358094
17.21 0.02864548278293095 0.0028087215425844914
17.22 0.028617395567505113 0.0028087215425842693
17.23 0.028589308352079262 0.0028087215425842693
17.24 0.028561221136653426 0.0028087215425840473
17.25 0.02853313392122758 0.0028087215425844914
17.26 0.02850504670580173 0.0027981051744163654
17.27 0.028477171817739254 0.0027874472750752943
17.28 0.028449297760300227 0.002787405743902127
17.29 0.02842142370286121 0.002787405743902349
17.3 0.028393549645422185 0.002787405743902127
17.31 0.02836567558798317 0.002787405743901905
17.32 0.028337801530544143 0.0027814889142789845
17.33 0.028310045809697593 0.002770733199670916
17.34 0.028282386866550723 0.0027658943146864345
17.35 0.028254727923403857 0.0027658943146862125
17.36 0.028227068980257 0.0027658943146864345
17.37 0.028199410037110132 0.0027658943146862125
17.38 0.028171751093963276 0.0027653911381715357
17.39 0.028144102214346704 0.002754479436847035
17.4 0.028116661505226334 0.002744070912037433
17.41 0.028089220796105954 0.002744070912037877
17.42 0.02806178008698557 0.002744070912037877
17.43 0.0280343393778652 0.002744070912037655
17.44 0.02800689866874482 0.002744070912037877
17.45 0.027979457959624445 0.002738726406986025
17.46 0.0279521241406051 0.002727615853840293
17.47 0.027924905642547636 0.0027218498057468565
17.48 0.027897687144490164 0.0027218498057468565
17.49 0.0278704686464327 0.0027218498057468565
17.5 0.02784325014837523 0.0027218498057466345
17.51 0.02781603165031776 0.0027218498057470786
17.52 0.027788813152260294 0.002712193962867593
17.53 0.02776178777106041 0.0027008596834139365
17.54 0.027734795958592018 0.002699181246839766
17.55 0.027707804146123616 0.002699181246839766
17.56 0.027680812333655224 0.002699181246839766
17.57 0.027653820521186822 0.002699181246839766
17.58 0.02762682870871843 0.0026973698945575997
17.59 0.02759987312329567 0.002685805731181601
17.6 0.02757311259409479 0.002676052920087768
17.61 0.02754635206489392 0.002676052920087768
17.62 0.02751959153569304 0.002676052920087546
17.63 0.02749283100649217 0.002676052920087546
17.64 0.027466070477291292 0.002676052920087546
17.65 0.02743930994809042 0.0026714174654338674
17.66 0.027412642127982615 0.002659634263044497
17.67 0.02738611726282952 0.002652486515309027
17.68 0.02735959239767644 0.002652486515308583
17.69 0.027333067532523347 0.002652486515308583
17.7 0.027306542667370266 0.002652486515308583
17.71 0.027280017802217175 0.002652486515309027
17.72 0.02725349293706409 0.0026457690003460765
17.73 0.027227102422210252 0.0026337912783584994
17.74 0.02720081711149692 0.0026285310713336507
17.75 0.02717453180078358 0.0026285310713336507
17.76 0.02714824649007024 0.0026285310713336507
17.77 0.02712196117935691 0.0026285310713334287
17.78 0.02709567586864357 0.0026285310713336507
17.79 0.02706939055793024 0.002620542702260309
17.8 0.027043265014598368 0.002608404271400744
17.81 0.027017222472502225 0.0026042542096147425
17.82 0.026991179930406072 0.0026042542096151866
17.83 0.026965137388309926 0.0026042542096151866
17.84 0.026939094846213773 0.0026042542096145205
17.85 0.026913052304117623 0.0026042542096147425
17.86 0.026887009762021477 0.0025958510355323927
17.87 0.026861135283406976 0.0025835913728824433
17.88 0.026835337934563833 0.0025797348843146217
17.89 0.026809540585720684 0.0025797348843148438
17.9 0.02678374323687754 0.0025797348843148438
17.91 0.026757945888034387 0.0025797348843148438
17.92 0.026732148539191238 0.0025797348843146217
17.93 0.026706351190348095 0.002571775819310451
17.94 0.02668071302280503 0.002559438950295645
17.95 0.026655162411342186 0.0025550611462850092
17.96 0.02662961179987933 0.0025550611462850092
17.97 0.026604061188416486 0.0025550611462850092
17.98 0.02657851057695363 0.0025550611462850092
17.99 0.026552959965490786 0.0025550611462850092
18.0 0.026527409354027934 0.0025483327318969184
18.01 0.026501993310852838 0.002535965524164352
18.02 0.026476690043544648 0.002530326730819654
18.03 0.026451386776236447 0.002530326730819654
18.04 0.026426083508928257 0.002530326730819432
18.05 0.026400780241620056 0.002530326730819654
18.06 0.026375476974311866 0.002530326730819654
18.07 0.026350173707003665 0.002525476533361548
18.08 0.026324967443644636 0.002513120299625582
18.09 0.026299911301011156 0.002505614263347722
18.1 0.026274855158377672 0.002505614263347722
18.11 0.026249799015744202 0.002505614263347722
18.12 0.026224742873110718 0.002505614263347944
18.13 0.026199686730477244 0.002505614263347722
18.14 0.026174630587843764 0.0025031659334098233
18.15 0.02614962341180905 0.002490851723556453
18.16 0.026124813553372636 0.0024809858436407595
18.17 0.026100003694936227 0.0024809858436407595
18.18 0.026075193836499824 0.0024809858436407595
18.19 0.02605038397806341 0.0024809858436407595
18.2 0.02602557411962701 0.0024809858436407595
18.21 0.0260007642611906 0.0024809858436405374
18.22 0.025975954402754197 0.00246910109273224
18.23 0.02595138223933596 0.002456848245667942
18.24 0.025926817437840834 0.0024564801495130517
18.25 0.0259022526363457 0.0024564801495128297
18.26 0.025877687834850567 0.0024564801495128297
18.27 0.025853123033355442 0.0024564801495132738
18.28 0.025828558231860307 0.0024564801495132738
18.29 0.025803993430365182 0.002447824048448899
18.3 0.025779601750891327 0.0024356408582721922
18.31 0.025755280613199743 0.0024321137691589723
18.32 0.02573095947550815 0.0024321137691589723
18.33 0.025706638337816563 0.0024321137691589723
18.34 0.025682317200124972 0.0024321137691589723
18.35 0.025657996062433377 0.0024321137691589723
18.36 0.025633674924741792 0.0024269765433875268
18.37 0.025609456531565628 0.0024148629358671236
18.38 0.02558537766602445 0.002407886554118166
18.39 0.025561298800483263 0.002407886554118388
18.4 0.025537219934942085 0.002407886554118166
18.41 0.0255131410694009 0.002407886554117944
18.42 0.025489062203859717 0.002407886554117944
18.43 0.02546498333831854 0.002406505108646373
18.44 0.02544093210168679 0.002394453122882556
18.45 0.02541709427586089 0.0023837825825903103
18.46 0.02539325645003498 0.0023837825825905323
18.47 0.02536941862420908 0.0023837825825905323
18.48 0.02534558079838317 0.0023837825825905323
18.49 0.02532174297255727 0.0023837825825907544
18.5 0.025297905146731362 0.0023837825825903103
18.51 0.025274067320905452 0.002374359767128187
18.52 0.0252504179513888 0.002362353626640168
18.53 0.02522682024837265 0.0023597703016144944
18.54 0.025203222545356507 0.0023597703016144944
18.55 0.02517962484234036 0.0023597703016147165
18.56 0.025156027139324216 0.0023597703016144944
18.57 0.025132429436308067 0.0023597703016144944
18.58 0.02510883173329193 0.0023545418752817238
18.59 0.025085338598802437 0.0023425617441266144
18.6 0.025061980498409388 0.002335810039304498
18.61 0.02503862239801635 0.002335810039304498
18.62 0.0250152642976233 0.0023358100393042758
18.63 0.02499190619723026 0.002335810039304498
18.64 0.024968548096837212 0.0023358100393042758
18.65 0.024945189996444173 0.0023349532977248177
18.66 0.024921849030882716 0.002322979401728098
18.67 0.024898730408409602 0.0023118622473112804
18.68 0.024875611785936495 0.0023118622473112804
18.69 0.02485249316346338 0.0023118622473108363
18.7 0.024829374540990278 0.0023118622473108363
18.71 0.024806255918517164 0.0023118622473110584
18.72 0.024783137296044058 0.0023118622473112804
18.73 0.024760018673570944 0.002303571169286478
18.74 0.02473706587265833 0.0022915875988649415
18.75 0.024714186921593648 0.0022878951064679853
18.76 0.024691307970528965 0.0022878951064679853
18.77 0.02466842901946429 0.0022878951064679853
18.78 0.024645550068399608 0.0022878951064677633
18.79 0.024622671117334932 0.0022878951064679853
18.8 0.02459979216627025 0.00228431847963928
18.81 0.024576984747742146 0.0022723191500721995
18.82 0.02455434578326881 0.00226389644733338
18.83 0.02453170681879548 0.00226389644733338
18.84 0.024509067854322143 0.002263896447333158
18.85 0.024486428889848807 0.002263896447333158
18.86 0.02446378992537548 0.002263896447333158
18.87 0.024441150960902144 0.00226389644733338
18.88 0.024418511996428815 0.0022531888375374454
18.89 0.024396087184151392 0.0022411797384442878
18.9 0.02437368840165993 0.0022398782491468427
18.91 0.024351289619168458 0.0022398782491468427
18.92 0.024328890836676987 0.0022398782491468427
18.93 0.024306492054185523 0.002239878249147065
18.94 0.02428409327169405 0.0022398782491466207
18.95 0.02426169448920259 0.0022342027422033173
18.96 0.024239409216849986 0.0022222006575345343
18.97 0.0242172504760519 0.002215874079809277
18.98 0.0241950917352538 0.002215874079809499
18.99 0.02417293299445571 0.002215874079809277
19.0 0.024150774253657616 0.002215874079809277
19.01 0.024128615512859518 0.002215874079809277
19.02 0.02410645677206143 0.0022153713460970614
19.03 0.02408430808593758 0.002203401995505505
19.04 0.024062388732151323 0.002191935378626164
19.05 0.02404046937836506 0.00219193537862572
19.06 0.024018550024578807 0.002191935378625942
19.07 0.023996630670792544 0.002191935378625942
19.08 0.02397471131700629 0.002191935378625942
19.09 0.023952791963220026 0.002191935378625942
19.1 0.023930872609433763 0.0021847948187707633
19.11 0.023909096066844614 0.0021728869202357615
19.12 0.023887414871029047 0.0021681195815563825
19.13 0.02386573367521349 0.0021681195815561605
19.14 0.023844052479397925 0.0021681195815561605
19.15 0.023822371283582368 0.0021681195815559384
19.16 0.023800690087766804 0.0021681195815559384
19.17 0.02377900889195124 0.002166403907270631
19.18 0.023757362009621395 0.002154585379386731
19.19 0.023735917184363506 0.0021444825257885824
19.2 0.023714472359105624 0.0021444825257888045
19.21 0.023693027533847735 0.0021444825257885824
19.22 0.023671582708589853 0.0021444825257885824
19.23 0.023650137883331965 0.0021444825257885824
19.24 0.023628693058074083 0.0021444825257885824
19.25 0.023607248232816194 0.002136532552417192
19.26 0.023585962407025735 0.002124826012207981
19.27 0.023564751712572034 0.0021210694453701606
19.28 0.02354354101811833 0.0021210694453703827
19.29 0.02352233032366463 0.0021210694453703827
19.3 0.023501119629210924 0.0021210694453701606
19.31 0.023479908934757227 0.0021210694453701606
19.32 0.02345869824030352 0.002118749334307113
19.33 0.023437533948071083 0.002107170042984219
19.34 0.023416554839443837 0.0020979108627243725
19.35 0.02339557573081659 0.0020979108627241505
19.36 0.02337459662218935 0.0020979108627243725
19.37 0.023353617513562106 0.0020979108627243725
19.38 0.023332638404934866 0.0020979108627243725
19.39 0.02331165929630762 0.0020979108627243725
19.4 0.023290680187680383 0.0020897963193358127
19.41 0.0232698633699209 0.002078351347255536
19.42 0.023249113160735264 0.002075020918563375
19.43 0.023228362951549633 0.002075020918563375
19.44 0.023207612742363996 0.002075020918563375
19.45 0.023186862533178365 0.002075020918563375
19.46 0.023166112323992728 0.002075020918563375
19.47 0.023145362114807097 0.0020727142378409447
19.48 0.023124658039235912 0.002061402776441401
19.49 0.023104134059278268 0.002052397995764954
19.5 0.023083610079320614 0.002052397995764954
19.51 0.02306308609936296 0.002052397995765176
19.52 0.02304256211940531 0.002052397995765176
19.53 0.023022038139447656 0.002052397995765176
19.54 0.02300151415949001 0.002052397995765176
19.55 0.022980990179532354 0.0020447439813235935
19.56 0.022960619279863537 0.0020335603681129744
19.57 0.022940318972170096 0.002030030769343716
19.58 0.02292001866447666 0.002030030769343716
19.59 0.02289971835678322 0.002030030769343716
19.6 0.022879418049089783 0.002030030769343716
19.61 0.02285911774139635 0.002030030769343938
19.62 0.022838817433702908 0.0020283756140027087
19.63 0.022818550229116295 0.002017311342750183
19.64 0.022798471206847904 0.002007902226838887
19.65 0.02277839218457952 0.0020079022268384428
19.66 0.022758313162311132 0.0020079022268384428
19.67 0.02273823414004274 0.002007902226838887
19.68 0.022718155117774357 0.002007902226838665
19.69 0.022698076095505965 0.002007902226838887
19.7 0.02267799707323758 0.0020013542130392636
19.71 0.02265804901124518 0.001990402318871931
19.72 0.022638189026860142 0.0019859984385042218
19.73 0.022618329042475096 0.001985998438504444
19.74 0.022598469058090057 0.001985998438504444
19.75 0.02257860907370501 0.001985998438504444
19.76 0.022558749089319964 0.0019859984385042218
19.77 0.022538889104934925 0.0019856862182827673
19.78 0.02251903536495431 0.0019748428674917218
19.79 0.02249939224758509 0.001964311736922353
19.8 0.022479749130215863 0.001964311736922353
19.81 0.022460106012846644 0.001964311736922131
19.82 0.02244046289547742 0.001964311736922131
19.83 0.0224208197781082 0.001964311736922353
19.84 0.022401176660738972 0.001964311736922353
19.85 0.022381533543369747 0.0019595849125455533
19.86 0.022361984962488063 0.0019488506894382862
19.87 0.02234255652958098 0.0019428432907080406
19.88 0.022323128096673903 0.0019428432907078186
19.89 0.022303699663766823 0.0019428432907080406
19.9 0.022284271230859746 0.0019428432907080406
19.91 0.022264842797952662 0.0019428432907080406
19.92 0.02224541436504558 0.0019428432907080406
19.93 0.022225985932138502 0.0019340122838937823
19.94 0.022206734119367705 0.001923392388207379
19.95 0.022187518084374355 0.0019216034993354558
19.96 0.022168302049380997 0.0019216034993354558
19.97 0.022149086014387646 0.0019216034993354558
19.98 0.022129869979394288 0.0019216034993356779
19.99 0.022110653944400937 0.0019216034993354773
