# 1:t 2:KE 3:eps
0.0 0.12499706491873734 0.0001811222621980746
0.01 0.12499525369611536 0.0003249330593124711
0.02 0.1249905662575511 0.0004687465248824907
0.03 0.12498587876561769 0.00046875740980745206
0.04 0.12498119110935493 0.000468777648381824
0.05 0.12497650321265007 0.0004688076440144684
0.06 0.12497181495647464 0.0004688482958536966
0.07 0.12496712624673298 0.00046889670914218584
0.08 0.12496243702229179 0.00046895699825810766
0.09 0.12495774710676782 0.0004690274248950743
0.1 0.1249530564737939 0.0004691041360009862
0.11 0.1249483650240478 0.0004691946867891872
0.12 0.1249436725800581 0.00046929356882685624
0.13 0.12493897915267127 0.0004694004744285607
0.14 0.12493428457056954 0.0004695208995508793
0.15 0.12492958873468026 0.0004696465277973516
0.16 0.1249248916400136 0.0004697855197850487
0.17 0.12492019302428455 0.00046993592035970977
0.18 0.12491549292160639 0.0004700888869173525
0.19 0.1249107912465462 0.0004702595685452948
0.2 0.12490608773023548 0.00047043814319902566
0.21 0.12490138248368222 0.00047062215736470847
0.22 0.12489667528708819 0.0004708230098620092
0.23 0.12489196602348498 0.00047102673582699595
0.24 0.12488725475237164 0.00047124511308549444
0.25 0.12488254112122327 0.000471476270039517
0.26 0.12487782522697086 0.00047170653294514864
0.27 0.12487310699056436 0.0004719582468357686
0.28 0.12486838606203413 0.00047221704813882326
0.29 0.12486366264960158 0.0004724797885549137
0.3 0.12485893646626306 0.00047276210839619637
0.31 0.12485420740743366 0.0004730440893618848
0.32 0.12484947558447582 0.0004733442095448126
0.33 0.12484474052324278 0.0004736573186585602
0.34 0.12484000243810264 0.00047396638448660156
0.35 0.12483526119555304 0.00047430043820284595
0.36 0.12483051642933861 0.00047463897001787103
0.37 0.12482576841615267 0.0004749839816584611
0.38 0.12482101674970544 0.00047534920471381525
0.39 0.1248162614320584 0.00047570832832910526
0.4 0.12481150258313885 0.00047609465378073423
0.41 0.12480673953898277 0.00047649129160909354
0.42 0.12480197275730669 0.00047688116671817937
0.43 0.12479720191564841 0.00047729922983386075
0.44 0.12479242677271 0.0004777153974577786
0.45 0.12478764760769925 0.0004781486487743791
0.46 0.12478286379973452 0.00047859859021048834
0.47 0.12477807563589502 0.0004790398557190656
0.48 0.12477328300262017 0.00047951156578651677
0.49 0.1247684854045793 0.0004799857490844772
0.5 0.12476368328763847 0.0004804667932338802
0.51 0.12475887606871461 0.0004809708916591049
0.52 0.1247540638698053 0.0004814646032214043
0.53 0.12474924677665018 0.00048199085417621745
0.54 0.12474442405272176 0.0004825234998016015
0.55 0.12473959630665415 0.00048305390855141184
0.56 0.12473476297455073 0.00048361310202427177
0.57 0.12472992404461365 0.00048416041293197765
0.58 0.12472507976629209 0.0004847421766722704
0.59 0.12472022920108021 0.00048533313698673197
0.6 0.12471537310355235 0.00048591525406482816
0.61 0.12471051089599891 0.0004865305530330488
0.62 0.12470564249249168 0.0004871327188977759
0.63 0.12470076824162096 0.00048777103583663717
0.64 0.12469588707177495 0.0004884194786853868
0.65 0.12469099985204725 0.0004890564983357493
0.66 0.12468610594180823 0.0004897289857126452
0.67 0.12468120527233299 0.0004903873535422321
0.68 0.12467629819473738 0.000491083333735709
0.69 0.12467138360565827 0.0004917876628294238
0.7 0.1246664624414808 0.0004924837031463625
0.71 0.12466153393159533 0.0004932145276619337
0.72 0.12465659815092757 0.0004939305300561969
0.73 0.1246516553209942 0.0004946853507270532
0.74 0.12464670444391303 0.00049544312209715
0.75 0.12464174645855226 0.0004962032985389442
0.76 0.12463678037794224 0.0004969936677650111
0.77 0.12463180658519697 0.0004977688320622065
0.78 0.124626825001301 0.0004985837249051883
0.79 0.12462183491069886 0.0004993915560760342
0.8 0.12461683717017948 0.0005002220655772049
0.81 0.12461183046938731 0.0005010732465020595
0.82 0.12460681570524942 0.0005019091767124451
0.83 0.12460179228585307 0.0005027854314452185
0.84 0.12459675999662052 0.0005036455521496563
0.85 0.12459171937481008 0.0005045471174414118
0.86 0.12458666905427168 0.0005054538028703703
0.87 0.12458161029875267 0.0005063588100986394
0.88 0.12457654187806971 0.0005072977731295225
0.89 0.12457146434329008 0.0005082210235247686
0.9 0.12456637745759921 0.0005091858831951512
0.91 0.12456128062562619 0.0005101342831359545
0.92 0.1245561747719365 0.0005111252880052319
0.93 0.12455105811986608 0.0005121271851269427
0.94 0.12454593222823396 0.0005131165249103731
0.95 0.12454079578936787 0.0005141460924154018
0.96 0.12453564930638565 0.0005151601371427006
0.97 0.12453049258662502 0.0005162164655470036
0.98 0.1245253249770747 0.0005172566739464202
0.99 0.12452014745314609 0.0005183400284254347
1.0 0.12451495817650621 0.0005194308909741707
1.01 0.1245097588353266 0.0005205173411146902
1.02 0.12450454782968391 0.0005216404904215821
1.03 0.12449932602551816 0.0005227489747605674
1.04 0.1244940928501887 0.0005238997958967317
1.05 0.12448884802960024 0.0005250355062198508
1.06 0.12448359214006431 0.0005262142768227562
1.07 0.12447832374406377 0.0005273851555687159
1.08 0.12447304443695294 0.0005285845204641149
1.09 0.1244677520536545 0.0005298043738788394
1.1 0.12446244834947535 0.000531011123523939
1.11 0.12445713183118401 0.0005322596038821459
1.12 0.1244518031573977 0.0005334946881463409
1.13 0.12444646193742107 0.000534772085571511
1.14 0.1244411077156863 0.0005360358252506359
1.15 0.12443574122091605 0.0005373424322243636
1.16 0.1244303608670418 0.0005386376421974148
1.17 0.1244249684680721 0.0005399712645584032
1.18 0.12441956144175065 0.0005413207323146096
1.19 0.12441414205342582 0.0005426592100565841
1.2 0.1244087082575495 0.0005440386100641348
1.21 0.12440326128122454 0.0005454069029333652
1.22 0.12439780011949085 0.0005468165431370409
1.23 0.1243923249503618 0.0005482149842777062
1.24 0.1243868358198053 0.0005496551763952695
1.25 0.12438133184683389 0.0005510841018221413
1.26 0.12437581413776885 0.0005525551617262536
1.27 0.12437028074359936 0.0005540149102509773
1.28 0.12436473383956383 0.0005555171578430773
1.29 0.1243591704004425 0.0005570329623498793
1.3 0.12435359318031683 0.0005585418309221879
1.31 0.12434799956382406 0.0005600897621720335
1.32 0.12434239138507339 0.0005616298525854546
1.33 0.12433676696677234 0.0005632097659855617
1.34 0.12433112718975367 0.0005647819029395151
1.35 0.12432547132871356 0.0005663941328286626
1.36 0.1243197993070971 0.0005679986663142955
1.37 0.12431411135538728 0.0005696435545594625
1.38 0.12430840643600592 0.0005712808373852241
1.39 0.12430268573863958 0.0005729587285321358
1.4 0.12429694726143528 0.0005746291143697846
1.41 0.12429119315635218 0.0005763403572593973
1.42 0.1242854204542901 0.0005780514959408123
1.43 0.12427963212643336 0.0005797891523231513
1.44 0.12427382467124364 0.0005815492175704762
1.45 0.12426800114208195 0.0005833058319018036
1.46 0.1242621585546056 0.0005851001236365505
1.47 0.12425629913960921 0.0005868911180000325
1.48 0.1242504207322456 0.0005887200038383611
1.49 0.12424452473953246 0.0005905457434511874
1.5 0.12423860981737657 0.0005924095946872043
1.51 0.12423267654763871 0.000594270440536171
1.52 0.12422672440856584 0.0005961696383574022
1.53 0.12422075315487156 0.0005980659573499025
1.54 0.12421476308941885 0.0006000008831383852
1.55 0.12420875313720879 0.0006019330398867595
1.56 0.12420272442862113 0.0006039040814425078
1.57 0.12419667505557994 0.0006058724489861333
1.58 0.1241906069796414 0.0006078799949671421
1.59 0.1241845174556806 0.0006098849444136079
1.6 0.12417840928075312 0.0006119293925959113
1.61 0.12417227886782868 0.0006139712966479749
1.62 0.12416612985482016 0.0006160530459631275
1.63 0.1241599578069094 0.000618150688143082
1.64 0.12415376684105732 0.0006202517359401583
1.65 0.1241475527721906 0.00062238817537974
1.66 0.12414131907754973 0.0006245262519835038
1.67 0.12413506224715093 0.0006267010048990329
1.68 0.12412878505745174 0.0006288773797828995
1.69 0.12412248469955527 0.0006310908674453941
1.7 0.12411616324010284 0.0006333059194973956
1.71 0.12410981858116532 0.000635558560978744
1.72 0.12410345206888326 0.0006378126705692821
1.73 0.12409706232775393 0.0006401048989541636
1.74 0.12409064997090419 0.0006423984446257691
1.75 0.12408421435886141 0.0006447306886325777
1.76 0.12407775535713153 0.0006470640546645257
1.77 0.12407127307776812 0.0006494367483673713
1.78 0.12406476662216419 0.0006518103165875644
1.79 0.12405823687143637 0.0006542238955766777
1.8 0.12405168214425265 0.0006566380545205419
1.81 0.12404510411034596 0.0006590929610483798
1.82 0.12403850028503167 0.0006615480974918597
1.83 0.12403187314839613 0.0006640447734049815
1.84 0.12402521938956358 0.0006665412755246791
1.85 0.12401854232288564 0.0006690801698541193
1.86 0.1240118377861665 0.000671618428874865
1.87 0.12400510995430813 0.0006741999901320739
1.88 0.12399835378636385 0.0006767872022290788
1.89 0.12399157421026356 0.0006794050741323332
1.9 0.12398476568488122 0.0006820494309929259
1.91 0.1239779332216437 0.0006846962731321682
1.92 0.12397107175941857 0.000687384433919469
1.93 0.1239641855329653 0.000690074434716692
1.94 0.12395727027072423 0.0006928068611413707
1.95 0.12395032939574248 0.0006955404148287769
1.96 0.12394335946242765 0.0006983175621586568
1.97 0.1239363630444993 0.0007010950674972705
1.98 0.12392933756107771 0.0007039174003553583
1.99 0.1239222846964922 0.0007067392557642549
2.0 0.12391520277596244 0.0007096072376393536
2.01 0.12390809255173942 0.000712473842181538
2.02 0.1239009532991188 0.0007153879329431234
2.03 0.12389378479308057 0.00071829969173276
2.04 0.12388658730528414 0.000721260360260878
2.05 0.12387935958587534 0.0007242176729693739
2.06 0.12387210295182476 0.0007272253826418051
2.07 0.12386481507822249 0.0007302286566410743
2.08 0.12385749837869194 0.0007332838744176229
2.09 0.12385014940073412 0.0007363335197174692
2.1 0.12384277170829759 0.000739436708250274
2.11 0.1238353606665691 0.0007425331331178953
2.12 0.12382792104563524 0.0007456847626832186
2.13 0.12382044697131545 0.0007488374677064868
2.14 0.1238129442962811 0.0007520289149720583
2.15 0.123805406393016 0.0007552520357716475
2.16 0.12379783925556567 0.0007584700448415305
2.17 0.12379023699211918 0.0007617427769162077
2.18 0.12378260440002736 0.00076500903937049
2.19 0.12377493681133177 0.0007683318491329416
2.2 0.1237672377630447 0.0007716467812501904
2.21 0.12375950387570678 0.0007750201310479099
2.22 0.12375173736042373 0.0007783841646640255
2.23 0.12374393619241349 0.0007818085220714366
2.24 0.12373610118998231 0.0007852220892177186
2.25 0.12372823175062914 0.0007886979136646488
2.26 0.123720327231709 0.0007921614340151706
2.27 0.12371238852194882 0.0007956892047511488
2.28 0.123704413447614 0.0007992031105841235
2.29 0.12369640445973713 0.0008027832998731554
2.3 0.12368835778161653 0.0008063480238371667
2.31 0.1236802774992604 0.0008099810927708617
2.32 0.12367215815976113 0.0008135970922653613
2.33 0.1236640055574151 0.0008172835091864172
2.34 0.1236558124895774 0.0008209818874016506
2.35 0.12364758591966706 0.0008246914527623161
2.36 0.12363931866052215 0.000828456586372539
2.37 0.12363101678793961 0.0008322058586704983
2.38 0.12362267454334873 0.0008360254964907554
2.39 0.1236142962780098 0.0008398276558905238
2.4 0.12360587799023091 0.0008437022645795267
2.41 0.1235974222327182 0.0008475577907223197
2.42 0.12358892683441645 0.0008514878422829497
2.43 0.12358039247587255 0.0008553972011089428
2.44 0.12357181889039429 0.0008593831922283357
2.45 0.12356320481202797 0.0008633468636842778
2.46 0.1235545519531206 0.000867389263075502
2.47 0.12354585702676645 0.0008714077585239011
2.48 0.12353712379795012 0.0008755070385673136
2.49 0.12352834688599511 0.0008795808513593073
2.5 0.12351953218092294 0.0008837375272738868
2.51 0.12351067213544963 0.0008878944488763807
2.52 0.1235017742919454 0.00089208173435118
2.53 0.12349283050076261 0.0008963229312985987
2.54 0.12348384783331944 0.0009005406834674545
2.55 0.12347481968709326 0.0009048404912510577
2.56 0.12346575102349443 0.0009091154437053106
2.57 0.12345663737821914 0.0009134743593923744
2.58 0.12344748153630658 0.000917807092025491
2.59 0.12343828123637862 0.0009222256309868726
2.6 0.12342903702368684 0.0009266167165877803
2.61 0.12341974890204688 0.0009310954409276206
2.62 0.12341041511486828 0.000935545480645672
2.63 0.12340103799243396 0.0009400849133989198
2.64 0.12339161341660031 0.0009445945312247517
2.65 0.12338214610180946 0.0009491952505120693
2.66 0.12337262951159006 0.0009537650802151632
2.67 0.12336307080020516 0.0009584276716028128
2.68 0.12335346095815801 0.0009631032858905542
2.69 0.12334380873448736 0.0009677834337082913
2.7 0.12333410528948384 0.0009725369407398432
2.71 0.12332435799567258 0.0009772638718912319
2.72 0.123314560012046 0.0009820806887095301
2.73 0.1233047163818984 0.0009868703293403058
2.74 0.12329482260545918 0.0009917511401944523
2.75 0.1232848813590945 0.0009966042509992334
2.76 0.12327489052043919 0.001001549714326977
2.77 0.12326485036480797 0.0010064671163627636
2.78 0.12325476117811193 0.0010114779547718555
2.79 0.12324462080571254 0.0010164604824804968
2.8 0.12323443196846232 0.0010215374402084976
2.81 0.12322419005690836 0.0010265859960032486
2.82 0.12321390024854226 0.001031729845907492
2.83 0.12320355545999022 0.0010368453543270206
2.84 0.12319316334145572 0.001042056936960023
2.85 0.12318271432125102 0.001047266241132938
2.86 0.12317221801663306 0.001052520557776937
2.87 0.12316166391009548 0.0010578314610034667
2.88 0.12315106138741298 0.0010631226823649698
2.89 0.12314040145644818 0.0010685034284279027
2.9 0.12312969131884444 0.0010738653642512475
2.91 0.12311892414916314 0.0010793169754483856
2.92 0.12310810497933548 0.0010847508226463631
2.93 0.1230972291327102 0.001090274319840212
2.94 0.12308629949293867 0.0010957813578702513
2.95 0.1230753135055528 0.0011013778919419792
2.96 0.12306427193509982 0.001106959477121805
2.97 0.12305317431601036 0.001112630210497123
2.98 0.12304201933088987 0.0011182877801774183
2.99 0.12303080856040681 0.0011240340084066602
3.0 0.12301953865072172 0.0011297691019915845
3.01 0.12300821317836698 0.0011355921564835114
3.02 0.12299682680759207 0.0011414063999382051
3.03 0.12298538505036821 0.0011473077451205071
3.04 0.12297388065268965 0.001153202887543614
3.05 0.12296232099261735 0.00115918405688209
3.06 0.122950696971552 0.0011651619510653077
3.07 0.12293901775359604 0.0011712246008004357
3.08 0.122927272479536 0.0011772872293418501
3.09 0.12291547200900921 0.001183433135434342
3.1 0.1229036038168273 0.0011895921572184776
3.11 0.12289168016586485 0.0011958136599119484
3.12 0.12287968754362906 0.0012020817249362992
3.13 0.1228676385313661 0.001208370486081023
3.14 0.12285552013390745 0.0012147264932105273
3.15 0.12284334400150189 0.0012211081774466948
3.16 0.12283109797035853 0.00122755440017297
3.17 0.12281879291349843 0.0012340316842394117
3.18 0.12280641733667373 0.0012405704634312897
3.19 0.1227939815042298 0.0012471462331697936
3.2 0.12278147441201034 0.001253780166718954
3.21 0.12276890590089543 0.001260457489228095
3.22 0.12275626526222577 0.0012671892841646937
3.23 0.12274356211521213 0.0012739714601259777
3.24 0.12273078583302324 0.0012808040598351056
3.25 0.12271794603401542 0.001287694610642376
3.26 0.12270503194081041 0.0012946311581947256
3.27 0.12269205341085153 0.0013016338520861481
3.28 0.12267899926376868 0.0013086776723874038
3.29 0.12266587985740379 0.001315796549897108
3.3 0.12265268333277074 0.0013229512678707422
3.31 0.12263942083204638 0.0013301906354223902
3.32 0.12262607952006228 0.001337460026350712
3.33 0.12261267163151937 0.0013448245084228816
3.34 0.12259918302989382 0.001352212691885235
3.35 0.12258562737768167 0.0013597072026492185
3.36 0.12257198888584084 0.001367228271581311
3.37 0.12255828281225002 0.0013748483058533267
3.38 0.12254449191972377 0.0013825411627657047
3.39 0.12253063198899469 0.001390258037957004
3.4 0.12251668675896464 0.001398094488731516
3.41 0.12250267009922006 0.0014059472996397204
3.42 0.12248856781297185 0.0014139335034606404
3.43 0.12247439142915086 0.001421927601835904
3.44 0.12246012926093512 0.0014300700794072085
3.45 0.12244579002756273 0.0014382112205373332
3.46 0.12243136503652438 0.0014465169025346114
3.47 0.12241685968951203 0.001454811081115892
3.48 0.12240226881490206 0.0014632872973106004
3.49 0.12238759394356583 0.0014717408304187884
3.5 0.12237283399829368 0.0014803953227984223
3.51 0.12235798603710986 0.001489014872286809
3.52 0.12234305370084794 0.0014978557980329654
3.53 0.12232802892114922 0.001506648226245133
3.54 0.12231292073632304 0.0015156841612551375
3.55 0.12229771523792413 0.0015246567026281355
3.56 0.12228242760227047 0.0015338966054647685
3.57 0.12226703730581481 0.0015432242290138731
3.58 0.1222515631176902 0.001552509920994538
3.59 0.12223598710739493 0.0015620636226296725
3.6 0.1222203218452376 0.001571541471286686
3.61 0.1222045562779692 0.001581322793011708
3.62 0.12218869538937736 0.0015910095026958615
3.63 0.12217273608791528 0.0016010240276607135
3.64 0.12215667490882415 0.0016109428078818766
3.65 0.12214051723175764 0.0016211951417446357
3.66 0.12212425100598925 0.0016313603603457238
3.67 0.12210789002455073 0.0016418590519577947
3.68 0.1220914138249501 0.00165238859898853
3.69 0.12207484225257097 0.0016630358733955575
3.7 0.1220581531074822 0.0016739075332727893
3.71 0.12204136410190551 0.0016847458014641603
3.72 0.12202445819145291 0.00169588843098456
3.73 0.12200744633328582 0.0017070090286139816
3.74 0.12199031801088063 0.0017184328198753818
3.75 0.12197307767688831 0.0017298458172465558
3.76 0.12195572109453569 0.0017415605658959166
3.77 0.12193824646557039 0.0017532758640355084
3.78 0.12192065557725498 0.0017652914905808004
3.79 0.12190294063575877 0.0017773186377949557
3.8 0.12188510920449909 0.001789644411819502
3.81 0.12186714774752239 0.001801992864551849
3.82 0.12184906934720804 0.0018146377978727202
3.83 0.12183085499156494 0.0018273165714877138
3.84 0.12181252301577827 0.0018402889804498557
3.85 0.12179404921195594 0.0018533062769785502
3.86 0.1217754568902387 0.0018666141725960372
3.87 0.12175671692850402 0.0018800308358599693
3.88 0.12173785627352152 0.0018936279962025182
3.89 0.12171884436857996 0.0019074320546579315
3.9 0.12169970763242838 0.0019213438466980648
3.91 0.12168041749164601 0.0019354995111049433
3.92 0.12166099764220627 0.0019497728977446727
3.93 0.12164142203369112 0.0019642849597545364
3.94 0.12162171194301116 0.001978924833390572
3.95 0.12160184353702332 0.0019937975059329816
3.96 0.12158183599289252 0.0020088065508403474
3.97 0.1215616674060065 0.0020240424758455333
3.98 0.1215413551433756 0.002039423456239753
3.99 0.12152087893688171 0.002055024564148411
4.0 0.12150025465209265 0.002070777509955768
4.01 0.12147946338668258 0.0020867442016143656
4.02 0.12145851976806037 0.0021028692909617064
4.03 0.12143740600086332 0.0021192009993731276
4.04 0.12141613574807292 0.0021356956625986356
4.05 0.12139469208761135 0.002152390338077126
4.06 0.12137308794131137 0.0021692521730747316
4.07 0.12135130704414983 0.002186306796973625
4.08 0.12132936180537192 0.0022035307318155617
4.09 0.12130723642951352 0.0022209408244773243
4.1 0.12128494298888237 0.0022385189029519026
4.11 0.12126246605145446 0.0022562463745048333
4.12 0.12123981806139231 0.0022742238141173488
4.13 0.12121698157517212 0.002292215849204915
4.14 0.12119397374440821 0.002310605160232626
4.15 0.12117076947196745 0.0023289190044328834
4.16 0.12114739536431958 0.0023476177053805003
4.17 0.12112381711785984 0.0023666342438017907
4.18 0.12110006267944354 0.00238522821361542
4.19 0.12107611255358752 0.002404603659827309
4.2 0.121051970606247 0.002423399136418425
4.21 0.12102764457085916 0.002443113071421976
4.22 0.12100310834481856 0.0024629307416965673
4.23 0.12097838595602521 0.002482118139795375
4.24 0.12095346598202267 0.00250235541899535
4.25 0.1209283388476453 0.0025223492427528527
4.26 0.12090301899716761 0.0025420997972842585
4.27 0.12087749685169963 0.0025628028225792576
4.28 0.12085176294071602 0.002583318104001364
4.29 0.12082583048961962 0.0026032817914867223
4.3 0.12079969730488628 0.0026243148048354925
4.31 0.12077334419352291 0.0026455731471877186
4.32 0.12074678584194251 0.0026661102748244403
4.33 0.12072002198802644 0.002686771526653864
4.34 0.12069305041140943 0.0027083711622895024
4.35 0.12066585456478064 0.002730061091832603
4.36 0.12063844918957276 0.0027510825450658416
4.37 0.12061083291387932 0.0027722396638454327
4.38 0.12058300439629584 0.0027939590491623534
4.39 0.12055495373289608 0.002816050501642131
4.4 0.12052668338626298 0.00283780065634609
4.41 0.12049819771976916 0.002859394106415003
4.42 0.12046949550413467 0.0028811043801058034
4.43 0.12044057563216705 0.0029030530286542344
4.44 0.12041143444356157 0.0029254736413681925
4.45 0.12038206615933969 0.002947819203467539
4.46 0.12035247805949223 0.0029698407122262793
4.47 0.12032266934509515 0.002991938146707618
4.48 0.12029263929655805 0.003014106307871245
4.49 0.12026238721893776 0.0030363416857985825
4.5 0.12023191246284207 0.0030586382631652143
4.51 0.12020121445367445 0.003081290992633434
4.52 0.12017028664298941 0.0031040018510148926
4.53 0.12013913441665412 0.00312643212419772
4.54 0.12010775800050548 0.0031488700457131813
4.55 0.12007615701573986 0.0031713432335251923
4.56 0.12004433113583497 0.00319384653725141
4.57 0.12001228008499482 0.003216374935933075
4.58 0.11998000363711632 0.00323892348579502
4.59 0.11994750161527891 0.0032614872668208506
4.6 0.1199147738917799 0.003284061329735799
4.61 0.11988182038868418 0.003306640658168547
4.62 0.11984864107861656 0.003329220133985622
4.63 0.11981523598600446 0.0033517945041383612
4.64 0.1197816051885338 0.0033744423281154567
4.65 0.11974774713944214 0.00339712855838048
4.66 0.11971366261736618 0.0034197029560631975
4.67 0.11967935308032089 0.0034421905584549606
4.68 0.11964481880619708 0.0034646473707606873
4.69 0.11961006013290566 0.0034870655538838946
4.7 0.11957507749511942 0.0035094392269554575
4.71 0.11953987134836656 0.003531765141433496
4.72 0.11950444219229074 0.003554037992499204
4.73 0.11946879058851656 0.003576251646600248
4.74 0.11943291715935875 0.003598399961999732
4.75 0.11939682258927657 0.003620476873424039
4.76 0.11936050762189028 0.003642476685057794
4.77 0.11932397305557542 0.0036643935396618588
4.78 0.11928721975109703 0.003686221310897686
4.79 0.11925024862935749 0.0037079539626203584
4.8 0.11921306067184462 0.0037295853570542548
4.81 0.1191756569222164 0.0037511091249760042
4.82 0.11913803848934507 0.0037725182089838327
4.83 0.11910020655803674 0.0037938064347393663
4.84 0.11906216236065029 0.0038149775182168
4.85 0.1190239070076724 0.0038360288538710208
4.86 0.11898544178357286 0.0038569482257972965
4.87 0.11894676804315649 0.003877728583886686
4.88 0.11890788721189513 0.003898362470702743
4.89 0.11886880079374243 0.003918893611623453
4.9 0.11882950933966263 0.003939437558677206
4.91 0.1187900120425689 0.0039597937782041015
4.92 0.11875031346409855 0.0039798420266290435
4.93 0.11871041520203632 0.003999731895819814
4.94 0.11867031882618213 0.004019459892350419
4.95 0.11863002600418933 0.004039018253143567
4.96 0.11858953846111926 0.004058397734442387
4.97 0.11854885804950048 0.004077584128553191
4.98 0.1185079867785482 0.004096761798718873
4.99 0.11846692281352612 0.004116058935333733
5.0 0.11842566559984152 0.004135020572567427
5.01 0.11838422240207479 0.004153521358130519
5.02 0.11834259517267892 0.004171821578498935
5.03 0.11830078597050481 0.0041900244266877
5.04 0.11825879468414519 0.00420858209241981
5.05 0.1182166143286564 0.004226846734121992
5.06 0.11817425774946275 0.0042443680177495224
5.07 0.1181317269683014 0.004261845426129618
5.08 0.11808902084094017 0.004279774357643262
5.09 0.11804613148114854 0.004297392460072658
5.1 0.11800307299173872 0.004314220399312063
5.11 0.11795984707316227 0.004331253109985056
5.12 0.11791644792953904 0.00434852716927292
5.13 0.11787287652977681 0.004365254027238308
5.14 0.11782914284899428 0.00438139483965827
5.15 0.11778524863298363 0.00439813581046522
5.16 0.11774118013278499 0.004414743396412568
5.17 0.11769695376505539 0.004430404071884553
5.18 0.1176525720513473 0.004446341138030441
5.19 0.11760802694229475 0.0044624482540100985
5.2 0.11756332308626712 0.004477890811647178
5.21 0.11751846912606181 0.0044931276582858
5.22 0.11747346053310141 0.004508731762542517
5.23 0.11742829449081094 0.004523849601413943
5.24 0.11738298354107314 0.004538490514199189
5.25 0.11733752468052695 0.004553594413572171
5.26 0.11729191165280171 0.004568290682394505
5.27 0.11724615886687906 0.004582440210825212
5.28 0.11720026284858519 0.004597051189817236
5.29 0.11715421784308272 0.004611237573361571
5.3 0.11710803809711795 0.004625003836303598
5.31 0.11706171776635664 0.004639137706293539
5.32 0.11701525534299205 0.004652738265062517
5.33 0.11696866300105539 0.004666229612885431
5.34 0.11692193075073434 0.0046799068774125985
5.35 0.11687506486350714 0.00469286012100234
5.36 0.11682807354831427 0.004706183066207181
5.37 0.11678094120218302 0.004719446814724471
5.38 0.11673368461201979 0.004731952485520274
5.39 0.11668630215247262 0.004744958800432464
5.4 0.11663878543601111 0.004757643345071116
5.41 0.1165911492855712 0.00477000572505748
5.42 0.11654338532150997 0.004782665691077881
5.43 0.11649549597174964 0.0047947569093187425
5.44 0.11644749018332357 0.004807079133340331
5.45 0.11639935438908285 0.0048194398690100115
5.46 0.11635110138594336 0.004831130882521073
5.47 0.11630273177143242 0.004843319852254169
5.48 0.11625423498889825 0.004855297890111743
5.49 0.1162056258136302 0.004866908511552026
5.5 0.11615689681866723 0.004878888571196782
5.51 0.11610804804220627 0.004890412577320369
5.52 0.11605908856712081 0.004902126956984887
5.53 0.11601000550306656 0.0049139560132287485
5.54 0.11596080944685626 0.004925200178989009
5.55 0.11591150149948679 0.004936962339204598
5.56 0.11586207020007218 0.004948583264205553
5.57 0.11581252983420265 0.00495988309929718
5.58 0.11576287253808625 0.004971596483426488
5.59 0.11571309790453413 0.004982905935245974
5.6 0.11566321441938134 0.004994487754021115
5.61 0.11561320814945368 0.005006214275396381
5.62 0.11556309013387342 0.005017428482924302
5.63 0.11551285957979521 0.005029200346855056
5.64 0.11546250612693633 0.005040835296050261
5.65 0.11541204287387416 0.00505231772838588
5.66 0.11536145977236863 0.005064207558265643
5.67 0.11531075872270885 0.005075659858800208
5.68 0.11525994657519262 0.005087625299593057
5.69 0.11520900621671697 0.005099694555094736
5.7 0.11515795268409074 0.005111308867745024
5.71 0.11510678003936206 0.005123535100523213
5.72 0.11505548198208027 0.005135535637435851
5.73 0.11500406932661332 0.005147720998841088
5.74 0.11495252756210345 0.005160227929915884
5.75 0.114900864768015 0.005172303033871728
5.76 0.11484908150142602 0.005185033890598767
5.77 0.11479716409020302 0.005197722983520947
5.78 0.11474512704175559 0.005210311800320611
5.79 0.11469295785419661 0.00522341906355539
5.8 0.11464065866048448 0.005236109597094973
5.81 0.11458823566225472 0.00524950324552087
5.82 0.11453566859557404 0.005263011571355669
5.83 0.11448297543082761 0.005276176722237125
5.84 0.11443014506112931 0.005290034767887697
5.85 0.11437717473546985 0.005303555596261944
5.86 0.11432407394920405 0.005317682580727734
5.87 0.11427082108385529 0.005332051799888937
5.88 0.11421743291320627 0.005346022728372368
5.89 0.11416390062928786 0.005360763438114979
5.9 0.11411021764444394 0.0053752404222287
5.91 0.11405639582084329 0.005390220638358478
5.92 0.11400241323167677 0.005405539470277887
5.93 0.11394828503143772 0.005420453683889548
5.94 0.11389400415799898 0.005436183752808965
5.95 0.11383956135638157 0.005451686555363544
5.96 0.11378497042689172 0.005467642262162897
5.97 0.11373020851113831 0.005483999741426437
5.98 0.11367529043206318 0.005499934672276829
5.99 0.11362020981769279 0.005516729370305562
6.0 0.11356495584465706 0.005533298712967927
6.01 0.11350954384343344 0.005550314146084645
6.02 0.11345394956173538 0.005567763837515116
6.03 0.11339818856668311 0.005584761806811223
6.04 0.11334225432559918 0.005602659522276454
6.05 0.11328613537623758 0.005620305319101959
6.06 0.11322984821921712 0.005638420968459457
6.07 0.11317336695686837 0.005656979150733044
6.08 0.11311670863620249 0.00567504409248798
6.09 0.11305986607501863 0.00569404636645654
6.1 0.11300282770887336 0.0057127548112214654
6.11 0.11294561097879419 0.005731961603879121
6.12 0.11288818847679578 0.005751610559095788
6.13 0.11283057876761228 0.005770711071117596
6.14 0.11277277425537344 0.005790788525515289
6.15 0.11271476299710195 0.0058105398135221975
6.16 0.112656563459103 0.005830775267027022
6.17 0.11259814749176142 0.005851472284626347
6.18 0.11253953401341048 0.005871551224495342
6.19 0.1124807164672715 0.005892653708257534
6.2 0.11242168093924534 0.005913449596032017
6.21 0.11236244747535086 0.005934590011647423
6.22 0.11230298913901239 0.005956289729431852
6.23 0.11224332168076222 0.00597725018668438
6.24 0.1121834441352787 0.005999335215318702
6.25 0.11212333497645585 0.006021301657312961
6.26 0.11206301810213246 0.006043074337498844
6.27 0.11200247348970588 0.0060657186465400414
6.28 0.11194170372920163 0.006087647934232443
6.29 0.11188072053102123 0.006110491767119086
6.3 0.11181949389385926 0.006133696855883386
6.31 0.11175804659390356 0.00615589847565623
6.32 0.1116963759243461 0.006179450586040858
6.33 0.11163445758218275 0.006202982985584526
6.34 0.11157231626463442 0.006225820559450312
6.35 0.11150994117099375 0.006249898723790892
6.36 0.11144731829015858 0.006273706470675933
6.37 0.11138446704158023 0.006297202869999019
6.38 0.11132137423275859 0.006321788769575676
6.39 0.11125803126618872 0.006345980877749291
6.4 0.11119445461520358 0.006369994074527874
6.41 0.11113063138469817 0.006395066172949271
6.42 0.1110665532917446 0.006419745967263246
6.43 0.1110022364653529 0.006444125664611278
6.44 0.11093767077845235 0.0064696509205770525
6.45 0.11087284344694137 0.006494897225948648
6.46 0.1108077728339334 0.006519488993167677
6.47 0.11074245366707802 0.006545407852977192
6.48 0.11067686467687383 0.006571237382945405
6.49 0.11061102891941912 0.006595977062917591
6.5 0.11054494513561548 0.006622067685614574
6.51 0.11047858756570685 0.006648342671399021
6.52 0.1104119782821875 0.006673449756141814
6.53 0.11034511857058399 0.006699090796932872
6.54 0.11027799646624886 0.006725353580522508
6.55 0.11021061149897354 0.006750988375594069
6.56 0.11014297669873699 0.006775939266531417
6.57 0.11007509271364291 0.006801462126899693
6.58 0.11000694745619902 0.006827086986983311
6.59 0.10993855097390325 0.00685174567605884
6.6 0.10986991254267783 0.006875775152933805
6.61 0.10980103547084455 0.00689961756007218
6.62 0.1097319201914764 0.006923483298164612
6.63 0.10966256580488125 0.0069465177775809295
6.64 0.10959298983592479 0.006968333552585193
6.65 0.10952319913382952 0.006989420529459167
6.66 0.10945320142533561 0.00700969312063382
6.67 0.10938300527141685 0.007029221250779649
6.68 0.10931261700032002 0.007047922613786284
6.69 0.1092420468191411 0.007065379329600496
6.7 0.109171309413728 0.007081576081480634
6.71 0.1091004152975115 0.007096718703137661
6.72 0.10902937503966526 0.00711081226687682
6.73 0.10895819905217394 0.007123883213475679
6.74 0.10888689737539577 0.007135978850000946
6.75 0.10881547947517393 0.007147166117014159
6.76 0.10874395405305548 0.007157527889578574
6.77 0.10867232891738236 0.0071671591620843245
6.78 0.10860061086981376 0.00717616404333743
6.79 0.10852880563651564 0.007184651903354933
6.8 0.10845691783174666 0.007192732595561857
6.81 0.1083849509846044 0.007200512908555723
6.82 0.10831290757357552 0.007208094936057563
6.83 0.10824078908588326 0.0072155740319423955
6.84 0.10816859609293668 0.007223036847219255
6.85 0.10809632834893888 0.0072305608314477965
6.86 0.1080239848763077 0.007238214967587808
6.87 0.10795156404958714 0.007246186174064917
6.88 0.1078790611528264 0.0072544267927234785
6.89 0.10780647551373267 0.007262851757379174
6.9 0.1077338041176788 0.007271603391924231
6.91 0.10766104344589418 0.007280723676896805
6.92 0.10758818964414087 0.00729034030259168
6.93 0.10751523663984236 0.007300536714965666
6.94 0.10744217890984153 0.007311120884409661
6.95 0.10736901422215415 0.007322062993925016
6.96 0.10729573764996303 0.007333577254030388
6.97 0.10722234267707356 0.007345880537095617
6.98 0.10714882003922112 0.007358688449285999
6.99 0.10707516890808784 0.007371820623888858
7.0 0.10700138362674336 0.00738574408157433
7.01 0.10692745402645636 0.0074004584942279905
7.02 0.1068533744568588 0.00741557424892747
7.03 0.10677914254147779 0.0074311647268290315
7.04 0.10670475116232223 0.0074477821298675195
7.05 0.10663018689888044 0.00746496647611572
7.06 0.10655545183279991 0.007482341089042777
7.07 0.10648054007709956 0.007500754485359806
7.08 0.10640543674309272 0.007519875401452936
7.09 0.1063301425690705 0.007539151336022343
7.1 0.10625465371637227 0.007559227113611122
7.11 0.10617895802679825 0.007580165730870725
7.12 0.10610305040175487 0.00760137103835401
7.13 0.10602693060603118 0.007622994370391822
7.14 0.10595059051434705 0.007645696478539854
7.15 0.10587401667646036 0.007668850600177635
7.16 0.10579721350234352 0.007692061103017345
7.17 0.10572017545440002 0.007716299694936701
7.18 0.10564288750844478 0.007741298858733536
7.19 0.10556534947722533 0.007766395199841014
7.2 0.10548755960444797 0.00779185588639475
7.21 0.10540951235949744 0.00781849930848022
7.22 0.10533118961827838 0.007845740010329116
7.23 0.10525259755929084 0.007872908680281121
7.24 0.10517373144467278 0.007900586399405718
7.25 0.10509458583130274 0.007929205358084168
7.26 0.1050151473375111 0.007958585986948208
7.27 0.10493541411156376 0.007988095479766422
7.28 0.10485538542791577 0.008017898562994397
7.29 0.1047750561403039 0.008048210808584422
7.3 0.10469442121174409 0.00807903739478455
7.31 0.10461347539240821 0.008110807966724032
7.32 0.1045322050524096 0.008142995143860077
7.33 0.10445061548953102 0.008175124775031684
7.34 0.10436870255690896 0.008207652634950158
7.35 0.10428646243683203 0.0082405437408406
7.36 0.10420389168209213 0.008273758743794879
7.37 0.10412098726195615 0.008307253527408243
7.38 0.10403774661154395 0.008340979195437193
7.39 0.1039541676780474 0.00837488258979402
7.4 0.10387024895974804 0.008408906953262907
7.41 0.10378598953898215 0.00844299211248778
7.42 0.1037013891174983 0.00847707704717493
7.43 0.10361644799803865 0.008511101075962202
7.44 0.10353116709597904 0.008545003648439575
7.45 0.10344554792506987 0.008578726151998062
7.46 0.10335959257293907 0.008612212960968257
7.47 0.10327330366585051 0.008645412303841304
7.48 0.10318668432686223 0.008678278452154409
7.49 0.10309973809680743 0.008710773821807294
7.5 0.1030124688504261 0.008743311034056234
7.51 0.10292487187612631 0.00877575369013961
7.52 0.1028369537766233 0.008807375226948189
7.53 0.10274872437158734 0.00883831065085694
7.54 0.10266018756360618 0.008868849957922365
7.55 0.1025713473724289 0.008898986074648896
7.56 0.10248220784211319 0.008929337037646867
7.57 0.10239276063167593 0.008959531047534774
7.58 0.1023030172211625 0.008988762411143547
7.59 0.10221298538345307 0.009017455051310463
7.6 0.1021226681201363 0.009045867881154024
7.61 0.10203206802582998 0.009074380919128266
7.62 0.10194118050175376 0.00910313074192004
7.63 0.10185000541099158 0.009131342243522411
7.64 0.10175855365688331 0.009158961249807973
7.65 0.10166682618599539 0.009186500741050097
7.66 0.10157482364206231 0.009214060937400959
7.67 0.10148254496724737 0.009242337230135789
7.68 0.1013899768974596 0.009270610006642421
7.69 0.10129713276711451 0.009298280555919192
7.7 0.10120401128634124 0.009326107948688822
7.71 0.10111061060814074 0.009354132489047373
7.72 0.1010169286365603 0.009382740063347939
7.73 0.10092295580687376 0.009412058892414699
7.74 0.10082868745871201 0.009441366591071976
7.75 0.10073412847505232 0.009470617566142536
7.76 0.10063927510738915 0.009500251130174497
7.77 0.10054412345244883 0.009530288379181684
7.78 0.10044866933980551 0.009561430460992781
7.79 0.10035289484322897 0.009593234511012128
7.8 0.10025680464958528 0.009624858167658346
7.81 0.10016039767987579 0.00965677195650727
7.82 0.1000636692104551 0.00968914941713006
7.83 0.09996661469153321 0.009722277871694551
7.84 0.09986922365302121 0.009756558531964998
7.85 0.09977148352089393 0.009791021680511491
7.86 0.09967340321941096 0.009825249764666033
7.87 0.09957497852560064 0.009859888818724016
7.88 0.09947620544303648 0.009895069053441397
7.89 0.09937707714453183 0.009931602593784561
7.9 0.09927757339116076 0.009968379504569747
7.91 0.09917770955444044 0.010004523881328886
7.92 0.0990774829135342 0.01004091538783669
7.93 0.09897689124668373 0.010078048848217058
7.94 0.09887592193656984 0.010116235990823341
7.95 0.09877456652686728 0.010154247497005109
7.96 0.09867283698662974 0.010191806130151804
7.97 0.09857073040426424 0.010229605739280778
7.98 0.0984682448718441 0.010267548669944837
7.99 0.09836537943086536 0.010305551837641147
8.0 0.09826213383509128 0.010343620207096116
8.01 0.09815850702672345 0.010381983007991202
8.02 0.09805449417493145 0.010420110954601824
8.03 0.09795010480763142 0.010457672532338869
8.04 0.09784534072428468 0.010495022021066447
8.05 0.09774020436721008 0.01053210951129735
8.06 0.09763469853405872 0.010568897625123697
8.07 0.0975288264147076 0.010605344353423973
8.08 0.09742259164699026 0.010641411457793737
8.09 0.09731599818555174 0.010677080885394652
8.1 0.09720905002928236 0.01071233982367037
8.11 0.09710175138907833 0.010747161915457326
8.12 0.09699410679097321 0.010781525392048685
8.13 0.09688612088123733 0.010815417209601996
8.14 0.09677779844678117 0.010848820481468735
8.15 0.09666914447160796 0.010881719094313347
8.16 0.09656016406489491 0.010914105231528914
8.17 0.09645086236697739 0.01094596925637159
8.18 0.09634124467976748 0.010977293611409422
8.19 0.0962313164947492 0.01100808166250733
8.2 0.09612108304651733 0.011038339915680595
8.21 0.09601054969643558 0.011068058639622791
8.22 0.09589972187372486 0.01109724900983089
8.23 0.09578860471623896 0.01112593785838989
8.24 0.09567720311655707 0.011154154291682872
8.25 0.09556552163040531 0.011181930990773026
8.26 0.09545356449674162 0.011209315172793666
8.27 0.09534133532694944 0.011236425709696185
8.28 0.09522883598254771 0.011263404969115598
8.29 0.09511606722756713 0.011290151124599745
8.3 0.09500303296005572 0.011316694848842346
8.31 0.09488973333059027 0.011343236721654826
8.32 0.09477616822562263 0.01136983264055047
8.33 0.09466233667777926 0.01139658233302665
8.34 0.0945482365789621 0.011423598307358063
8.35 0.09443386471163212 0.011450950491697753
8.36 0.09431921756912814 0.011478692633804854
8.37 0.09420429085895601 0.011506912502230016
8.38 0.09408907931908353 0.011535680066078413
8.39 0.09397357725763444 0.011565040254852832
8.4 0.09385777851398647 0.011595037872921488
8.41 0.09374167650017601 0.011625721936256106
8.42 0.09362526407526135 0.011657127161111447
8.43 0.0935085339569538 0.011689272548964347
8.44 0.09339147862428207 0.011722171020859484
8.45 0.09327409053653661 0.011755826275471115
8.46 0.09315636209877265 0.011790237874139464
8.47 0.09303828577905379 0.011825387085071526
8.48 0.09291985435707123 0.011861238554943476
8.49 0.09280106100795492 0.011897734651643788
8.5 0.09268189966403836 0.01193481187521872
8.51 0.09256236477045054 0.011972403919515706
8.52 0.09244245158564805 0.012010416270366697
8.53 0.09232215644504323 0.012048735054206894
8.54 0.09220147688456393 0.012087239251037829
8.55 0.09208041166002245 0.012125795260887529
8.56 0.09195896097934615 0.012164279262148803
8.57 0.09183712607477948 0.012202586719549657
8.58 0.09171490924495516 0.012240621444528088
8.59 0.09159231364588893 0.012278274320367544
8.6 0.09146934375854782 0.012315380330155001
8.61 0.09134600603928583 0.012351749514336596
8.62 0.0912223087682611 0.012387201005768844
8.63 0.09109826201917046 0.01242156492216484
8.64 0.09097387746981779 0.012454672405062261
8.65 0.09084916857106923 0.012486336279221355
8.66 0.09072415074423337 0.012516392372451612
8.67 0.09059884072362019 0.012544691183530965
8.68 0.09047325692056275 0.012571094024300677
8.69 0.09034741884313419 0.012595514150312681
8.7 0.0902213466375565 0.012617884918500799
8.71 0.09009506114476416 0.012638175823792785
8.72 0.08996858312108064 0.012656409424385728
8.73 0.08984193295627645 0.012672659634672456
8.74 0.08971512992838719 0.012687191309369794
8.75 0.08958818913008906 0.012699846833404749
8.76 0.0894611329917191 0.01271055562639578
8.77 0.08933397801756114 0.012719695669650477
8.78 0.0892067390783261 0.012727485042319131
8.79 0.08907942831671477 0.01273401611606051
8.8 0.08895205875600487 0.012739273122957862
8.81 0.0888246428542556 0.012743433411414706
8.82 0.08869719008777659 0.012746788143893184
8.83 0.08856970709137775 0.012749389613326834
8.84 0.08844220229551006 0.012751320766518859
8.85 0.08831468067604736 0.012752840260871423
8.86 0.08818714549029263 0.012754060135799605
8.87 0.08805959947333138 0.012755065518366138
8.88 0.0879320441799253 0.012755970315543763
8.89 0.08780448006702049 0.012756867242435632
8.9 0.08767690683507659 0.012757755260792258
8.91 0.08754932496180466 0.012758616533266043
8.92 0.08742173450441128 0.01275944454417921
8.93 0.08729413607092108 0.012760154381632027
8.94 0.08716653141677863 0.012760649046299477
8.95 0.08703892308999508 0.012760823385532305
8.96 0.08691131494906795 0.012760540099737483
8.97 0.08678371228800032 0.012759666233341349
8.98 0.08665612162440112 0.012758077856101835
8.99 0.08652855073087828 0.01275563964524995
9.0 0.08640100883149612 0.01275217488955338
9.01 0.08627350723308722 0.012747504137403887
9.02 0.08614605874874806 0.012741488322490113
9.03 0.08601867746663742 0.012734017961708588
9.04 0.0858913783895139 0.012725013302281596
9.05 0.08576417720059176 0.012714430411072897
9.06 0.08563708978129242 0.012702271816818822
9.07 0.0855101317642554 0.012688580127145244
9.08 0.08538331817874953 0.012673429660138957
9.09 0.08525666317105261 0.01265691728332552
9.1 0.08513017983308302 0.012639147288444619
9.11 0.08500388022528373 0.012620224114538559
9.12 0.08487777535079226 0.012600250086749476
9.13 0.08475187522354871 0.012579317132697554
9.14 0.08462618900813829 0.012557501401124327
9.15 0.08450072519552623 0.01253473605148514
9.16 0.0843754942871086 0.012511163425714678
9.17 0.08425050192701194 0.012486947156206796
9.18 0.08412575534398446 0.012461990095966158
9.19 0.08400126212509262 0.01243626944663312
9.2 0.08387702995505181 0.012409774167879029
9.21 0.08375306664173501 0.012382498702038447
9.22 0.08362937998101103 0.012354437954537723
9.23 0.08350597788264426 0.01232559479384765
9.24 0.08338286808513408 0.012296000660208861
9.25 0.08326005786944009 0.012265713959856761
9.26 0.08313755380593695 0.012234821682707953
9.27 0.08301536143578593 0.012203442061323067
9.28 0.0828934849647105 0.01217172319986215
9.29 0.0827719269717887 0.012139830601205048
9.3 0.08265068835268638 0.012107944205724586
9.31 0.08252976808767418 0.01207625692295533
9.32 0.08240916321422727 0.012044959502110153
9.33 0.08228886889763198 0.012014233995427226
9.34 0.08216887853431873 0.011984247645232315
9.35 0.08204918394472734 0.011955146036330078
9.36 0.08192977561359213 0.01192705022318652
9.37 0.08181064294026362 0.011899882449492694
9.38 0.08169177796460225 0.0118738712927966
9.39 0.08157316551440767 0.011849268244228384
9.4 0.08145479259971769 0.011825938537278091
9.41 0.08133664674366212 0.011803854551208026
9.42 0.08121871550869353 0.011783001081675515
9.43 0.0811009867220286 0.011763342004466715
9.44 0.0809834486686042 0.011744828962985565
9.45 0.0808660901427689 0.01172740929738314
9.46 0.08074890048265654 0.011711023704918055
9.47 0.08063186966867053 0.01169560864497754
9.48 0.080514988309757 0.011681102770426222
9.49 0.080398247613262 0.01166731400941945
9.5 0.08028164202956861 0.011654243912945006
9.51 0.08016516273500311 0.011642046220586622
9.52 0.08004880110515689 0.011630603378772975
9.53 0.07993255066742766 0.011619778038498119
9.54 0.07981640554438693 0.011609514354768535
9.55 0.07970036038033228 0.011599759267976406
9.56 0.07958441035902739 0.011590245275056255
9.57 0.07946855547483116 0.011581066504241733
9.58 0.07935278902894255 0.011572422636746627
9.59 0.07923710702209623 0.011564102109497654
9.6 0.0791215069867526 0.01155591241025311
9.61 0.07900598877389117 0.011547626043788561
9.62 0.07889055446587684 0.01153952136690517
9.63 0.07877519834655305 0.01153173625629389
9.64 0.07865991974075094 0.011523642775812526
9.65 0.0785447254910368 0.01151540758341385
9.66 0.07842961158908267 0.011507479352558914
9.67 0.07831457590398563 0.011499100439412047
9.68 0.07819962958029443 0.011490550798771704
9.69 0.07808476488801021 0.01148217089309167
9.7 0.0779699861624326 0.011473331157700883
9.71 0.07785529826485617 0.011464613704210258
9.72 0.07774069388834838 0.011455498748848214
9.73 0.0776261882898792 0.011446301133475334
9.74 0.07751176786567888 0.011437055252696116
9.75 0.07739744718482529 0.011427515146097189
9.76 0.07728321756275694 0.011418092258010493
9.77 0.07716908533966509 0.011408350886968233
9.78 0.07705505054501759 0.01139877107014664
9.79 0.07694110991826215 0.011388929371261458
9.8 0.07682727195759234 0.011379293067399932
9.81 0.07671352405691415 0.011369467536027411
9.82 0.0765998826068718 0.011359734058224547
9.83 0.07648632937574966 0.01135020216041882
9.84 0.07637287856366343 0.01134063489284376
9.85 0.07625951667789278 0.011331377906749207
9.86 0.07614625100552845 0.011322136084711776
9.87 0.07603307395619856 0.011313230857813217
9.88 0.07591998638837218 0.011304430379993402
9.89 0.07580698534859867 0.011296006352627508
9.9 0.07569406626131964 0.011287758299189932
9.91 0.07558123018261488 0.011279931263742604
9.92 0.07546846763604478 0.011272252616220335
9.93 0.07535578513029048 0.011264937188751656
9.94 0.07524316889226976 0.011257998843239303
9.95 0.0751306251534257 0.011251202355909928
9.96 0.07501814484515154 0.011244981681772792
9.97 0.07490572551979023 0.011238760759760158
9.98 0.07479336962995634 0.01123286599272566
9.99 0.07468106819993572 0.011227402115084661
10.0 0.07456882158765465 0.011221877351214715
10.01 0.07445663065291143 0.011216591242208196
10.02 0.0743444897628105 0.011211591903924845
10.03 0.07423239881483294 0.011206425920523788
10.04 0.07412036124440002 0.01120130241351891
10.05 0.07400837276656255 0.01119637601697887
10.06 0.07389643372406043 0.01119110477365659
10.07 0.07378455067108942 0.011185773230555807
10.08 0.07367271825944932 0.011180630996899588
10.09 0.07356093805115144 0.011175085629072878
10.1 0.07344921654686787 0.011169590236439486
10.11 0.07333754624642265 0.011164226055076387
10.12 0.07322593202576634 0.011158799544411568
10.13 0.0731143702555344 0.011153645206181562
10.14 0.0730028591216427 0.011148635045874933
10.15 0.0728913975546169 0.011143955090596513
10.16 0.07277998001983077 0.011139572635674
10.17 0.07266860610190343 0.011135536784612654
10.18 0.07255726928413853 0.01113161306465793
10.19 0.07244597384061027 0.011127637518623335
10.2 0.07233471653376607 0.01112373394814492
10.21 0.07222349916164736 0.011119589143229636
10.22 0.07211232475090146 0.011115004328971168
10.23 0.07200119907506794 0.011109984294632724
10.24 0.0718901250650088 0.011104605561283343
10.25 0.07177910696384228 0.011098724816452687
10.26 0.07166815056867976 0.011092265279641023
10.27 0.07155726165824947 0.011085245451059489
10.28 0.07144644565965858 0.011077700839119853
10.29 0.07133570764146707 0.011069469111113062
10.3 0.0712250562774363 0.011060669025851677
10.31 0.07111449426095003 0.011051575247038592
10.32 0.07100402477249554 0.011042153223118412
10.33 0.07089365119648766 0.01103241429172952
10.34 0.07078337648666096 0.01102216251207988
10.35 0.07067320794624607 0.01101152786880899
10.36 0.07056314592928478 0.011000911318767237
10.37 0.07045318971987073 0.010990270141780112
10.38 0.07034334052644917 0.010979339383171638
10.39 0.07023360293220729 0.010968018576227756
10.4 0.07012398015492462 0.010956779145741002
10.41 0.07001446734929248 0.010945758556639706
10.42 0.06990506498379183 0.01093435601367343
10.43 0.06979578022901901 0.010922699029895622
10.44 0.06968661100319391 0.010911332529842888
10.45 0.06957755357842216 0.010900056650656076
10.46 0.06946860987018078 0.010888244597607954
10.47 0.06935978868646998 0.010876486095445781
10.48 0.06925108014827186 0.010865222837460387
10.49 0.06914248422972079 0.010853355785779062
10.5 0.06903401303255628 0.010841402212038886
10.51 0.06892565618548001 0.01083004333440929
10.52 0.0688174121658681 0.010818123467892349
10.53 0.06870929371612217 0.01080611214900129
10.54 0.06860128992288808 0.010794749101018741
10.55 0.06849339873410178 0.010782730554411923
10.56 0.06838563531179984 0.010770733338055116
10.57 0.06827798406734067 0.010759366065952847
10.58 0.06817044799048079 0.010747427934454823
10.59 0.06806303550865159 0.01073572985304061
10.6 0.06795573339341998 0.010724252374337606
10.61 0.06784855046116484 0.010712467854049557
10.62 0.06774148403633899 0.010701217436170918
10.63 0.0676345261124414 0.010689504498887725
10.64 0.06752769394636123 0.010677830848635939
10.65 0.06742096949546869 0.01066654781649179
10.66 0.06731436299003139 0.010654834973243599
10.67 0.06720787279600382 0.01064344142396223
10.68 0.06710149416155216 0.010631605347452666
10.69 0.06699524068905477 0.010619891272729998
10.7 0.06688909633609756 0.010607949825466978
10.71 0.0667830816925454 0.01059580736083987
10.72 0.06667718018888075 0.010583728885118493
10.73 0.06657140711484304 0.01057129388366107
10.74 0.06646575431120753 0.010558834331255706
10.75 0.06636023042821793 0.010546053559507662
10.76 0.06625483324001738 0.010533159422431382
10.77 0.06614956723976931 0.01052001457048135
10.78 0.06604443294860776 0.010506661560538255
10.79 0.06593943400855855 0.010493136763923605
10.8 0.06583457021332928 0.010479355539174229
10.81 0.06572984689777504 0.010465378966871164
10.82 0.06562526263399186 0.010451159162366608
10.83 0.06552082371452772 0.010436701865275566
10.84 0.06541652859668635 0.010422034984891582
10.85 0.06531238301482989 0.010407114689168662
10.86 0.06520838630290299 0.010392003606541689
10.87 0.06510454294269906 0.010376657204703932
10.88 0.0650008531588089 0.010361129736461194
10.89 0.06489732034796983 0.010345403514668394
10.9 0.06479394508851553 0.010329500785386081
10.91 0.06469073033226211 0.010313449021070564
10.92 0.06458767610809413 0.010297206545063275
10.93 0.06448478620136085 0.010280931824207418
10.94 0.06438205747160998 0.010264413986825094
10.95 0.06427949792162435 0.010248020582004358
10.96 0.06417709705996988 0.01023133125540232
10.97 0.06407487129651629 0.010214851897580868
10.98 0.06397280002201827 0.010198040375504647
10.99 0.0638709104890062 0.010181403818662726
11.0 0.06376917194564502 0.010164666618933449
11.01 0.06366761715662754 0.01014771928213598
11.02 0.0635662175600023 0.010131369441095828
11.03 0.06346498976780562 0.010114408763938432
11.04 0.06336392938472354 0.010098357262176005
11.05 0.06326302262256209 0.010081463534778123
11.06 0.06316230011402797 0.010064644822177726
11.07 0.06306172972611854 0.010049166953488342
11.08 0.06296131677495821 0.010032565571839847
11.09 0.06286107841468175 0.010016403358831916
11.1 0.06276098870778157 0.01000119856495063
11.11 0.06266105444338274 0.009985043620186929
11.12 0.06256128783537784 0.00996942217204655
11.13 0.0624616659999418 0.009954406287823403
11.14 0.062362199709621355 0.009938601526763513
11.15 0.06226289396940654 0.009923464288891903
11.16 0.062163730423843516 0.009908396758991245
11.17 0.06206472603422671 0.009892702842810408
11.18 0.06196587636698731 0.009877821752103166
11.19 0.06186716959918465 0.00986232583744684
11.2 0.06176862985023838 0.009846403665318526
11.21 0.061670241525878265 0.00983155631803223
11.22 0.061571998723877724 0.009815403288163438
11.23 0.061473933460114996 0.009799114276504817
11.24 0.061376016438347634 0.00978367360235266
11.25 0.06127825998806795 0.00976709350076943
11.26 0.06118067456833225 0.009750995804836293
11.27 0.061083240071971225 0.009734482174631243
11.28 0.06098598492483963 0.0097175965330063
11.29 0.060888888141311104 0.009701463637220797
11.3 0.06079195565209519 0.009684435906685884
11.31 0.06069519942317738 0.009667926182252984
11.32 0.060598597128450137 0.009651081810853057
11.33 0.06050217778696033 0.00963389986331098
11.34 0.06040591913118393 0.00961760706045478
11.35 0.060309825645751235 0.009600335930343373
11.36 0.060213912412577064 0.009583505895448763
11.37 0.06011815552784226 0.009566640963877493
11.38 0.06002257959329949 0.009549241041685974
11.39 0.05992717070700853 0.009532809368721473
11.4 0.05983192340592506 0.009515382208715728
11.41 0.059736863062834225 0.009498208292901822
11.42 0.05964195924006703 0.00948133384203853
11.43 0.059547236385993456 0.009463944554598758
11.44 0.05945268034897506 0.009447173519773422
11.45 0.059358292915597986 0.009429828833684706
11.46 0.05926408377230135 0.009413028365300669
11.47 0.05917003234829197 0.009395766251107052
11.48 0.05907616844727922 0.009378696702982747
11.49 0.058982458414232324 0.009361836639765642
11.5 0.05888893171448391 0.009344720402119755
11.51 0.05879556400618993 0.009328131771242809
11.52 0.058702369079059055 0.009311123427959256
11.53 0.05860934153763075 0.009294694589409236
11.54 0.05851647518727088 0.009277786377938302
11.55 0.05842378581007197 0.009261380245398243
11.56 0.058331247582362904 0.009244750400268398
11.57 0.0582388908020666 0.009227957256922714
11.58 0.05814668843722445 0.009212019719978315
11.59 0.058054650407667045 0.009195299392982914
11.6 0.0579627824493648 0.009179286050964741
11.61 0.05787106468664775 0.009162977025610974
11.62 0.05777952290885258 0.009146414794835689
11.63 0.05768813639075103 0.009130819980925686
11.64 0.05759690650923406 0.009114373966593092
11.65 0.057505848911419175 0.009098393943182348
11.66 0.05741493863037042 0.009082421697959031
11.67 0.05732420047746 0.009066156701514227
11.68 0.057233615496340144 0.009050548341728692
11.69 0.05714318951062543 0.00903436198735097
11.7 0.057052928256593125 0.00901878906737208
11.71 0.05696281372927797 0.00900269583143265
11.72 0.05687287433996446 0.008986764716385043
11.73 0.05678307843495028 0.008971118006816603
11.74 0.05669345197982813 0.008955184919713588
11.75 0.056603974736556005 0.008939603089506587
11.76 0.056514659918038 0.008923721688564257
11.77 0.056425500302784724 0.008908167268486977
11.78 0.05633649657266827 0.008892324679335317
11.79 0.05624765380919802 0.00887676086178546
11.8 0.05615896135543254 0.008860952285034251
11.81 0.056070434763497316 0.00884532550878836
11.82 0.05598205484525677 0.008829500023770809
11.83 0.05589384476302191 0.008813816553467024
11.84 0.055805778514187436 0.008797930102337759
11.85 0.05571788616097515 0.008782122404070059
11.86 0.05563013606610604 0.008766175426417888
11.87 0.0555425626524468 0.008750098623607538
11.88 0.055455134093633875 0.00873415302909697
11.89 0.05536787959186485 0.008717904903912554
11.9 0.05528077599555562 0.00870180977545676
11.91 0.055193843396355725 0.008685341812479486
11.92 0.055107069159306035 0.008669077306624473
11.93 0.05502046185022324 0.008652357575658964
11.94 0.05493402200779286 0.00863588531393189
11.95 0.0548477441439446 0.008618876165946254
11.96 0.054761644484473924 0.008602170578923207
11.97 0.05467570073236613 0.008584828151632973
11.98 0.05458994792144127 0.008567390294690114
11.99 0.05450435292647233 0.008550158951084352
12.0 0.05441894474241958 0.008532255173601566
12.01 0.0543337078230003 0.008514778096273101
12.02 0.05424864918049413 0.008496445274282838
12.03 0.05416377891751464 0.008478601976494193
12.04 0.05407907714096424 0.008459782320748843
12.05 0.05399458327109966 0.008440768867457482
12.06 0.05391026176361508 0.008422222035180837
12.07 0.053826138830396046 0.008402699232553879
12.08 0.05374220777896401 0.008383564404570443
12.09 0.05365846754230464 0.008363544568158243
12.1 0.05357493688760085 0.00834376600154707
12.11 0.053491592222273704 0.008323237774855219
12.12 0.05340847213210374 0.00830269072567269
12.13 0.05332553840776024 0.008281775196028462
12.14 0.05324283662818316 0.008260535618417997
12.15 0.05316032769539188 0.008239181854130084
12.16 0.05307805299110056 0.008217459881681322
12.17 0.05299597849775826 0.008195520367249909
12.18 0.05291414258375557 0.008173342946441675
12.19 0.052832511638829426 0.008150871885262756
12.2 0.05275112514605032 0.008128275103187033
12.21 0.05266994613676568 0.008105313398388603
12.22 0.052589018878082545 0.008082274403676148
12.23 0.052508300648692156 0.00805893744558217
12.24 0.0524278401291709 0.008035349373287204
12.25 0.05234759366122641 0.008011824720445482
12.26 0.052267603634761996 0.007987877906978191
12.27 0.05218783610308685 0.007964034015889077
12.28 0.05210832295444422 0.007939758342191627
12.29 0.052029040936243026 0.00791559704472311
12.3 0.05195001101354974 0.007891021495470607
12.31 0.051871220506333596 0.007866539543091466
12.32 0.05179268022268792 0.007841682642359515
12.33 0.051714386853486415 0.007816867802798555
12.34 0.05163634286663195 0.007791738332516118
12.35 0.05155855208683609 0.007766588227545501
12.36 0.05148101110208104 0.0077412009789337155
12.37 0.051403728067257425 0.007715709545866201
12.38 0.051326696911163705 0.007690102916522168
12.39 0.051249926008926965 0.007664286472534698
12.4 0.051173411181713015 0.007638515671851032
12.41 0.05109715569548994 0.007612408083224942
12.42 0.05102116302004851 0.007586541016333825
12.43 0.05094542487516327 0.007560205390062524
12.44 0.050869958912247264 0.007534327955201814
12.45 0.05079473831605924 0.007507837704254783
12.46 0.05071980215816215 0.007481725960709618
12.47 0.05064510379684504 0.007455506624165942
12.48 0.050570692025678834 0.0074289326484318075
12.49 0.050496525143876404 0.007403419131400746
12.5 0.05042262364305082 0.007376925007602342
12.51 0.050348986643724364 0.007351778400166431
12.52 0.05027558807504749 0.0073254621568787925
12.53 0.050202477400586795 0.007299274190940341
12.54 0.05012960259122869 0.007274711138000267
12.55 0.050056983177826773 0.007248779083805612
12.56 0.04998462700955257 0.007223994443580128
12.57 0.049912503288955176 0.007199252467587236
12.58 0.049840641960200834 0.007173847898287011
12.59 0.04976902633098943 0.007150166952974768
12.6 0.04969763862114134 0.007125781399949016
12.61 0.049626510702990456 0.0071009989952872665
12.62 0.049555618641235595 0.007078071523756613
12.63 0.049484949272515316 0.007054525225146158
12.64 0.04941452813673266 0.007030415950226132
12.65 0.0493443409535108 0.007007857369967674
12.66 0.04927437098933331 0.006985582325366835
12.67 0.049204629307003464 0.006962161143590606
12.68 0.0491351277664615 0.006939566728046742
12.69 0.04906583797244253 0.006918469000139815
12.7 0.04899675838645871 0.006896227991181725
12.71 0.04892791341261888 0.006873682871172626
12.72 0.048859284729035245 0.006852627902676378
12.73 0.048790860854565354 0.006832221294600149
12.74 0.048722640303143244 0.006810723019097686
12.75 0.0486546463941834 0.006789045443929886
12.76 0.04858685939426465 0.006768804777109061
12.77 0.048519270298641226 0.006749090138773894
12.78 0.04845187759148918 0.006729098701744984
12.79 0.04838468832460632 0.0067083171928778995
12.8 0.04831771124763162 0.006688176170395188
12.81 0.048250924801198414 0.0066691990527396605
12.82 0.04818432726657683 0.00665039546469437
12.83 0.04811791689190453 0.0066317496320298375
12.84 0.048051692273936235 0.0066121717304632455
12.85 0.04798567345729527 0.006592853414847166
12.86 0.0479198352056393 0.006574901239585262
12.87 0.047854175432503566 0.006557166251107471
12.88 0.04778869188061714 0.006539673732456119
12.89 0.04772338195785444 0.006522410078725116
12.9 0.047658243679042644 0.006504868146784304
12.91 0.04759328459491875 0.006487166688633916
12.92 0.04752850034526997 0.006470259921376176
12.93 0.047463879396491236 0.006454063761700102
12.94 0.04739941907003597 0.006438107873782961
12.95 0.047335117239015574 0.006422374974028866
12.96 0.04727097157055539 0.006406892574536194
12.97 0.04720697938752485 0.006391341395551642
12.98 0.04714314474264436 0.006375635378845335
12.99 0.047079466679947946 0.0063605306949754414
13.0 0.04701593412874486 0.006346100477580663
13.01 0.046952544670396335 0.006331910275424235
13.02 0.046889295923236374 0.006317955490014349
13.03 0.04682618556059605 0.006304230353325835
13.04 0.04676321131616986 0.006290729564759179
13.05 0.046700370969300846 0.006277340440420165
13.06 0.04663766450736145 0.006263662922643132
13.07 0.046575097710847994 0.006250311381879037
13.08 0.04651265827972387 0.006237668650116657
13.09 0.04645034433784566 0.006225208318565656
13.1 0.04638815411335255 0.006212921216794953
13.11 0.046326085913509764 0.006200799176608207
13.12 0.046264138129820394 0.006188833873096655
13.13 0.04620230923604782 0.006177018088119546
13.14 0.04614059776805799 0.006165102668743927
13.15 0.04607900718267294 0.006153041443291762
13.16 0.04601753693919215 0.00614135980954833
13.17 0.04595617998648197 0.006130089423350693
13.18 0.045894935150725145 0.0061189353535890945
13.19 0.0458338012794102 0.006107895497167615
13.2 0.04577277724078179 0.006096971005798757
13.21 0.04571186185929421 0.006086177795483039
13.22 0.04565105368487212 0.006075520536864776
13.23 0.04559035144855692 0.006064582536464691
13.24 0.04552976203414283 0.006053625291655873
13.25 0.04546927894272381 0.006043206249826127
13.26 0.045408897909146304 0.006033065413435956
13.27 0.04534861763445509 0.006023051622638054
13.28 0.045288436876693546 0.006013159643004418
13.29 0.045228354441595 0.006003319464030099
13.3 0.04516837048741294 0.005993111754154956
13.31 0.0451084922065119 0.005983121598716057
13.32 0.04504870805543862 0.0059737855153865205
13.33 0.04498901649620417 0.0059645986288412445
13.34 0.0449294160828618 0.005955552026685407
13.35 0.04486990545567047 0.0059461494955468375
13.36 0.04481049309295086 0.005936728798786373
13.37 0.04475117087969474 0.005927926271328765
13.38 0.04469193456752428 0.0059193911462442905
13.39 0.04463278305676985 0.005910963096817934
13.4 0.04457371530558793 0.005902102368684936
13.41 0.044514741009396154 0.005893328802020648
13.42 0.04445584872954751 0.005885229711618756
13.43 0.04439703641516378 0.005877292268933854
13.44 0.044338302884168845 0.005869431549097914
13.45 0.04427964778418182 0.005861169457713977
13.46 0.04422107949501456 0.005853088338581003
13.47 0.04416258601741019 0.005845665122252708
13.48 0.044104166192569516 0.0058383530422845276
13.49 0.0440458189565645 0.005830681747118316
13.5 0.04398755255762715 0.0058230095035693985
13.51 0.043929358766493114 0.005815899506078193
13.52 0.043871234567505586 0.005808985875732642
13.53 0.04381317904897847 0.005801932843535251
13.54 0.043755195910634884 0.005794677148324379
13.55 0.04369728550601198 0.005787736445587388
13.56 0.04363944118172313 0.00578116319539701
13.57 0.04358166224210404 0.005774665906161935
13.58 0.04352394786359989 0.005767805786911051
13.59 0.043466306126365824 0.005760961571268819
13.6 0.04340872863217452 0.005754617913311666
13.61 0.04335121376809959 0.005748374054917793
13.62 0.043293761151076166 0.005741905633597888
13.63 0.04323637565542762 0.005735247100748797
13.64 0.04317905620906118 0.005728869484203258
13.65 0.043121798265743555 0.005722725679766505
13.66 0.043064601695465846 0.005716597912830412
13.67 0.043007466307486954 0.005710122068700141
13.68 0.04295039925409185 0.005703552037365167
13.69 0.04289339526673965 0.005697332123423049
13.7 0.04283645261162339 0.005691186299958684
13.71 0.04277957154074047 0.005685019255282864
13.72 0.042722752226517724 0.005678411745821066
13.73 0.04266600330582405 0.005671737717771741
13.74 0.04260931747216229 0.005665432585984842
13.75 0.042552694654104356 0.005659101562519808
13.76 0.0424961354409119 0.005652712962049389
13.77 0.04243964039486337 0.00564599655366127
13.78 0.04238321550983868 0.005639054669166921
13.79 0.04232685930148004 0.005632306671213616
13.8 0.0422705693764144 0.005625640300055412
13.81 0.042214346495478915 0.005618892328717706
13.82 0.042158191529840044 0.005612052017292868
13.83 0.04210210545513306 0.00560480041769118
13.84 0.04204609552148623 0.005597329531378481
13.85 0.04199015886450549 0.005590054020658819
13.86 0.04193429444107305 0.005582775812186025
13.87 0.04187850334826177 0.005575381979364913
13.88 0.04182278680148574 0.005567867086938794
13.89 0.041767146006522995 0.0055602270519496955
13.9 0.041711582260446745 0.005552357186471735
13.91 0.04165609886279357 0.005544071937717998
13.92 0.04160070082169239 0.005535747614023201
13.93 0.0415453839105131 0.005527566972982179
13.94 0.04149014948223275 0.00551925286203625
13.95 0.04143499885327238 0.0055108052309207345
13.96 0.04137993337761433 0.005502222034846849
13.97 0.041324954412575436 0.005493502660572691
13.98 0.041270063324402875 0.005484649266330965
13.99 0.041215261427248816 0.0054755112171465115
14.0 0.04116055310005994 0.005465961040875822
14.01 0.04110594220643131 0.005456420596411604
14.02 0.041051424688131714 0.005447020627585175
14.03 0.040997001793879606 0.005437493901013113
14.04 0.040942674810111455 0.005427842438131325
14.05 0.04088844494511697 0.005418071399572177
14.06 0.04083431338212001 0.005408187668408004
14.07 0.040780281191748806 0.005398195883429491
14.08 0.040726349464451424 0.00538786825267934
14.09 0.04067252382669522 0.00537718776803775
14.1 0.040618805709090676 0.005366631313559189
14.11 0.04056519120042404 0.0053562264775099955
14.12 0.040511681179540474 0.005345737403874118
14.13 0.04045827645234656 0.005335172628800677
14.14 0.04040497772696445 0.005324533822936406
14.15 0.040351785775887834 0.0053138204611293816
14.16 0.04029870131774186 0.005303034510268478
14.17 0.040245725085682464 0.00529179170316274
14.18 0.04019286548367861 0.005280382674708317
14.19 0.0401401174321883 0.0052693118112157045
14.2 0.040087479247454295 0.005258299082841145
14.21 0.04003495145053147 0.005247238544671129
14.22 0.03998253447656086 0.005236134235054202
14.23 0.03993022876583039 0.0052249914303099665
14.24 0.03987803464795466 0.005213813192940009
14.25 0.039825952501971594 0.005202596916059843
14.26 0.03977398270963347 0.005191159270000911
14.27 0.039722129316571576 0.005179425603530907
14.28 0.03967039419756285 0.005167860528303869
14.29 0.0396187721060055 0.005156543604679431
14.3 0.039567263325469254 0.005145205305265854
14.31 0.03951586799990017 0.005133850964096798
14.32 0.03946458630618732 0.005122478404322006
14.33 0.039413418431813736 0.005111088558609422
14.34 0.03936236453501513 0.005099682092976954
14.35 0.0393114247899542 0.0050882644865029025
14.36 0.03926059924528508 0.005076836865940404
14.37 0.039209888052635394 0.00506539305358511
14.38 0.03915929138421337 0.005053687496781922
14.39 0.03910881430269975 0.005041892368697898
14.4 0.03905845353683941 0.005030350080760249
14.41 0.03900820730108455 0.005018893297476401
14.42 0.03895807567088989 0.005007427307039736
14.43 0.038908058754943756 0.004995953597221714
14.44 0.038858156598945454 0.004984474448985976
14.45 0.03880836926596404 0.004972991164785556
14.46 0.038758696775649734 0.004961503335797257
14.47 0.03870913919924809 0.004950006166816401
14.48 0.038659696652313405 0.00493849989713091
14.49 0.03861036920130547 0.004926989906193446
14.5 0.03856115685418954 0.004915473945436011
14.51 0.038512059722396755 0.004903947070086012
14.52 0.03846307791278782 0.0048924096242348725
14.53 0.038414211529912055 0.004880862165442368
14.54 0.038365460669478976 0.004869307863113903
14.55 0.03831682537264977 0.004857743433331008
14.56 0.03826830580081235 0.004846166402895147
14.57 0.03821990204459187 0.0048345786885719555
14.58 0.03817161422704091 0.0048229767887244535
14.59 0.038123442508817384 0.0048113599212487035
14.6 0.03807538702861594 0.004799729519111562
14.61 0.03802744791843515 0.004788086544758485
14.62 0.037979625297720775 0.00477644324214177
14.63 0.03793191905359231 0.004764795737229877
14.64 0.03788432938297617 0.004753122841745228
14.65 0.03783685659675741 0.004741426682787875
14.66 0.037789500849320416 0.004729721239467022
14.67 0.03774226217196807 0.004718008951487107
14.68 0.03769514067029068 0.004706275981468222
14.69 0.03764813665233871 0.004694522938574863
14.7 0.03760125021151918 0.004682762399677465
14.71 0.037554481404345155 0.004670998190319464
14.72 0.03750783024771279 0.004659239374707136
14.73 0.03746129661685101 0.004647479269480614
14.74 0.03741488066232317 0.004635707573074299
14.75 0.03736858246538953 0.0046239347692837995
14.76 0.0373224019669375 0.004612168948303408
14.77 0.037276339086423464 0.004600414006850295
14.78 0.0372303936868005 0.004588677060834323
14.79 0.03718456554520678 0.004576947555184452
14.8 0.0371388547356968 0.004565220484747945
14.81 0.03709326113551181 0.004553514070741116
14.82 0.03704778445428198 0.004541836647336206
14.83 0.03700242440256509 0.0045301866614653186
14.84 0.036957180721052675 0.0045185682707868935
14.85 0.03691205303714935 0.004506959431381352
14.86 0.03686704153242505 0.004495307020366823
14.87 0.03682214689674202 0.004483718211665266
14.88 0.03677736716819174 0.0044722437887347866
14.89 0.03673270202096732 0.004460801745187037
14.9 0.036688151133287994 0.004449407327609345
14.91 0.03664371387441513 0.00443807401328189
14.92 0.03659938965302236 0.0044267890491356265
14.93 0.03655517809343242 0.00441554468265104
14.94 0.03651107875936934 0.00440434453360572
14.95 0.03646709120276031 0.004393201513180678
14.96 0.03642321472910572 0.0043821280746942914
14.97 0.03637944864126642 0.004371113956218808
14.98 0.03633579244998135 0.004360150313799105
14.99 0.036292245634990436 0.004349239730467636
15.0 0.036248807655372 0.004338396941723666
15.01 0.036205477696155966 0.004327629981362158
15.02 0.03616225505574476 0.0043169262444349155
15.03 0.036119139171267266 0.004306280649848837
15.04 0.03607612944274778 0.00429569673082586
15.05 0.03603322523665074 0.004285190005617334
15.06 0.03599042564263543 0.004274761148552297
15.07 0.0359477300136797 0.004264395467723503
15.08 0.03590513773328096 0.004254093278472482
15.09 0.03586264814811025 0.004243861650484293
15.1 0.035820260500271275 0.00423371359496838
15.11 0.035777973876210886 0.004223640753187929
15.12 0.03573578768520752 0.004213631229921688
15.13 0.03569370125161245 0.004203690632899937
15.14 0.03565171387254951 0.004193827153022633
15.15 0.035609824708552 0.004184047015268311
15.16 0.03556803293224415 0.0041743379957528415
15.17 0.035526337948636945 0.004164696081390806
15.18 0.035484739010616335 0.004155128569334421
15.19 0.035443235377250255 0.004145641124712718
15.2 0.035401826188122085 0.004136229922593104
15.21 0.03536051077879839 0.004126880031685598
15.22 0.03531928858748837 0.004117596301510318
15.23 0.035278158852768186 0.004108393415588996
15.24 0.03523712071917659 0.004099266187527206
15.25 0.035196173529017646 0.0040901995778266365
15.26 0.03515531672762006 0.004080998254394563
15.27 0.03511455356392976 0.004071763471065859
15.28 0.035073881458198744 0.0040627920539930695
15.29 0.035033297722849896 0.004053986836636048
15.3 0.034992801721466016 0.004045246459137841
15.31 0.03495239279366713 0.004036570717490973
15.32 0.0349120703071162 0.004027959144291771
15.33 0.0348718336107813 0.004019412706587344
15.34 0.03483168205298445 0.004010930569362081
15.35 0.03479161499939406 0.004002513050786138
15.36 0.03475163179196873 0.003994160552439618
15.37 0.03471173178834527 0.00398587269045203
15.38 0.034671914338159686 0.003977649974715725
15.39 0.03463217878885095 0.003969492206606917
15.4 0.03459252449402755 0.003961399350998374
15.41 0.03455295080183098 0.003953371810114348
15.42 0.03451345705782526 0.003945121552772601
15.43 0.034474048370775535 0.003936901210173094
15.44 0.0344347190336218 0.00392903526196009
15.45 0.03439546766553633 0.003921268137279554
15.46 0.034356293670876205 0.00391356059686343
15.47 0.03431719645359906 0.003905912561156022
15.48 0.034278175419653084 0.0038983239285359517
15.49 0.034239229975028346 0.003890794104446371
15.5 0.03420035953756416 0.003883322374851783
15.51 0.03416156352753131 0.0038759084838730917
15.52 0.0341228413678867 0.003868552147920923
15.53 0.034084192484572895 0.0038612531144712747
15.54 0.03404561630559728 0.0038540109780553777
15.55 0.03400711226501178 0.003846825067556292
15.56 0.03396867980424615 0.0038396951073640384
15.57 0.0339303183628645 0.003832382347181529
15.58 0.03389203215730252 0.0038251253660683826
15.59 0.03385381585554314 0.003818169937764182
15.6 0.03381566875854724 0.0038112771604714712
15.61 0.03377759031233371 0.0038044393489313766
15.62 0.033739579971568616 0.0037976558986494435
15.63 0.033701637194360715 0.003790926576787701
15.64 0.03366376144003286 0.0037842512298564834
15.65 0.033625952169763586 0.003777629744729616
15.66 0.033588208845138266 0.0037710618594186673
15.67 0.033550530932575214 0.0037645468619837974
15.68 0.03351291790789859 0.0037580841741087223
15.69 0.03347536924909304 0.003751673411872547
15.7 0.03343788443966114 0.003745313987869814
15.71 0.033400462969335645 0.0037390051858297024
15.72 0.03336310433594454 0.0037327457973537204
15.73 0.03332580805338857 0.003726534699284967
15.74 0.03328857364195884 0.0037203508826859633
15.75 0.03325140103573485 0.003714069111870666
15.76 0.03321429225972143 0.003707857537830428
15.77 0.033177243884978246 0.003701838703082494
15.78 0.033140255485659784 0.003695861316661553
15.79 0.033103326658645016 0.0036899232614706623
15.8 0.033066457020430366 0.0036840226778724894
15.81 0.03302964620508756 0.003678157771451307
15.82 0.032992893865001344 0.0036723268832403733
15.83 0.032956199667422754 0.003666528047887141
15.84 0.0329195633040436 0.0036607589337191992
15.85 0.03288298448874837 0.0036550174883274167
15.86 0.03284646295427705 0.003649301784630632
15.87 0.03280999845305576 0.0036436100007783967
15.88 0.03277359075426148 0.0036379400567878584
15.89 0.03273723965192 0.0036322897067004867
15.9 0.03270094496012747 0.003626657111988507
15.91 0.03266470650968023 0.0036210405601551088
15.92 0.03262852414892437 0.0036154384006150675
15.93 0.03259239774166793 0.003609848695590223
15.94 0.03255632717501257 0.0036042696115430317
15.95 0.03252031234943707 0.003598699838717856
15.96 0.03248435317823821 0.00359313808510886
15.97 0.03244844958773489 0.0035875830101481654
15.98 0.032412601518035246 0.0035820330231144393
15.99 0.032376808927272606 0.0035764567634510858
16.0 0.03234107238276623 0.003570824367266967
16.01 0.032305392439927264 0.0035652266526462473
16.02 0.032269767849713304 0.0035596919831937246
16.03 0.03223419860026339 0.0035541580903468706
16.04 0.03219868468790637 0.0035486239942807973
16.05 0.03216322612037778 0.0035430889065870552
16.06 0.03212782290977463 0.003537552537453026
16.07 0.03209247506962872 0.003532014916198589
16.08 0.032057182611450664 0.0035264755858512853
16.09 0.0320219455579117 0.0035209339460871014
16.1 0.03198676393252891 0.0035153899653039833
16.11 0.03195163775860562 0.003509843948088287
16.12 0.031916567053567144 0.0035042958004596336
16.13 0.03188155184259643 0.00349874517910842
16.14 0.031846592149984976 0.0034931922540586413
16.15 0.031811687997515256 0.0034876375323324993
16.16 0.03177683939933833 0.00348208113304449
16.17 0.03174204637485436 0.003476522917976732
16.18 0.0317073089409788 0.0034709632391425327
16.19 0.03167262711007151 0.0034654027450267133
16.2 0.031638000886078266 0.0034598416351971917
16.21 0.03160343027736757 0.0034542799148256087
16.22 0.03156891528778176 0.0034487181150422153
16.23 0.03153445591506673 0.003443156936776992
16.24 0.03150005214904622 0.0034375965544133358
16.25 0.03146570398397846 0.003432037098199503
16.26 0.03143141140708222 0.003426479258470394
16.27 0.031397174398809055 0.0034209236583822022
16.28 0.03136299293391458 0.00341537039523776
16.29 0.0313288669909043 0.003409819729279562
16.3 0.031294796539328984 0.0034042724749838715
16.31 0.031260781541404624 0.003398728991154343
16.32 0.0312268219595059 0.003393189331267532
16.33 0.03119291775477927 0.0033876539733432853
16.34 0.031159068880039036 0.0033821236319115933
16.35 0.03112527528214103 0.0033765983525009258
16.36 0.031091536912989017 0.003371078251651616
16.37 0.031057853717107998 0.003365564011944544
16.38 0.031024225632750126 0.003360055938316009
16.39 0.030990652598341675 0.0033545539367898503
16.4 0.03095713455401433 0.003349058343661282
16.41 0.03092367143146845 0.003343569741952379
16.42 0.030890263159175275 0.0033380879622444404
16.43 0.03085690967222356 0.003332613038746546
16.44 0.030823610898400345 0.003327145558954303
16.45 0.030790366761044474 0.003321685481902925
16.46 0.030757177188762287 0.003316232623634008
16.47 0.03072404210857179 0.0033107873610611627
16.48 0.030690961441541063 0.0033053499038082634
16.49 0.03065793511049563 0.0032999199095766762
16.5 0.03062496304334953 0.003294497516625583
16.51 0.030592045160163107 0.003289083115497915
16.52 0.030559181381039576 0.003283676313266426
16.53 0.03052637163389778 0.003278277085709158
16.54 0.030493615839325396 0.0032728858778117154
16.55 0.03046091391634155 0.0032674912669121703
16.56 0.030428266013987154 0.003262074012427618
16.57 0.030395672436092997 0.003256674670990556
16.58 0.030363132520567347 0.003251312467761336
16.59 0.03033064618673777 0.0032459581833748086
16.6 0.03029821335689984 0.0032406114050842483
16.61 0.03026583395863609 0.003235272249434651
16.62 0.030233507911911147 0.003229941117110391
16.63 0.030201235136293882 0.0032246177187831293
16.64 0.030169015557535487 0.003219302099882748
16.65 0.030136849094296227 0.0032139947455078755
16.66 0.03010473566262533 0.0032086954670476064
16.67 0.030072675184955263 0.0032034043095385822
16.68 0.03004066757643456 0.0031981218218457563
16.69 0.030008712748518344 0.0031928478930938198
16.7 0.029976810618572682 0.003187582628640273
16.71 0.029944961095945542 0.003182326618584419
16.72 0.029913164086200997 0.003177079814562944
16.73 0.02988141949965429 0.0031718424178226456
16.74 0.029849727237844546 0.0031666150379232594
16.75 0.029818087198895827 0.003161397672098998
16.76 0.029786499284402555 0.0031561906378367865
16.77 0.029754963386139095 0.003150994531456286
16.78 0.029723479393773428 0.003145809384876186
16.79 0.02969204719844157 0.0031406356528693724
16.8 0.02966066668071604 0.0031354738748656796
16.81 0.02962933772094426 0.0031303241153357586
16.82 0.029598060198409326 0.003125186958066184
16.83 0.02956683398178294 0.003120062847750571
16.84 0.029535658941454313 0.0031149518951751887
16.85 0.02950453494387943 0.0031098547829495615
16.86 0.029473461845795322 0.003104771835827025
16.87 0.02944243950716289 0.0030997032311583794
16.88 0.02941146778117216 0.003094649695615681
16.89 0.029380546513250578 0.0030896114307441547
16.9 0.029349675552557276 0.0030845887068409183
16.91 0.02931885473911376 0.003079582225229638
16.92 0.029288083908052674 0.003074592082513483
16.93 0.029257362897463494 0.003069618662885576
16.94 0.029226691534794964 0.0030646084226297887
16.95 0.029196070729010898 0.00305955636130939
16.96 0.02916550040756878 0.0030545737937504036
16.97 0.02913497925313589 0.003049666364364878
16.98 0.029104507080281485 0.0030447776425974737
16.99 0.029074083700283943 0.0030399076762348543
17.0 0.029043708926756787 0.003035056903390121
17.01 0.02901338256221613 0.0030302257901508867
17.02 0.028983104410953774 0.003025414362928247
17.03 0.028952874274957564 0.003020623223491281
17.04 0.028922691946483947 0.0030158526512666928
17.05 0.02889255722193223 0.0030111027703536575
17.06 0.028862469891076877 0.0030063742320602937
17.07 0.028832429737291023 0.0030016671813553053
17.08 0.028802436547449774 0.002996981925343256
17.09 0.028772490098784163 0.0029923190371412556
17.1 0.02874259016670694 0.0029876786149989343
17.11 0.028712736526484185 0.002983061170278134
17.12 0.028682928943301378 0.0029784670790291567
17.13 0.028653167184903603 0.002973879448647798
17.14 0.02862345135432842 0.0029691693385387463
17.15 0.028593783798132832 0.0029644987186598915
17.16 0.02856416137995522 0.002959997285935545
17.17 0.028534583852414114 0.0029555208425973145
17.18 0.028505050963103275 0.002951070025136726
17.19 0.028475562451911376 0.0029466449897868063
17.2 0.028446118063307543 0.0029422459265409096
17.21 0.028416717533380563 0.0029378733045166694
17.22 0.02838736059721721 0.0029335270975590078
17.23 0.028358046991429384 0.0029292076213349727
17.24 0.028328776444790513 0.0029249150213541686
17.25 0.0282995486910023 0.0029206492029101305
17.26 0.028270363460732303 0.0029164104707228855
17.27 0.028241220481587843 0.0029121887180389994
17.28 0.028212119686371523 0.0029078041428869383
17.29 0.02818306439873011 0.002903454590039267
17.3 0.02815405059457074 0.0028993196598425808
17.31 0.02812507800553326 0.002895211106611617
17.32 0.028096146372438506 0.002891128644408436
17.33 0.02806725543264509 0.0028870721210521033
17.34 0.028038404930017465 0.002883040950350857
17.35 0.028009594613638063 0.002879034935961977
17.36 0.02798082423129823 0.0028750536026609375
17.37 0.027952093541584847 0.0028710963557350144
17.38 0.02792340230418353 0.002867162941199597
17.39 0.027894750282760856 0.0028631144528223906
17.4 0.027866140015127085 0.0028589966510343956
17.41 0.027837570349740166 0.002855037069365407
17.42 0.027809039273739768 0.0028511887078197518
17.43 0.02778054657558377 0.0028473610052519582
17.44 0.02775209205363473 0.002843553294653134
17.45 0.02772367550969071 0.0028397650832070465
17.46 0.02769529675197059 0.0028359956339047976
17.47 0.027666955597012613 0.0028322442909574086
17.48 0.027638651866151446 0.0028285105180168024
17.49 0.02761038538665228 0.002824601605390553
17.5 0.027582159834043638 0.002820641894632825
17.51 0.027553972548759614 0.0028168867382734053
17.52 0.02752582209927817 0.002813210311785941
17.53 0.027497708342523894 0.0028095478758503045
17.54 0.027469631141761167 0.0028058987219103937
17.55 0.02744159036808569 0.0028022622029029165
17.56 0.02741358589770311 0.0027986377846427324
17.57 0.027385617612392835 0.002795024824131742
17.58 0.027357685401220477 0.002791146856024884
17.59 0.027329794675272343 0.0027872660535481764
17.6 0.027301940080149505 0.00278366667503982
17.61 0.027274121341771543 0.00278008523699369
17.62 0.02724633837540963 0.0027765119916038916
17.63 0.027218591101939468 0.0027729463233530094
17.64 0.02719087944894257 0.0027693877226759867
17.65 0.02716320334748595 0.0027658357186726157
17.66 0.027135562734569116 0.0027619865478138994
17.67 0.027107963616529666 0.00275812699485134
17.68 0.027080400194672092 0.0027545706884888332
17.69 0.02705287220275989 0.00275102975462449
17.7 0.027025379599579603 0.002747492622019676
17.71 0.0269979223503195 0.002743958875892627
17.72 0.026970500422061755 0.0027404281377525486
17.73 0.026943113787564452 0.002736710850324231
17.74 0.026915766205055272 0.0027328370851444905
17.75 0.026888457045861562 0.002729148429661654
17.76 0.02686118323646203 0.002725613844985819
17.77 0.026833944768961848 0.002722079936101629
17.78 0.026806741637740005 0.0027185464457830655
17.79 0.026779573840046183 0.0027150130057593813
17.8 0.02675244137762482 0.002711258560855967
17.81 0.026725348668829065 0.002707346368601149
17.82 0.026698294450252794 0.002703647595351466
17.83 0.026671275716922037 0.002700098226879444
17.84 0.026644292485715208 0.0026965469400876962
17.85 0.02661734477812027 0.0026929933069712586
17.86 0.026590432619575784 0.002689437009135931
17.87 0.026563556037937558 0.0026854893110614952
17.88 0.026536722833354554 0.0026815208204016283
17.89 0.026509925621529526 0.0026779312883769
17.9 0.02648316420758702 0.0026743494241028287
17.91 0.026456438633047474 0.002670763297321299
17.92 0.026429748941640588 0.0026671726881690727
17.93 0.026403095179284092 0.002663329830484784
17.94 0.026376482345030896 0.0026593030751889124
17.95 0.02634990911778031 0.0026555129829601842
17.96 0.026323372085371693 0.0026518907870383135
17.97 0.02629687130203955 0.0026482630948632124
17.98 0.026270406823474434 0.0026446297326883084
17.99 0.026243978707385783 0.002640823073743359
18.0 0.02621759036199957 0.002636731195323039
18.01 0.026191244083479313 0.0026327948736342144
18.02 0.02616493446452689 0.002629125734703308
18.03 0.02613866156878525 0.0026254502065163887
18.04 0.026112425460396563 0.0026217682045583945
18.05 0.02608622620469408 0.0026179380068906966
18.06 0.02606006670025875 0.002613776932378409
18.07 0.026033950666046513 0.0026097451403841454
18.08 0.026007871797451065 0.002606025194778594
18.09 0.025981830162150943 0.002602298485542942
18.1 0.025955825827740198 0.0025985650318223197
18.11 0.0259298588615145 0.0025946583383673616
18.12 0.02590393266097285 0.002590426639195398
18.13 0.025878050328730594 0.002586349173455904
18.14 0.025852205677503737 0.002582577705805278
18.15 0.025826398774614488 0.0025787995543480324
18.16 0.02580062968641678 0.002575014813051668
18.17 0.025774898478353448 0.002570982988989945
18.18 0.025749210026636982 0.0025666822529561983
18.19 0.025723564833294323 0.0025626104149190088
18.2 0.025697957818338602 0.002558789374003112
18.21 0.025672389045814262 0.002554962001890093
18.22 0.0256468585783008 0.0025511284716117633
18.23 0.02562136647638203 0.0025469288063453277
18.24 0.02559592000217389 0.0025425639266678512
18.25 0.025570515197848677 0.002538548696715992
18.26 0.025545149028239563 0.0025346824521834677
18.27 0.025519821548805006 0.002530810795716709
18.28 0.025494532812325228 0.002526933998321379
18.29 0.02546928286883858 0.0025225290928767574
18.3 0.025444082230467693 0.002518107519966506
18.31 0.02541892071843925 0.002514200081500162
18.32 0.025393798228837694 0.0025102957076394983
18.33 0.02536871480428646 0.00250638724421659
18.34 0.025343670483953362 0.0025022921823645294
18.35 0.025318668960639164 0.0024978310697947315
18.36 0.02529371386255747 0.002493545315138901
18.37 0.025268798054336388 0.0024896146907487093
18.38 0.025243921568742493 0.0024856809508131406
18.39 0.025219084435320123 0.002481744429568833
18.4 0.02519428668015112 0.002477392897134445
18.41 0.025169536577377437 0.0024728944186567237
18.42 0.025144828791777978 0.002468802979296969
18.43 0.0251201605177915 0.002464851016035663
18.44 0.025095531771457267 0.002460897576172627
18.45 0.025070942566268045 0.002456829840476793
18.46 0.025046395174647736 0.0024523095363926384
18.47 0.025021896375540188 0.002447898594038378
18.48 0.024997437202766967 0.0024439358876029438
18.49 0.02497301765778813 0.0024399729670767645
18.5 0.02494863774342543 0.002436009801680461
18.51 0.024924297461754515 0.0024316452369326225
18.52 0.02490000483868678 0.002427109618830414
18.53 0.024875755269377908 0.002422974141001566
18.54 0.02485154535586675 0.002419009004588135
18.55 0.024827375089286147 0.0024150446921193947
18.56 0.024803244462024362 0.0024109386807984468
18.57 0.024779156315670178 0.002406399250932223
18.58 0.02475511647700572 0.002402002984082996
18.59 0.024731116255988516 0.002398042087400798
18.6 0.0247071556352577 0.0023940830877244856
18.61 0.02468323459423403 0.0023901264075560924
18.62 0.02465935310710658 0.002385690558401654
18.63 0.02463552078306599 0.002381156815488339
18.64 0.024611729970796813 0.0023771067893181286
18.65 0.024587978647279633 0.002373159595678187
18.66 0.02456426677888325 0.002369215820348769
18.67 0.02454059433087265 0.0023650161725501384
18.68 0.02451696645543225 0.0023604945755915097
18.69 0.024493384439360822 0.0023562358571245223
18.7 0.024469841738289762 0.0023523065040429447
18.71 0.024446338309279964 0.002348381422476953
18.72 0.024422874109840224 0.002344407038642693
18.73 0.024399450168507107 0.0023399043412646314
18.74 0.024376076023014934 0.0023354600707152784
18.75 0.024352740967092806 0.002331553778671891
18.76 0.02432944494744149 0.002327652502558397
18.77 0.02430618791704164 0.002323756185923953
18.78 0.024282969823723008 0.0023194160383130935
18.79 0.02425979959627538 0.0023149449965009783
18.8 0.02423667092379299 0.002310929663240424
18.81 0.024213581003010572 0.002307057391475631
18.82 0.024190529775963476 0.002303191236847635
18.83 0.024167517178273618 0.0022990574203618497
18.84 0.024144548627556238 0.0022946186647561095
18.85 0.02412162480497849 0.002290461501820884
18.86 0.02409873939751982 0.0022866234883811565
18.87 0.02407589233521087 0.002282792417052093
18.88 0.024053083549178775 0.0022788546758878425
18.89 0.02403031524169312 0.0022744540219776788
18.9 0.02400759446873922 0.0022701757277205914
18.91 0.023984911727138708 0.002266376473981646
18.92 0.023962266939259583 0.0022625847662409715
18.93 0.02393966003181389 0.0022588004160690733
18.94 0.023917090930938203 0.0022544769119623442
18.95 0.023894570493574643 0.002250129990793548
18.96 0.023872088331122334 0.0022463402335362037
18.97 0.023849643688903924 0.0022425921653581593
18.98 0.023827236487815172 0.0022388523948158046
18.99 0.023804866641007606 0.0022347111724965174
19.0 0.02378254226436524 0.002230413789883423
19.01 0.02376025836520993 0.0022265375435295276
19.02 0.023738011513494653 0.0022228374088029135
19.03 0.023715801617033877 0.0022191463396312727
19.04 0.02369362858670203 0.002215178259490358
19.05 0.02367149805184407 0.0022109349278605084
19.06 0.023649409888144818 0.0022069896702681113
19.07 0.023627358258438706 0.0022033410923372188
19.08 0.023605343066298076 0.0021997019556725395
19.09 0.023583364219325255 0.0021958985289431965
19.1 0.023561425095719204 0.0021917133798314836
19.11 0.023539529951728626 0.0021877149635221027
19.12 0.023517670796448762 0.002184120960214031
19.13 0.023495847532524348 0.0021805366091212086
19.14 0.023474060064266337 0.0021768899475547165
19.15 0.023452309733573255 0.0021727667167623643
19.16 0.023430604729931092 0.0021687294251593325
19.17 0.023408935145070062 0.0021651924837191583
19.18 0.023387300880256704 0.0021616658474139516
19.19 0.023365701828121786 0.0021581495834270825
19.2 0.02334413788858817 0.0021541088908623163
19.21 0.02332261965030454 0.0021500643949503573
19.22 0.02330113660068916 0.002146568994046083
19.23 0.023279688270423617 0.0021431022417028878
19.24 0.023258274555855104 0.0021396459029734416
19.25 0.023236895352364152 0.002135751432429611
19.26 0.023215559527206504 0.002131774302638778
19.27 0.023194259866311375 0.00212826071594141
19.28 0.02317299431288768 0.002124855113585511
19.29 0.023151762764039668 0.002121459962273864
19.3 0.023130565113642206 0.0021177036649899783
19.31 0.023109408690739873 0.0021137957332619806
19.32 0.023088289198976965 0.0021102746401551187
19.33 0.023067203197936773 0.002106930920461325
19.34 0.023046150580567738 0.002103598180898114
19.35 0.023025131234318805 0.002099972411077289
19.36 0.02300415113234619 0.0020961343407910338
19.37 0.022983208547502982 0.002092615262398345
19.38 0.022962298827098222 0.002089334484893346
19.39 0.022941421857805115 0.002086064533616039
19.4 0.022920577536425905 0.0020825610600021527
19.41 0.022899770636605074 0.0020787936107220517
19.42 0.022879001664211456 0.002075285783305958
19.43 0.022858264920938957 0.0020720680415649007
19.44 0.02283756030338016 0.0020688610424395293
19.45 0.022816887700090164 0.002065471661447882
19.46 0.022796250870151205 0.0020617750986093863
19.47 0.022775652198117977 0.0020582870690812882
19.48 0.02275508512876958 0.0020551322163087082
19.49 0.022734549553791804 0.002051988251669634
19.5 0.022714045363736186 0.002048704836152604
19.51 0.022693575457068745 0.0020450790174033617
19.52 0.022673143783388118 0.002041618488594743
19.53 0.02265274308729685 0.0020385262920048497
19.54 0.02263237325754802 0.0020354448665174107
19.55 0.022612034189966507 0.0020322602118763022
19.56 0.022591728053310497 0.0020287047562790317
19.57 0.022571460094840925 0.0020252782883656284
19.58 0.022551222487543182 0.002022248297439466
19.59 0.02253101512889214 0.002019228633557635
19.6 0.02251083791487202 0.002016135964411969
19.61 0.022490692409603903 0.0020126506922006904
19.62 0.022470584901028004 0.002009263889271695
19.63 0.02245050713181847 0.002006295102454203
19.64 0.02243045899897892 0.002003336906880593
19.65 0.02241044039368086 0.002000329522106492
19.66 0.022390452408536793 0.001996913196102401
19.67 0.022370502129758805 0.0019935711720444615
19.68 0.022350580985095903 0.0019906631175521383
19.69 0.02233068886740776 0.0019877652456203876
19.7 0.022310825680183496 0.001984836180674021
19.71 0.02229099214379428 0.001981487893954581
19.72 0.022271195922304404 0.001978195409212402
19.73 0.022251428235610035 0.001975346665690658
19.74 0.022231688988990587 0.0019725078178898237
19.75 0.022211978079252237 0.001969650372437348
19.76 0.022192295981541835 0.001966368641236338
19.77 0.022172650706427516 0.001963129524398699
19.78 0.022153033391053862 0.0019603385071718105
19.79 0.02213344393628408 0.001957557272335597
19.8 0.022113882245607154 0.0019547645783732914
19.81 0.022094348644716613 0.0019515473707070186
19.82 0.02207485129819302 0.0019483647069744592
19.83 0.02205538135057713 0.0019456296345516932
19.84 0.02203593870550198 0.0019429038375031737
19.85 0.02201652327382706 0.001940169458894525
19.86 0.021997135316324096 0.001937014478927912
19.87 0.0219777829842485 0.0019338903863546086
19.88 0.021958457508597005 0.0019312089194778448
19.89 0.021939158805858942 0.0019285361030574322
19.9 0.021919886786535857 0.001925853887507989
19.91 0.021900641728108784 0.0019227587349379682
19.92 0.021881431611837095 0.001919694171680142
19.93 0.021862247844675182 0.0019170635976193395
19.94 0.02184309033988471 0.0019144415976237728
19.95 0.02182395901272271 0.0019118054544902119
19.96 0.021804854230794903 0.0019087667589550161
19.97 0.02178578367754361 0.001905762380988385
19.98 0.021766738983175132 0.0019031804260865037
19.99 0.021747720069021884 0.0019018914153252529
