36 11
0.4700000000 0.4700000000 0.4700000000 0.4700000000 0.4700000000 0.4700000000 0.4700000000 0.4700000000 0.4700000000 0.4700000000 0.4700000000 0.4700000000 0.5000000000 0.5000000000 0.5000000000 0.5000000000 0.5000000000 0.5000000000 0.5000000000 0.5000000000 0.5000000000 0.5000000000 0.5000000000 0.5000000000 0.5000000000 0.5000000000 0.5000000000 0.5000000000 0.5000000000 0.5000000000 0.5000000000 0.5000000000 0.5000000000 0.5000000000 0.5000000000 0.5000000000
0.2843989599 0.5777374701 0.7872484585 0.9641240505 1.1213999393 1.2650911218 0.2843989599 0.5777374701 0.7872484585 0.9641240505 1.1213999393 1.2650911218 0.2843989599 0.5777374701 0.7872484585 0.9641240505 1.1213999393 1.2650911218 0.2843989599 0.5777374701 0.7872484585 0.9641240505 1.1213999393 1.2650911218 0.4785484514 0.4327894407 0.3815553267 0.3222066017 0.2488174160 0.1360827635 0.4785484514 0.4327894407 0.3815553267 0.3222066017 0.2488174160 0.1360827635
0.0000000000 0.0093849623 0.0306463380 0.0618233104 0.1001428269 0.1421994799 0.1842561330 0.2225756495 0.2537526219 0.2750139976 0.2843989599 
0.0000000000 0.0155096639 0.0506463837 0.1021696982 0.1654968381 0.2350000000 0.3045031619 0.3678303018 0.4193536163 0.4544903361 0.4700000000 
0 2 0 7 
1 0 1 0 
0.2843989599 0.3034638832 0.3466549462 0.4099888810 0.4878324164 0.5732676949 0.6587029734 0.7365465088 0.7998804436 0.8430715066 0.8621364300 
0.0000000000 0.0155096639 0.0506463837 0.1021696982 0.1654968381 0.2350000000 0.3045031619 0.3678303018 0.4193536163 0.4544903361 0.4700000000 
1 3 0 8 
0 0 1 0 
0.8621364300 0.8881150660 0.9469689565 1.0332703393 1.1393430910 1.2557606592 1.3721782274 1.4782509791 1.5645523619 1.6234062524 1.6493848885 
0.0000000000 0.0155096639 0.0506463837 0.1021696982 0.1654968381 0.2350000000 0.3045031619 0.3678303018 0.4193536163 0.4544903361 0.4700000000 
2 4 0 9 
0 0 1 0 
1.6493848885 1.6812002926 1.7532772216 1.8589684272 1.9888731479 2.1314469137 2.2740206795 2.4039254002 2.5096166058 2.5816935348 2.6135089389 
0.0000000000 0.0155096639 0.0506463837 0.1021696982 0.1654968381 0.2350000000 0.3045031619 0.3678303018 0.4193536163 0.4544903361 0.4700000000 
3 5 0 10 
0 0 1 0 
2.6135089389 2.6505143349 2.7343490487 2.8572814779 3.0083773309 3.1742089086 3.3400404862 3.4911363393 3.6140687685 3.6979034823 3.7349088782 
0.0000000000 0.0155096639 0.0506463837 0.1021696982 0.1654968381 0.2350000000 0.3045031619 0.3678303018 0.4193536163 0.4544903361 0.4700000000 
4 6 0 11 
0 0 1 0 
3.7349088782 3.7766559805 3.8712329003 4.0099173422 4.1803739434 4.3674544391 4.5545349349 4.7249915361 4.8636759780 4.9582528978 5.0000000000 
0.0000000000 0.0155096639 0.0506463837 0.1021696982 0.1654968381 0.2350000000 0.3045031619 0.3678303018 0.4193536163 0.4544903361 0.4700000000 
5 0 0 12 
0 4 1 0 
0.0000000000 0.0093849623 0.0306463380 0.0618233104 0.1001428269 0.1421994799 0.1842561330 0.2225756495 0.2537526219 0.2750139976 0.2843989599 
0.4700000000 0.4855096639 0.5206463837 0.5721696982 0.6354968381 0.7050000000 0.7745031619 0.8378303018 0.8893536163 0.9244903361 0.9400000000 
0 8 1 13 
1 0 0 0 
0.2843989599 0.3034638832 0.3466549462 0.4099888810 0.4878324164 0.5732676949 0.6587029734 0.7365465088 0.7998804436 0.8430715066 0.8621364300 
0.4700000000 0.4855096639 0.5206463837 0.5721696982 0.6354968381 0.7050000000 0.7745031619 0.8378303018 0.8893536163 0.9244903361 0.9400000000 
7 9 2 14 
0 0 0 0 
0.8621364300 0.8881150660 0.9469689565 1.0332703393 1.1393430910 1.2557606592 1.3721782274 1.4782509791 1.5645523619 1.6234062524 1.6493848885 
0.4700000000 0.4855096639 0.5206463837 0.5721696982 0.6354968381 0.7050000000 0.7745031619 0.8378303018 0.8893536163 0.9244903361 0.9400000000 
8 10 3 15 
0 0 0 0 
1.6493848885 1.6812002926 1.7532772216 1.8589684272 1.9888731479 2.1314469137 2.2740206795 2.4039254002 2.5096166058 2.5816935348 2.6135089389 
0.4700000000 0.4855096639 0.5206463837 0.5721696982 0.6354968381 0.7050000000 0.7745031619 0.8378303018 0.8893536163 0.9244903361 0.9400000000 
9 11 4 16 
0 0 0 0 
2.6135089389 2.6505143349 2.7343490487 2.8572814779 3.0083773309 3.1742089086 3.3400404862 3.4911363393 3.6140687685 3.6979034823 3.7349088782 
0.4700000000 0.4855096639 0.5206463837 0.5721696982 0.6354968381 0.7050000000 0.7745031619 0.8378303018 0.8893536163 0.9244903361 0.9400000000 
10 12 5 17 
0 0 0 0 
3.7349088782 3.7766559805 3.8712329003 4.0099173422 4.1803739434 4.3674544391 4.5545349349 4.7249915361 4.8636759780 4.9582528978 5.0000000000 
0.4700000000 0.4855096639 0.5206463837 0.5721696982 0.6354968381 0.7050000000 0.7745031619 0.8378303018 0.8893536163 0.9244903361 0.9400000000 
11 0 6 18 
0 4 0 0 
0.0000000000 0.0093849623 0.0306463380 0.0618233104 0.1001428269 0.1421994799 0.1842561330 0.2225756495 0.2537526219 0.2750139976 0.2843989599 
0.9400000000 0.9564996424 0.9938791316 1.0486911683 1.1160604661 1.1900000000 1.2639395339 1.3313088317 1.3861208684 1.4235003576 1.4400000000 
30 14 7 19 
0 0 0 0 
0.2843989599 0.3034638832 0.3466549462 0.4099888810 0.4878324164 0.5732676949 0.6587029734 0.7365465088 0.7998804436 0.8430715066 0.8621364300 
0.9400000000 0.9564996424 0.9938791316 1.0486911683 1.1160604661 1.1900000000 1.2639395339 1.3313088317 1.3861208684 1.4235003576 1.4400000000 
13 15 8 20 
0 0 0 0 
0.8621364300 0.8881150660 0.9469689565 1.0332703393 1.1393430910 1.2557606592 1.3721782274 1.4782509791 1.5645523619 1.6234062524 1.6493848885 
0.9400000000 0.9564996424 0.9938791316 1.0486911683 1.1160604661 1.1900000000 1.2639395339 1.3313088317 1.3861208684 1.4235003576 1.4400000000 
14 16 9 21 
0 0 0 0 
1.6493848885 1.6812002926 1.7532772216 1.8589684272 1.9888731479 2.1314469137 2.2740206795 2.4039254002 2.5096166058 2.5816935348 2.6135089389 
0.9400000000 0.9564996424 0.9938791316 1.0486911683 1.1160604661 1.1900000000 1.2639395339 1.3313088317 1.3861208684 1.4235003576 1.4400000000 
15 17 10 22 
0 0 0 0 
2.6135089389 2.6505143349 2.7343490487 2.8572814779 3.0083773309 3.1742089086 3.3400404862 3.4911363393 3.6140687685 3.6979034823 3.7349088782 
0.9400000000 0.9564996424 0.9938791316 1.0486911683 1.1160604661 1.1900000000 1.2639395339 1.3313088317 1.3861208684 1.4235003576 1.4400000000 
16 18 11 23 
0 0 0 0 
3.7349088782 3.7766559805 3.8712329003 4.0099173422 4.1803739434 4.3674544391 4.5545349349 4.7249915361 4.8636759780 4.9582528978 5.0000000000 
0.9400000000 0.9564996424 0.9938791316 1.0486911683 1.1160604661 1.1900000000 1.2639395339 1.3313088317 1.3861208684 1.4235003576 1.4400000000 
17 0 12 24 
0 4 0 0 
0.0000000000 0.0093849623 0.0306463380 0.0618233104 0.1001428269 0.1421994799 0.1842561330 0.2225756495 0.2537526219 0.2750139976 0.2843989599 
1.4400000000 1.4564996424 1.4938791316 1.5486911683 1.6160604661 1.6900000000 1.7639395339 1.8313088317 1.8861208684 1.9235003576 1.9400000000 
36 20 13 0 
0 0 0 1 
0.2843989599 0.3034638832 0.3466549462 0.4099888810 0.4878324164 0.5732676949 0.6587029734 0.7365465088 0.7998804436 0.8430715066 0.8621364300 
1.4400000000 1.4564996424 1.4938791316 1.5486911683 1.6160604661 1.6900000000 1.7639395339 1.8313088317 1.8861208684 1.9235003576 1.9400000000 
19 21 14 0 
0 0 0 1 
0.8621364300 0.8881150660 0.9469689565 1.0332703393 1.1393430910 1.2557606592 1.3721782274 1.4782509791 1.5645523619 1.6234062524 1.6493848885 
1.4400000000 1.4564996424 1.4938791316 1.5486911683 1.6160604661 1.6900000000 1.7639395339 1.8313088317 1.8861208684 1.9235003576 1.9400000000 
20 22 15 0 
0 0 0 1 
1.6493848885 1.6812002926 1.7532772216 1.8589684272 1.9888731479 2.1314469137 2.2740206795 2.4039254002 2.5096166058 2.5816935348 2.6135089389 
1.4400000000 1.4564996424 1.4938791316 1.5486911683 1.6160604661 1.6900000000 1.7639395339 1.8313088317 1.8861208684 1.9235003576 1.9400000000 
21 23 16 0 
0 0 0 1 
2.6135089389 2.6505143349 2.7343490487 2.8572814779 3.0083773309 3.1742089086 3.3400404862 3.4911363393 3.6140687685 3.6979034823 3.7349088782 
1.4400000000 1.4564996424 1.4938791316 1.5486911683 1.6160604661 1.6900000000 1.7639395339 1.8313088317 1.8861208684 1.9235003576 1.9400000000 
22 24 17 0 
0 0 0 1 
3.7349088782 3.7766559805 3.8712329003 4.0099173422 4.1803739434 4.3674544391 4.5545349349 4.7249915361 4.8636759780 4.9582528978 5.0000000000 
1.4400000000 1.4564996424 1.4938791316 1.5486911683 1.6160604661 1.6900000000 1.7639395339 1.8313088317 1.8861208684 1.9235003576 1.9400000000 
23 0 18 0 
0 4 0 1 
-2.0000000000 -1.9842082434 -1.9484324500 -1.8959720195 -1.8314930732 -1.7607257743 -1.6899584754 -1.6254795291 -1.5730190986 -1.5372433053 -1.5214515486 
0.9400000000 0.9564996424 0.9938791316 1.0486911683 1.1160604661 1.1900000000 1.2639395339 1.3313088317 1.3861208684 1.4235003576 1.4400000000 
0 26 0 31 
3 0 1 0 
-1.5214515486 -1.5071698066 -1.4748149102 -1.4273707688 -1.3690573273 -1.3050568283 -1.2410563292 -1.1827428877 -1.1352987464 -1.1029438499 -1.0886621079 
0.9400000000 0.9564996424 0.9938791316 1.0486911683 1.1160604661 1.1900000000 1.2639395339 1.3313088317 1.3861208684 1.4235003576 1.4400000000 
25 27 0 32 
0 0 1 0 
-1.0886621079 -1.0760710550 -1.0475463686 -1.0057187195 -0.9543084906 -0.8978844445 -0.8414603985 -0.7900501696 -0.7482225205 -0.7196978341 -0.7071067812 
0.9400000000 0.9564996424 0.9938791316 1.0486911683 1.1160604661 1.1900000000 1.2639395339 1.3313088317 1.3861208684 1.4235003576 1.4400000000 
26 28 0 33 
0 0 1 0 
-0.7071067812 -0.6964741938 -0.6723863574 -0.6370647573 -0.5936510922 -0.5460034803 -0.4983558684 -0.4549422034 -0.4196206032 -0.3955327669 -0.3849001795 
0.9400000000 0.9564996424 0.9938791316 1.0486911683 1.1160604661 1.1900000000 1.2639395339 1.3313088317 1.3861208684 1.4235003576 1.4400000000 
27 29 0 34 
0 0 1 0 
-0.3849001795 -0.3766893827 -0.3580880469 -0.3308116682 -0.2972863590 -0.2604914715 -0.2236965839 -0.1901712747 -0.1628948961 -0.1442935603 -0.1360827635 
0.9400000000 0.9564996424 0.9938791316 1.0486911683 1.1160604661 1.1900000000 1.2639395339 1.3313088317 1.3861208684 1.4235003576 1.4400000000 
28 30 0 35 
0 0 1 0 
-0.1360827635 -0.1315921296 -0.1214187212 -0.1065007744 -0.0881651740 -0.0680413817 -0.0479175895 -0.0295819891 -0.0146640422 -0.0044906339 0.0000000000 
0.9400000000 0.9564996424 0.9938791316 1.0486911683 1.1160604661 1.1900000000 1.2639395339 1.3313088317 1.3861208684 1.4235003576 1.4400000000 
29 13 0 36 
0 0 1 0 
-2.0000000000 -1.9842082434 -1.9484324500 -1.8959720195 -1.8314930732 -1.7607257743 -1.6899584754 -1.6254795291 -1.5730190986 -1.5372433053 -1.5214515486 
1.4400000000 1.4564996424 1.4938791316 1.5486911683 1.6160604661 1.6900000000 1.7639395339 1.8313088317 1.8861208684 1.9235003576 1.9400000000 
0 32 25 0 
3 0 0 1 
-1.5214515486 -1.5071698066 -1.4748149102 -1.4273707688 -1.3690573273 -1.3050568283 -1.2410563292 -1.1827428877 -1.1352987464 -1.1029438499 -1.0886621079 
1.4400000000 1.4564996424 1.4938791316 1.5486911683 1.6160604661 1.6900000000 1.7639395339 1.8313088317 1.8861208684 1.9235003576 1.9400000000 
31 33 26 0 
0 0 0 1 
-1.0886621079 -1.0760710550 -1.0475463686 -1.0057187195 -0.9543084906 -0.8978844445 -0.8414603985 -0.7900501696 -0.7482225205 -0.7196978341 -0.7071067812 
1.4400000000 1.4564996424 1.4938791316 1.5486911683 1.6160604661 1.6900000000 1.7639395339 1.8313088317 1.8861208684 1.9235003576 1.9400000000 
32 34 27 0 
0 0 0 1 
-0.7071067812 -0.6964741938 -0.6723863574 -0.6370647573 -0.5936510922 -0.5460034803 -0.4983558684 -0.4549422034 -0.4196206032 -0.3955327669 -0.3849001795 
1.4400000000 1.4564996424 1.4938791316 1.5486911683 1.6160604661 1.6900000000 1.7639395339 1.8313088317 1.8861208684 1.9235003576 1.9400000000 
33 35 28 0 
0 0 0 1 
-0.3849001795 -0.3766893827 -0.3580880469 -0.3308116682 -0.2972863590 -0.2604914715 -0.2236965839 -0.1901712747 -0.1628948961 -0.1442935603 -0.1360827635 
1.4400000000 1.4564996424 1.4938791316 1.5486911683 1.6160604661 1.6900000000 1.7639395339 1.8313088317 1.8861208684 1.9235003576 1.9400000000 
34 36 29 0 
0 0 0 1 
-0.1360827635 -0.1315921296 -0.1214187212 -0.1065007744 -0.0881651740 -0.0680413817 -0.0479175895 -0.0295819891 -0.0146640422 -0.0044906339 0.0000000000 
1.4400000000 1.4564996424 1.4938791316 1.5486911683 1.6160604661 1.6900000000 1.7639395339 1.8313088317 1.8861208684 1.9235003576 1.9400000000 
35 19 30 0 
0 0 0 1 
