72 11
0.4700000000 0.4700000000 0.4700000000 0.4700000000 0.4700000000 0.4700000000 0.4700000000 0.4700000000 0.4700000000 0.4700000000 0.4700000000 0.4700000000 0.4700000000 0.4700000000 0.4700000000 0.4700000000 0.4700000000 0.4700000000 0.4700000000 0.4700000000 0.4700000000 0.4700000000 0.4700000000 0.4700000000 0.4700000000 0.4700000000 0.4700000000 0.4700000000 0.4700000000 0.4700000000 0.5000000000 0.5000000000 0.5000000000 0.5000000000 0.5000000000 0.5000000000 0.5000000000 0.5000000000 0.5000000000 0.5000000000 0.5000000000 0.5000000000 0.5000000000 0.5000000000 0.5000000000 0.5000000000 0.5000000000 0.5000000000 0.5000000000 0.5000000000 0.5000000000 0.5000000000 0.5000000000 0.5000000000 0.5000000000 0.5000000000 0.5000000000 0.5000000000 0.5000000000 0.5000000000 0.5000000000 0.5000000000 0.5000000000 0.5000000000 0.5000000000 0.5000000000 0.5000000000 0.5000000000 0.5000000000 0.5000000000 0.5000000000 0.5000000000
0.0656483764 0.1333602870 0.1817221243 0.2225506683 0.2588549739 0.2920234948 0.3228412947 0.3518061750 0.3792583741 0.4054431705 0.4305445968 0.4547051009 0.4780377318 0.5006340657 0.5225695659 0.0656483764 0.1333602870 0.1817221243 0.2225506683 0.2588549739 0.2920234948 0.3228412947 0.3518061750 0.3792583741 0.4054431705 0.4305445968 0.4547051009 0.4780377318 0.5006340657 0.5225695659 0.0656483764 0.1333602870 0.1817221243 0.2225506683 0.2588549739 0.2920234948 0.3228412947 0.3518061750 0.3792583741 0.4054431705 0.4305445968 0.4547051009 0.4780377318 0.5006340657 0.5225695659 0.0656483764 0.1333602870 0.1817221243 0.2225506683 0.2588549739 0.2920234948 0.3228412947 0.3518061750 0.3792583741 0.4054431705 0.4305445968 0.4547051009 0.4780377318 0.5006340657 0.5225695659 0.4785484514 0.4327894407 0.3815553267 0.3222066017 0.2488174160 0.1360827635 0.4785484514 0.4327894407 0.3815553267 0.3222066017 0.2488174160 0.1360827635
0.0000000000 0.0021663495 0.0070741550 0.0142707975 0.0231161675 0.0328241882 0.0425322089 0.0513775790 0.0585742214 0.0634820270 0.0656483764 
0.0000000000 0.0155096639 0.0506463837 0.1021696982 0.1654968381 0.2350000000 0.3045031619 0.3678303018 0.4193536163 0.4544903361 0.4700000000 
0 2 0 16 
1 0 1 0 
0.0656483764 0.0700491705 0.0800190493 0.0946385472 0.1126073250 0.1323285199 0.1520497148 0.1700184926 0.1846379905 0.1946078693 0.1990086634 
0.0000000000 0.0155096639 0.0506463837 0.1021696982 0.1654968381 0.2350000000 0.3045031619 0.3678303018 0.4193536163 0.4544903361 0.4700000000 
1 3 0 17 
0 0 1 0 
0.1990086634 0.2050053636 0.2185907239 0.2385118434 0.2629968272 0.2898697256 0.3167426239 0.3412276078 0.3611487272 0.3747340876 0.3807307877 
0.0000000000 0.0155096639 0.0506463837 0.1021696982 0.1654968381 0.2350000000 0.3045031619 0.3678303018 0.4193536163 0.4544903361 0.4700000000 
2 4 0 18 
0 0 1 0 
0.3807307877 0.3880748006 0.4047124612 0.4291093720 0.4590955365 0.4920061219 0.5249167073 0.5549028718 0.5792997826 0.5959374432 0.6032814560 
0.0000000000 0.0155096639 0.0506463837 0.1021696982 0.1654968381 0.2350000000 0.3045031619 0.3678303018 0.4193536163 0.4544903361 0.4700000000 
3 5 0 19 
0 0 1 0 
0.6032814560 0.6118234851 0.6311752184 0.6595519551 0.6944297108 0.7327089430 0.7709881752 0.8058659309 0.8342426676 0.8535944009 0.8621364300 
0.0000000000 0.0155096639 0.0506463837 0.1021696982 0.1654968381 0.2350000000 0.3045031619 0.3678303018 0.4193536163 0.4544903361 0.4700000000 
4 6 0 20 
0 0 1 0 
0.8621364300 0.8717729964 0.8936043746 0.9256171796 0.9649640152 1.0081481773 1.0513323395 1.0906791751 1.1226919801 1.1445233583 1.1541599247 
0.0000000000 0.0155096639 0.0506463837 0.1021696982 0.1654968381 0.2350000000 0.3045031619 0.3678303018 0.4193536163 0.4544903361 0.4700000000 
5 7 0 21 
0 0 1 0 
1.1541599247 1.1648134566 1.1889487419 1.2243399197 1.2678391024 1.3155805721 1.3633220418 1.4068212245 1.4422124022 1.4663476876 1.4770012194 
0.0000000000 0.0155096639 0.0506463837 0.1021696982 0.1654968381 0.2350000000 0.3045031619 0.3678303018 0.4193536163 0.4544903361 0.4700000000 
6 8 0 22 
0 0 1 0 
1.4770012194 1.4886105716 1.5149112418 1.5534776677 1.6008795377 1.6529043069 1.7049290761 1.7523309461 1.7908973720 1.8171980422 1.8288073944 
0.0000000000 0.0155096639 0.0506463837 0.1021696982 0.1654968381 0.2350000000 0.3045031619 0.3678303018 0.4193536163 0.4544903361 0.4700000000 
7 9 0 23 
0 0 1 0 
1.8288073944 1.8413226495 1.8696756181 1.9112514659 1.9623522066 2.0184365814 2.0745209562 2.1256216970 2.1671975448 2.1955505134 2.2080657685 
0.0000000000 0.0155096639 0.0506463837 0.1021696982 0.1654968381 0.2350000000 0.3045031619 0.3678303018 0.4193536163 0.4544903361 0.4700000000 
8 10 0 24 
0 0 1 0 
2.2080657685 2.2214451031 2.2517556203 2.2962019522 2.3508307956 2.4107873537 2.4707439118 2.5253727552 2.5698190871 2.6001296043 2.6135089389 
0.0000000000 0.0155096639 0.0506463837 0.1021696982 0.1654968381 0.2350000000 0.3045031619 0.3678303018 0.4193536163 0.4544903361 0.4700000000 
9 11 0 25 
0 0 1 0 
2.6135089389 2.6277166027 2.6599036769 2.7071017294 2.7651127037 2.8287812373 2.8924497710 2.9504607453 2.9976587978 3.0298458720 3.0440535358 
0.0000000000 0.0155096639 0.0506463837 0.1021696982 0.1654968381 0.2350000000 0.3045031619 0.3678303018 0.4193536163 0.4544903361 0.4700000000 
10 12 0 26 
0 0 1 0 
3.0440535358 3.0590584789 3.0930517677 3.1428983930 3.2041647197 3.2714060862 3.3386474526 3.3999137794 3.4497604047 3.4837536935 3.4987586366 
0.0000000000 0.0155096639 0.0506463837 0.1021696982 0.1654968381 0.2350000000 0.3045031619 0.3678303018 0.4193536163 0.4544903361 0.4700000000 
11 13 0 27 
0 0 1 0 
3.4987586366 3.5145335399 3.5502711523 3.6026755957 3.6670857284 3.7377775025 3.8084692767 3.8728794094 3.9252838527 3.9610214652 3.9767963684 
0.0000000000 0.0155096639 0.0506463837 0.1021696982 0.1654968381 0.2350000000 0.3045031619 0.3678303018 0.4193536163 0.4544903361 0.4700000000 
12 14 0 28 
0 0 1 0 
3.9767963684 3.9933169345 4.0307438258 4.0856253714 4.1530801023 4.2271134013 4.3011467002 4.3686014312 4.4234829767 4.4609098680 4.4774304341 
0.0000000000 0.0155096639 0.0506463837 0.1021696982 0.1654968381 0.2350000000 0.3045031619 0.3678303018 0.4193536163 0.4544903361 0.4700000000 
13 15 0 29 
0 0 1 0 
4.4774304341 4.4946748560 4.5337416229 4.5910278273 4.6614381168 4.7387152170 4.8159923173 4.8864026068 4.9436888112 4.9827555781 5.0000000000 
0.0000000000 0.0155096639 0.0506463837 0.1021696982 0.1654968381 0.2350000000 0.3045031619 0.3678303018 0.4193536163 0.4544903361 0.4700000000 
14 0 0 30 
0 4 1 0 
0.0000000000 0.0021663495 0.0070741550 0.0142707975 0.0231161675 0.0328241882 0.0425322089 0.0513775790 0.0585742214 0.0634820270 0.0656483764 
0.4700000000 0.4855096639 0.5206463837 0.5721696982 0.6354968381 0.7050000000 0.7745031619 0.8378303018 0.8893536163 0.9244903361 0.9400000000 
0 17 1 31 
1 0 0 0 
0.0656483764 0.0700491705 0.0800190493 0.0946385472 0.1126073250 0.1323285199 0.1520497148 0.1700184926 0.1846379905 0.1946078693 0.1990086634 
0.4700000000 0.4855096639 0.5206463837 0.5721696982 0.6354968381 0.7050000000 0.7745031619 0.8378303018 0.8893536163 0.9244903361 0.9400000000 
16 18 2 32 
0 0 0 0 
0.1990086634 0.2050053636 0.2185907239 0.2385118434 0.2629968272 0.2898697256 0.3167426239 0.3412276078 0.3611487272 0.3747340876 0.3807307877 
0.4700000000 0.4855096639 0.5206463837 0.5721696982 0.6354968381 0.7050000000 0.7745031619 0.8378303018 0.8893536163 0.9244903361 0.9400000000 
17 19 3 33 
0 0 0 0 
0.3807307877 0.3880748006 0.4047124612 0.4291093720 0.4590955365 0.4920061219 0.5249167073 0.5549028718 0.5792997826 0.5959374432 0.6032814560 
0.4700000000 0.4855096639 0.5206463837 0.5721696982 0.6354968381 0.7050000000 0.7745031619 0.8378303018 0.8893536163 0.9244903361 0.9400000000 
18 20 4 34 
0 0 0 0 
0.6032814560 0.6118234851 0.6311752184 0.6595519551 0.6944297108 0.7327089430 0.7709881752 0.8058659309 0.8342426676 0.8535944009 0.8621364300 
0.4700000000 0.4855096639 0.5206463837 0.5721696982 0.6354968381 0.7050000000 0.7745031619 0.8378303018 0.8893536163 0.9244903361 0.9400000000 
19 21 5 35 
0 0 0 0 
0.8621364300 0.8717729964 0.8936043746 0.9256171796 0.9649640152 1.0081481773 1.0513323395 1.0906791751 1.1226919801 1.1445233583 1.1541599247 
0.4700000000 0.4855096639 0.5206463837 0.5721696982 0.6354968381 0.7050000000 0.7745031619 0.8378303018 0.8893536163 0.9244903361 0.9400000000 
20 22 6 36 
0 0 0 0 
1.1541599247 1.1648134566 1.1889487419 1.2243399197 1.2678391024 1.3155805721 1.3633220418 1.4068212245 1.4422124022 1.4663476876 1.4770012194 
0.4700000000 0.4855096639 0.5206463837 0.5721696982 0.6354968381 0.7050000000 0.7745031619 0.8378303018 0.8893536163 0.9244903361 0.9400000000 
21 23 7 37 
0 0 0 0 
1.4770012194 1.4886105716 1.5149112418 1.5534776677 1.6008795377 1.6529043069 1.7049290761 1.7523309461 1.7908973720 1.8171980422 1.8288073944 
0.4700000000 0.4855096639 0.5206463837 0.5721696982 0.6354968381 0.7050000000 0.7745031619 0.8378303018 0.8893536163 0.9244903361 0.9400000000 
22 24 8 38 
0 0 0 0 
1.8288073944 1.8413226495 1.8696756181 1.9112514659 1.9623522066 2.0184365814 2.0745209562 2.1256216970 2.1671975448 2.1955505134 2.2080657685 
0.4700000000 0.4855096639 0.5206463837 0.5721696982 0.6354968381 0.7050000000 0.7745031619 0.8378303018 0.8893536163 0.9244903361 0.9400000000 
23 25 9 39 
0 0 0 0 
2.2080657685 2.2214451031 2.2517556203 2.2962019522 2.3508307956 2.4107873537 2.4707439118 2.5253727552 2.5698190871 2.6001296043 2.6135089389 
0.4700000000 0.4855096639 0.5206463837 0.5721696982 0.6354968381 0.7050000000 0.7745031619 0.8378303018 0.8893536163 0.9244903361 0.9400000000 
24 26 10 40 
0 0 0 0 
2.6135089389 2.6277166027 2.6599036769 2.7071017294 2.7651127037 2.8287812373 2.8924497710 2.9504607453 2.9976587978 3.0298458720 3.0440535358 
0.4700000000 0.4855096639 0.5206463837 0.5721696982 0.6354968381 0.7050000000 0.7745031619 0.8378303018 0.8893536163 0.9244903361 0.9400000000 
25 27 11 41 
0 0 0 0 
3.0440535358 3.0590584789 3.0930517677 3.1428983930 3.2041647197 3.2714060862 3.3386474526 3.3999137794 3.4497604047 3.4837536935 3.4987586366 
0.4700000000 0.4855096639 0.5206463837 0.5721696982 0.6354968381 0.7050000000 0.7745031619 0.8378303018 0.8893536163 0.9244903361 0.9400000000 
26 28 12 42 
0 0 0 0 
3.4987586366 3.5145335399 3.5502711523 3.6026755957 3.6670857284 3.7377775025 3.8084692767 3.8728794094 3.9252838527 3.9610214652 3.9767963684 
0.4700000000 0.4855096639 0.5206463837 0.5721696982 0.6354968381 0.7050000000 0.7745031619 0.8378303018 0.8893536163 0.9244903361 0.9400000000 
27 29 13 43 
0 0 0 0 
3.9767963684 3.9933169345 4.0307438258 4.0856253714 4.1530801023 4.2271134013 4.3011467002 4.3686014312 4.4234829767 4.4609098680 4.4774304341 
0.4700000000 0.4855096639 0.5206463837 0.5721696982 0.6354968381 0.7050000000 0.7745031619 0.8378303018 0.8893536163 0.9244903361 0.9400000000 
28 30 14 44 
0 0 0 0 
4.4774304341 4.4946748560 4.5337416229 4.5910278273 4.6614381168 4.7387152170 4.8159923173 4.8864026068 4.9436888112 4.9827555781 5.0000000000 
0.4700000000 0.4855096639 0.5206463837 0.5721696982 0.6354968381 0.7050000000 0.7745031619 0.8378303018 0.8893536163 0.9244903361 0.9400000000 
29 0 15 45 
0 4 0 0 
0.0000000000 0.0021663495 0.0070741550 0.0142707975 0.0231161675 0.0328241882 0.0425322089 0.0513775790 0.0585742214 0.0634820270 0.0656483764 
0.9400000000 0.9564996424 0.9938791316 1.0486911683 1.1160604661 1.1900000000 1.2639395339 1.3313088317 1.3861208684 1.4235003576 1.4400000000 
66 32 16 46 
0 0 0 0 
0.0656483764 0.0700491705 0.0800190493 0.0946385472 0.1126073250 0.1323285199 0.1520497148 0.1700184926 0.1846379905 0.1946078693 0.1990086634 
0.9400000000 0.9564996424 0.9938791316 1.0486911683 1.1160604661 1.1900000000 1.2639395339 1.3313088317 1.3861208684 1.4235003576 1.4400000000 
31 33 17 47 
0 0 0 0 
0.1990086634 0.2050053636 0.2185907239 0.2385118434 0.2629968272 0.2898697256 0.3167426239 0.3412276078 0.3611487272 0.3747340876 0.3807307877 
0.9400000000 0.9564996424 0.9938791316 1.0486911683 1.1160604661 1.1900000000 1.2639395339 1.3313088317 1.3861208684 1.4235003576 1.4400000000 
32 34 18 48 
0 0 0 0 
0.3807307877 0.3880748006 0.4047124612 0.4291093720 0.4590955365 0.4920061219 0.5249167073 0.5549028718 0.5792997826 0.5959374432 0.6032814560 
0.9400000000 0.9564996424 0.9938791316 1.0486911683 1.1160604661 1.1900000000 1.2639395339 1.3313088317 1.3861208684 1.4235003576 1.4400000000 
33 35 19 49 
0 0 0 0 
0.6032814560 0.6118234851 0.6311752184 0.6595519551 0.6944297108 0.7327089430 0.7709881752 0.8058659309 0.8342426676 0.8535944009 0.8621364300 
0.9400000000 0.9564996424 0.9938791316 1.0486911683 1.1160604661 1.1900000000 1.2639395339 1.3313088317 1.3861208684 1.4235003576 1.4400000000 
34 36 20 50 
0 0 0 0 
0.8621364300 0.8717729964 0.8936043746 0.9256171796 0.9649640152 1.0081481773 1.0513323395 1.0906791751 1.1226919801 1.1445233583 1.1541599247 
0.9400000000 0.9564996424 0.9938791316 1.0486911683 1.1160604661 1.1900000000 1.2639395339 1.3313088317 1.3861208684 1.4235003576 1.4400000000 
35 37 21 51 
0 0 0 0 
1.1541599247 1.1648134566 1.1889487419 1.2243399197 1.2678391024 1.3155805721 1.3633220418 1.4068212245 1.4422124022 1.4663476876 1.4770012194 
0.9400000000 0.9564996424 0.9938791316 1.0486911683 1.1160604661 1.1900000000 1.2639395339 1.3313088317 1.3861208684 1.4235003576 1.4400000000 
36 38 22 52 
0 0 0 0 
1.4770012194 1.4886105716 1.5149112418 1.5534776677 1.6008795377 1.6529043069 1.7049290761 1.7523309461 1.7908973720 1.8171980422 1.8288073944 
0.9400000000 0.9564996424 0.9938791316 1.0486911683 1.1160604661 1.1900000000 1.2639395339 1.3313088317 1.3861208684 1.4235003576 1.4400000000 
37 39 23 53 
0 0 0 0 
1.8288073944 1.8413226495 1.8696756181 1.9112514659 1.9623522066 2.0184365814 2.0745209562 2.1256216970 2.1671975448 2.1955505134 2.2080657685 
0.9400000000 0.9564996424 0.9938791316 1.0486911683 1.1160604661 1.1900000000 1.2639395339 1.3313088317 1.3861208684 1.4235003576 1.4400000000 
38 40 24 54 
0 0 0 0 
2.2080657685 2.2214451031 2.2517556203 2.2962019522 2.3508307956 2.4107873537 2.4707439118 2.5253727552 2.5698190871 2.6001296043 2.6135089389 
0.9400000000 0.9564996424 0.9938791316 1.0486911683 1.1160604661 1.1900000000 1.2639395339 1.3313088317 1.3861208684 1.4235003576 1.4400000000 
39 41 25 55 
0 0 0 0 
2.6135089389 2.6277166027 2.6599036769 2.7071017294 2.7651127037 2.8287812373 2.8924497710 2.9504607453 2.9976587978 3.0298458720 3.0440535358 
0.9400000000 0.9564996424 0.9938791316 1.0486911683 1.1160604661 1.1900000000 1.2639395339 1.3313088317 1.3861208684 1.4235003576 1.4400000000 
40 42 26 56 
0 0 0 0 
3.0440535358 3.0590584789 3.0930517677 3.1428983930 3.2041647197 3.2714060862 3.3386474526 3.3999137794 3.4497604047 3.4837536935 3.4987586366 
0.9400000000 0.9564996424 0.9938791316 1.0486911683 1.1160604661 1.1900000000 1.2639395339 1.3313088317 1.3861208684 1.4235003576 1.4400000000 
41 43 27 57 
0 0 0 0 
3.4987586366 3.5145335399 3.5502711523 3.6026755957 3.6670857284 3.7377775025 3.8084692767 3.8728794094 3.9252838527 3.9610214652 3.9767963684 
0.9400000000 0.9564996424 0.9938791316 1.0486911683 1.1160604661 1.1900000000 1.2639395339 1.3313088317 1.3861208684 1.4235003576 1.4400000000 
42 44 28 58 
0 0 0 0 
3.9767963684 3.9933169345 4.0307438258 4.0856253714 4.1530801023 4.2271134013 4.3011467002 4.3686014312 4.4234829767 4.4609098680 4.4774304341 
0.9400000000 0.9564996424 0.9938791316 1.0486911683 1.1160604661 1.1900000000 1.2639395339 1.3313088317 1.3861208684 1.4235003576 1.4400000000 
43 45 29 59 
0 0 0 0 
4.4774304341 4.4946748560 4.5337416229 4.5910278273 4.6614381168 4.7387152170 4.8159923173 4.8864026068 4.9436888112 4.9827555781 5.0000000000 
0.9400000000 0.9564996424 0.9938791316 1.0486911683 1.1160604661 1.1900000000 1.2639395339 1.3313088317 1.3861208684 1.4235003576 1.4400000000 
44 0 30 60 
0 4 0 0 
0.0000000000 0.0021663495 0.0070741550 0.0142707975 0.0231161675 0.0328241882 0.0425322089 0.0513775790 0.0585742214 0.0634820270 0.0656483764 
1.4400000000 1.4564996424 1.4938791316 1.5486911683 1.6160604661 1.6900000000 1.7639395339 1.8313088317 1.8861208684 1.9235003576 1.9400000000 
72 47 31 0 
0 0 0 1 
0.0656483764 0.0700491705 0.0800190493 0.0946385472 0.1126073250 0.1323285199 0.1520497148 0.1700184926 0.1846379905 0.1946078693 0.1990086634 
1.4400000000 1.4564996424 1.4938791316 1.5486911683 1.6160604661 1.6900000000 1.7639395339 1.8313088317 1.8861208684 1.9235003576 1.9400000000 
46 48 32 0 
0 0 0 1 
0.1990086634 0.2050053636 0.2185907239 0.2385118434 0.2629968272 0.2898697256 0.3167426239 0.3412276078 0.3611487272 0.3747340876 0.3807307877 
1.4400000000 1.4564996424 1.4938791316 1.5486911683 1.6160604661 1.6900000000 1.7639395339 1.8313088317 1.8861208684 1.9235003576 1.9400000000 
47 49 33 0 
0 0 0 1 
0.3807307877 0.3880748006 0.4047124612 0.4291093720 0.4590955365 0.4920061219 0.5249167073 0.5549028718 0.5792997826 0.5959374432 0.6032814560 
1.4400000000 1.4564996424 1.4938791316 1.5486911683 1.6160604661 1.6900000000 1.7639395339 1.8313088317 1.8861208684 1.9235003576 1.9400000000 
48 50 34 0 
0 0 0 1 
0.6032814560 0.6118234851 0.6311752184 0.6595519551 0.6944297108 0.7327089430 0.7709881752 0.8058659309 0.8342426676 0.8535944009 0.8621364300 
1.4400000000 1.4564996424 1.4938791316 1.5486911683 1.6160604661 1.6900000000 1.7639395339 1.8313088317 1.8861208684 1.9235003576 1.9400000000 
49 51 35 0 
0 0 0 1 
0.8621364300 0.8717729964 0.8936043746 0.9256171796 0.9649640152 1.0081481773 1.0513323395 1.0906791751 1.1226919801 1.1445233583 1.1541599247 
1.4400000000 1.4564996424 1.4938791316 1.5486911683 1.6160604661 1.6900000000 1.7639395339 1.8313088317 1.8861208684 1.9235003576 1.9400000000 
50 52 36 0 
0 0 0 1 
1.1541599247 1.1648134566 1.1889487419 1.2243399197 1.2678391024 1.3155805721 1.3633220418 1.4068212245 1.4422124022 1.4663476876 1.4770012194 
1.4400000000 1.4564996424 1.4938791316 1.5486911683 1.6160604661 1.6900000000 1.7639395339 1.8313088317 1.8861208684 1.9235003576 1.9400000000 
51 53 37 0 
0 0 0 1 
1.4770012194 1.4886105716 1.5149112418 1.5534776677 1.6008795377 1.6529043069 1.7049290761 1.7523309461 1.7908973720 1.8171980422 1.8288073944 
1.4400000000 1.4564996424 1.4938791316 1.5486911683 1.6160604661 1.6900000000 1.7639395339 1.8313088317 1.8861208684 1.9235003576 1.9400000000 
52 54 38 0 
0 0 0 1 
1.8288073944 1.8413226495 1.8696756181 1.9112514659 1.9623522066 2.0184365814 2.0745209562 2.1256216970 2.1671975448 2.1955505134 2.2080657685 
1.4400000000 1.4564996424 1.4938791316 1.5486911683 1.6160604661 1.6900000000 1.7639395339 1.8313088317 1.8861208684 1.9235003576 1.9400000000 
53 55 39 0 
0 0 0 1 
2.2080657685 2.2214451031 2.2517556203 2.2962019522 2.3508307956 2.4107873537 2.4707439118 2.5253727552 2.5698190871 2.6001296043 2.6135089389 
1.4400000000 1.4564996424 1.4938791316 1.5486911683 1.6160604661 1.6900000000 1.7639395339 1.8313088317 1.8861208684 1.9235003576 1.9400000000 
54 56 40 0 
0 0 0 1 
2.6135089389 2.6277166027 2.6599036769 2.7071017294 2.7651127037 2.8287812373 2.8924497710 2.9504607453 2.9976587978 3.0298458720 3.0440535358 
1.4400000000 1.4564996424 1.4938791316 1.5486911683 1.6160604661 1.6900000000 1.7639395339 1.8313088317 1.8861208684 1.9235003576 1.9400000000 
55 57 41 0 
0 0 0 1 
3.0440535358 3.0590584789 3.0930517677 3.1428983930 3.2041647197 3.2714060862 3.3386474526 3.3999137794 3.4497604047 3.4837536935 3.4987586366 
1.4400000000 1.4564996424 1.4938791316 1.5486911683 1.6160604661 1.6900000000 1.7639395339 1.8313088317 1.8861208684 1.9235003576 1.9400000000 
56 58 42 0 
0 0 0 1 
3.4987586366 3.5145335399 3.5502711523 3.6026755957 3.6670857284 3.7377775025 3.8084692767 3.8728794094 3.9252838527 3.9610214652 3.9767963684 
1.4400000000 1.4564996424 1.4938791316 1.5486911683 1.6160604661 1.6900000000 1.7639395339 1.8313088317 1.8861208684 1.9235003576 1.9400000000 
57 59 43 0 
0 0 0 1 
3.9767963684 3.9933169345 4.0307438258 4.0856253714 4.1530801023 4.2271134013 4.3011467002 4.3686014312 4.4234829767 4.4609098680 4.4774304341 
1.4400000000 1.4564996424 1.4938791316 1.5486911683 1.6160604661 1.6900000000 1.7639395339 1.8313088317 1.8861208684 1.9235003576 1.9400000000 
58 60 44 0 
0 0 0 1 
4.4774304341 4.4946748560 4.5337416229 4.5910278273 4.6614381168 4.7387152170 4.8159923173 4.8864026068 4.9436888112 4.9827555781 5.0000000000 
1.4400000000 1.4564996424 1.4938791316 1.5486911683 1.6160604661 1.6900000000 1.7639395339 1.8313088317 1.8861208684 1.9235003576 1.9400000000 
59 0 45 0 
0 4 0 1 
-2.0000000000 -1.9842082434 -1.9484324500 -1.8959720195 -1.8314930732 -1.7607257743 -1.6899584754 -1.6254795291 -1.5730190986 -1.5372433053 -1.5214515486 
0.9400000000 0.9564996424 0.9938791316 1.0486911683 1.1160604661 1.1900000000 1.2639395339 1.3313088317 1.3861208684 1.4235003576 1.4400000000 
0 62 0 67 
3 0 1 0 
-1.5214515486 -1.5071698066 -1.4748149102 -1.4273707688 -1.3690573273 -1.3050568283 -1.2410563292 -1.1827428877 -1.1352987464 -1.1029438499 -1.0886621079 
0.9400000000 0.9564996424 0.9938791316 1.0486911683 1.1160604661 1.1900000000 1.2639395339 1.3313088317 1.3861208684 1.4235003576 1.4400000000 
61 63 0 68 
0 0 1 0 
-1.0886621079 -1.0760710550 -1.0475463686 -1.0057187195 -0.9543084906 -0.8978844445 -0.8414603985 -0.7900501696 -0.7482225205 -0.7196978341 -0.7071067812 
0.9400000000 0.9564996424 0.9938791316 1.0486911683 1.1160604661 1.1900000000 1.2639395339 1.3313088317 1.3861208684 1.4235003576 1.4400000000 
62 64 0 69 
0 0 1 0 
-0.7071067812 -0.6964741938 -0.6723863574 -0.6370647573 -0.5936510922 -0.5460034803 -0.4983558684 -0.4549422034 -0.4196206032 -0.3955327669 -0.3849001795 
0.9400000000 0.9564996424 0.9938791316 1.0486911683 1.1160604661 1.1900000000 1.2639395339 1.3313088317 1.3861208684 1.4235003576 1.4400000000 
63 65 0 70 
0 0 1 0 
-0.3849001795 -0.3766893827 -0.3580880469 -0.3308116682 -0.2972863590 -0.2604914715 -0.2236965839 -0.1901712747 -0.1628948961 -0.1442935603 -0.1360827635 
0.9400000000 0.9564996424 0.9938791316 1.0486911683 1.1160604661 1.1900000000 1.2639395339 1.3313088317 1.3861208684 1.4235003576 1.4400000000 
64 66 0 71 
0 0 1 0 
-0.1360827635 -0.1315921296 -0.1214187212 -0.1065007744 -0.0881651740 -0.0680413817 -0.0479175895 -0.0295819891 -0.0146640422 -0.0044906339 0.0000000000 
0.9400000000 0.9564996424 0.9938791316 1.0486911683 1.1160604661 1.1900000000 1.2639395339 1.3313088317 1.3861208684 1.4235003576 1.4400000000 
65 31 0 72 
0 0 1 0 
-2.0000000000 -1.9842082434 -1.9484324500 -1.8959720195 -1.8314930732 -1.7607257743 -1.6899584754 -1.6254795291 -1.5730190986 -1.5372433053 -1.5214515486 
1.4400000000 1.4564996424 1.4938791316 1.5486911683 1.6160604661 1.6900000000 1.7639395339 1.8313088317 1.8861208684 1.9235003576 1.9400000000 
0 68 61 0 
3 0 0 1 
-1.5214515486 -1.5071698066 -1.4748149102 -1.4273707688 -1.3690573273 -1.3050568283 -1.2410563292 -1.1827428877 -1.1352987464 -1.1029438499 -1.0886621079 
1.4400000000 1.4564996424 1.4938791316 1.5486911683 1.6160604661 1.6900000000 1.7639395339 1.8313088317 1.8861208684 1.9235003576 1.9400000000 
67 69 62 0 
0 0 0 1 
-1.0886621079 -1.0760710550 -1.0475463686 -1.0057187195 -0.9543084906 -0.8978844445 -0.8414603985 -0.7900501696 -0.7482225205 -0.7196978341 -0.7071067812 
1.4400000000 1.4564996424 1.4938791316 1.5486911683 1.6160604661 1.6900000000 1.7639395339 1.8313088317 1.8861208684 1.9235003576 1.9400000000 
68 70 63 0 
0 0 0 1 
-0.7071067812 -0.6964741938 -0.6723863574 -0.6370647573 -0.5936510922 -0.5460034803 -0.4983558684 -0.4549422034 -0.4196206032 -0.3955327669 -0.3849001795 
1.4400000000 1.4564996424 1.4938791316 1.5486911683 1.6160604661 1.6900000000 1.7639395339 1.8313088317 1.8861208684 1.9235003576 1.9400000000 
69 71 64 0 
0 0 0 1 
-0.3849001795 -0.3766893827 -0.3580880469 -0.3308116682 -0.2972863590 -0.2604914715 -0.2236965839 -0.1901712747 -0.1628948961 -0.1442935603 -0.1360827635 
1.4400000000 1.4564996424 1.4938791316 1.5486911683 1.6160604661 1.6900000000 1.7639395339 1.8313088317 1.8861208684 1.9235003576 1.9400000000 
70 72 65 0 
0 0 0 1 
-0.1360827635 -0.1315921296 -0.1214187212 -0.1065007744 -0.0881651740 -0.0680413817 -0.0479175895 -0.0295819891 -0.0146640422 -0.0044906339 0.0000000000 
1.4400000000 1.4564996424 1.4938791316 1.5486911683 1.6160604661 1.6900000000 1.7639395339 1.8313088317 1.8861208684 1.9235003576 1.9400000000 
71 46 66 0 
0 0 0 1 
