72 11
0.4700000000 0.4700000000 0.4700000000 0.4700000000 0.4700000000 0.4700000000 0.4700000000 0.4700000000 0.4700000000 0.4700000000 0.4700000000 0.4700000000 0.4700000000 0.4700000000 0.4700000000 0.4700000000 0.4700000000 0.4700000000 0.4700000000 0.4700000000 0.4700000000 0.4700000000 0.4700000000 0.4700000000 0.4700000000 0.4700000000 0.4700000000 0.4700000000 0.4700000000 0.4700000000 0.5000000000 0.5000000000 0.5000000000 0.5000000000 0.5000000000 0.5000000000 0.5000000000 0.5000000000 0.5000000000 0.5000000000 0.5000000000 0.5000000000 0.5000000000 0.5000000000 0.5000000000 0.5000000000 0.5000000000 0.5000000000 0.5000000000 0.5000000000 0.5000000000 0.5000000000 0.5000000000 0.5000000000 0.5000000000 0.5000000000 0.5000000000 0.5000000000 0.5000000000 0.5000000000 0.5000000000 0.5000000000 0.5000000000 0.5000000000 0.5000000000 0.5000000000 0.5000000000 0.5000000000 0.5000000000 0.5000000000 0.5000000000 0.5000000000
0.2232044798 0.4534249758 0.6178552227 0.7566722722 0.8801069113 0.9928798822 1.0976604020 1.1961409949 1.2894784718 1.3785067797 1.4638516291 1.5459973429 1.6253282882 1.7021558232 1.7767365241 0.2232044798 0.4534249758 0.6178552227 0.7566722722 0.8801069113 0.9928798822 1.0976604020 1.1961409949 1.2894784718 1.3785067797 1.4638516291 1.5459973429 1.6253282882 1.7021558232 1.7767365241 0.2232044798 0.4534249758 0.6178552227 0.7566722722 0.8801069113 0.9928798822 1.0976604020 1.1961409949 1.2894784718 1.3785067797 1.4638516291 1.5459973429 1.6253282882 1.7021558232 1.7767365241 0.2232044798 0.4534249758 0.6178552227 0.7566722722 0.8801069113 0.9928798822 1.0976604020 1.1961409949 1.2894784718 1.3785067797 1.4638516291 1.5459973429 1.6253282882 1.7021558232 1.7767365241 0.4785484514 0.4327894407 0.3815553267 0.3222066017 0.2488174160 0.1360827635 0.4785484514 0.4327894407 0.3815553267 0.3222066017 0.2488174160 0.1360827635
0.0000000000 0.0073655882 0.0240521271 0.0485207113 0.0785949695 0.1116022399 0.1446095103 0.1746837685 0.1991523528 0.2158388916 0.2232044798 
0.0000000000 0.0155096639 0.0506463837 0.1021696982 0.1654968381 0.2350000000 0.3045031619 0.3678303018 0.4193536163 0.4544903361 0.4700000000 
0 2 0 16 
1 0 1 0 
0.2232044798 0.2381671797 0.2720647677 0.3217710605 0.3828649050 0.4499169677 0.5169690305 0.5780628750 0.6277691678 0.6616667557 0.6766294556 
0.0000000000 0.0155096639 0.0506463837 0.1021696982 0.1654968381 0.2350000000 0.3045031619 0.3678303018 0.4193536163 0.4544903361 0.4700000000 
1 3 0 17 
0 0 1 0 
0.6766294556 0.6970182361 0.7432084613 0.8109402676 0.8941892126 0.9855570670 1.0769249213 1.1601738664 1.2279056726 1.2740958979 1.2944846783 
0.0000000000 0.0155096639 0.0506463837 0.1021696982 0.1654968381 0.2350000000 0.3045031619 0.3678303018 0.4193536163 0.4544903361 0.4700000000 
2 4 0 18 
0 0 1 0 
1.2944846783 1.3194543221 1.3760223682 1.4589718648 1.5609248242 1.6728208144 1.7847168047 1.8866697641 1.9696192607 2.0261873068 2.0511569506 
0.0000000000 0.0155096639 0.0506463837 0.1021696982 0.1654968381 0.2350000000 0.3045031619 0.3678303018 0.4193536163 0.4544903361 0.4700000000 
3 5 0 19 
0 0 1 0 
2.0511569506 2.0801998492 2.1459957427 2.2424766473 2.3610610166 2.4912104062 2.6213597958 2.7399441651 2.8364250697 2.9022209632 2.9312638618 
0.0000000000 0.0155096639 0.0506463837 0.1021696982 0.1654968381 0.2350000000 0.3045031619 0.3678303018 0.4193536163 0.4544903361 0.4700000000 
4 6 0 20 
0 0 1 0 
2.9312638618 2.9640281878 3.0382548735 3.1470984105 3.2808776515 3.4277038030 3.5745299544 3.7083091954 3.8171527324 3.8913794181 3.9241437441 
0.0000000000 0.0155096639 0.0506463837 0.1021696982 0.1654968381 0.2350000000 0.3045031619 0.3678303018 0.4193536163 0.4544903361 0.4700000000 
5 7 0 21 
0 0 1 0 
3.9241437441 3.9603657523 4.0424257225 4.1627557269 4.3106529481 4.4729739451 4.6352949421 4.7831921632 4.9035221676 4.9855821378 5.0218041460 
0.0000000000 0.0155096639 0.0506463837 0.1021696982 0.1654968381 0.2350000000 0.3045031619 0.3678303018 0.4193536163 0.4544903361 0.4700000000 
6 8 0 22 
0 0 1 0 
5.0218041460 5.0612759434 5.1506982222 5.2818240703 5.4429904282 5.6198746435 5.7967588588 5.9579252167 6.0890510648 6.1784733436 6.2179451410 
0.0000000000 0.0155096639 0.0506463837 0.1021696982 0.1654968381 0.2350000000 0.3045031619 0.3678303018 0.4193536163 0.4544903361 0.4700000000 
7 9 0 23 
0 0 1 0 
6.2179451410 6.2604970083 6.3568971015 6.4982549840 6.6719975025 6.8626843769 7.0533712512 7.2271137697 7.3684716522 7.4648717454 7.5074236127 
0.0000000000 0.0155096639 0.0506463837 0.1021696982 0.1654968381 0.2350000000 0.3045031619 0.3678303018 0.4193536163 0.4544903361 0.4700000000 
8 10 0 24 
0 0 1 0 
7.5074236127 7.5529133506 7.6559691091 7.8070866374 7.9928247051 8.1966770026 8.4005293001 8.5862673678 8.7373848961 8.8404406546 8.8859303924 
0.0000000000 0.0155096639 0.0506463837 0.1021696982 0.1654968381 0.2350000000 0.3045031619 0.3678303018 0.4193536163 0.4544903361 0.4700000000 
9 11 0 25 
0 0 1 0 
8.8859303924 8.9342364492 9.0436725015 9.2041458798 9.4013831927 9.6178562070 9.8343292213 10.0315665341 10.1920399125 10.3014759647 10.3497820216 
0.0000000000 0.0155096639 0.0506463837 0.1021696982 0.1654968381 0.2350000000 0.3045031619 0.3678303018 0.4193536163 0.4544903361 0.4700000000 
10 12 0 26 
0 0 1 0 
10.3497820216 10.4007988282 10.5163760101 10.6858545362 10.8941600471 11.1227806930 11.3514013389 11.5597068499 11.7291853760 11.8447625579 11.8957793645 
0.0000000000 0.0155096639 0.0506463837 0.1021696982 0.1654968381 0.2350000000 0.3045031619 0.3678303018 0.4193536163 0.4544903361 0.4700000000 
11 13 0 27 
0 0 1 0 
11.8957793645 11.9494140356 12.0709219179 12.2490970254 12.4680914765 12.7084435086 12.9487955407 13.1677899918 13.3459650993 13.4674729816 13.5211076527 
0.0000000000 0.0155096639 0.0506463837 0.1021696982 0.1654968381 0.2350000000 0.3045031619 0.3678303018 0.4193536163 0.4544903361 0.4700000000 
12 14 0 28 
0 0 1 0 
13.5211076527 13.5772775774 13.7045290078 13.8911262626 14.1204723479 14.3721855643 14.6238987806 14.8532448659 15.0398421207 15.1670935511 15.2232634759 
0.0000000000 0.0155096639 0.0506463837 0.1021696982 0.1654968381 0.2350000000 0.3045031619 0.3678303018 0.4193536163 0.4544903361 0.4700000000 
13 15 0 29 
0 0 1 0 
15.2232634759 15.2818945104 15.4147215178 15.6094946128 15.8488895970 16.1116317379 16.3743738788 16.6137688630 16.8085419581 16.9413689654 17.0000000000 
0.0000000000 0.0155096639 0.0506463837 0.1021696982 0.1654968381 0.2350000000 0.3045031619 0.3678303018 0.4193536163 0.4544903361 0.4700000000 
14 0 0 30 
0 4 1 0 
0.0000000000 0.0073655882 0.0240521271 0.0485207113 0.0785949695 0.1116022399 0.1446095103 0.1746837685 0.1991523528 0.2158388916 0.2232044798 
0.4700000000 0.4855096639 0.5206463837 0.5721696982 0.6354968381 0.7050000000 0.7745031619 0.8378303018 0.8893536163 0.9244903361 0.9400000000 
0 17 1 31 
1 0 0 0 
0.2232044798 0.2381671797 0.2720647677 0.3217710605 0.3828649050 0.4499169677 0.5169690305 0.5780628750 0.6277691678 0.6616667557 0.6766294556 
0.4700000000 0.4855096639 0.5206463837 0.5721696982 0.6354968381 0.7050000000 0.7745031619 0.8378303018 0.8893536163 0.9244903361 0.9400000000 
16 18 2 32 
0 0 0 0 
0.6766294556 0.6970182361 0.7432084613 0.8109402676 0.8941892126 0.9855570670 1.0769249213 1.1601738664 1.2279056726 1.2740958979 1.2944846783 
0.4700000000 0.4855096639 0.5206463837 0.5721696982 0.6354968381 0.7050000000 0.7745031619 0.8378303018 0.8893536163 0.9244903361 0.9400000000 
17 19 3 33 
0 0 0 0 
1.2944846783 1.3194543221 1.3760223682 1.4589718648 1.5609248242 1.6728208144 1.7847168047 1.8866697641 1.9696192607 2.0261873068 2.0511569506 
0.4700000000 0.4855096639 0.5206463837 0.5721696982 0.6354968381 0.7050000000 0.7745031619 0.8378303018 0.8893536163 0.9244903361 0.9400000000 
18 20 4 34 
0 0 0 0 
2.0511569506 2.0801998492 2.1459957427 2.2424766473 2.3610610166 2.4912104062 2.6213597958 2.7399441651 2.8364250697 2.9022209632 2.9312638618 
0.4700000000 0.4855096639 0.5206463837 0.5721696982 0.6354968381 0.7050000000 0.7745031619 0.8378303018 0.8893536163 0.9244903361 0.9400000000 
19 21 5 35 
0 0 0 0 
2.9312638618 2.9640281878 3.0382548735 3.1470984105 3.2808776515 3.4277038030 3.5745299544 3.7083091954 3.8171527324 3.8913794181 3.9241437441 
0.4700000000 0.4855096639 0.5206463837 0.5721696982 0.6354968381 0.7050000000 0.7745031619 0.8378303018 0.8893536163 0.9244903361 0.9400000000 
20 22 6 36 
0 0 0 0 
3.9241437441 3.9603657523 4.0424257225 4.1627557269 4.3106529481 4.4729739451 4.6352949421 4.7831921632 4.9035221676 4.9855821378 5.0218041460 
0.4700000000 0.4855096639 0.5206463837 0.5721696982 0.6354968381 0.7050000000 0.7745031619 0.8378303018 0.8893536163 0.9244903361 0.9400000000 
21 23 7 37 
0 0 0 0 
5.0218041460 5.0612759434 5.1506982222 5.2818240703 5.4429904282 5.6198746435 5.7967588588 5.9579252167 6.0890510648 6.1784733436 6.2179451410 
0.4700000000 0.4855096639 0.5206463837 0.5721696982 0.6354968381 0.7050000000 0.7745031619 0.8378303018 0.8893536163 0.9244903361 0.9400000000 
22 24 8 38 
0 0 0 0 
6.2179451410 6.2604970083 6.3568971015 6.4982549840 6.6719975025 6.8626843769 7.0533712512 7.2271137697 7.3684716522 7.4648717454 7.5074236127 
0.4700000000 0.4855096639 0.5206463837 0.5721696982 0.6354968381 0.7050000000 0.7745031619 0.8378303018 0.8893536163 0.9244903361 0.9400000000 
23 25 9 39 
0 0 0 0 
7.5074236127 7.5529133506 7.6559691091 7.8070866374 7.9928247051 8.1966770026 8.4005293001 8.5862673678 8.7373848961 8.8404406546 8.8859303924 
0.4700000000 0.4855096639 0.5206463837 0.5721696982 0.6354968381 0.7050000000 0.7745031619 0.8378303018 0.8893536163 0.9244903361 0.9400000000 
24 26 10 40 
0 0 0 0 
8.8859303924 8.9342364492 9.0436725015 9.2041458798 9.4013831927 9.6178562070 9.8343292213 10.0315665341 10.1920399125 10.3014759647 10.3497820216 
0.4700000000 0.4855096639 0.5206463837 0.5721696982 0.6354968381 0.7050000000 0.7745031619 0.8378303018 0.8893536163 0.9244903361 0.9400000000 
25 27 11 41 
0 0 0 0 
10.3497820216 10.4007988282 10.5163760101 10.6858545362 10.8941600471 11.1227806930 11.3514013389 11.5597068499 11.7291853760 11.8447625579 11.8957793645 
0.4700000000 0.4855096639 0.5206463837 0.5721696982 0.6354968381 0.7050000000 0.7745031619 0.8378303018 0.8893536163 0.9244903361 0.9400000000 
26 28 12 42 
0 0 0 0 
11.8957793645 11.9494140356 12.0709219179 12.2490970254 12.4680914765 12.7084435086 12.9487955407 13.1677899918 13.3459650993 13.4674729816 13.5211076527 
0.4700000000 0.4855096639 0.5206463837 0.5721696982 0.6354968381 0.7050000000 0.7745031619 0.8378303018 0.8893536163 0.9244903361 0.9400000000 
27 29 13 43 
0 0 0 0 
13.5211076527 13.5772775774 13.7045290078 13.8911262626 14.1204723479 14.3721855643 14.6238987806 14.8532448659 15.0398421207 15.1670935511 15.2232634759 
0.4700000000 0.4855096639 0.5206463837 0.5721696982 0.6354968381 0.7050000000 0.7745031619 0.8378303018 0.8893536163 0.9244903361 0.9400000000 
28 30 14 44 
0 0 0 0 
15.2232634759 15.2818945104 15.4147215178 15.6094946128 15.8488895970 16.1116317379 16.3743738788 16.6137688630 16.8085419581 16.9413689654 17.0000000000 
0.4700000000 0.4855096639 0.5206463837 0.5721696982 0.6354968381 0.7050000000 0.7745031619 0.8378303018 0.8893536163 0.9244903361 0.9400000000 
29 0 15 45 
0 4 0 0 
0.0000000000 0.0073655882 0.0240521271 0.0485207113 0.0785949695 0.1116022399 0.1446095103 0.1746837685 0.1991523528 0.2158388916 0.2232044798 
0.9400000000 0.9564996424 0.9938791316 1.0486911683 1.1160604661 1.1900000000 1.2639395339 1.3313088317 1.3861208684 1.4235003576 1.4400000000 
66 32 16 46 
0 0 0 0 
0.2232044798 0.2381671797 0.2720647677 0.3217710605 0.3828649050 0.4499169677 0.5169690305 0.5780628750 0.6277691678 0.6616667557 0.6766294556 
0.9400000000 0.9564996424 0.9938791316 1.0486911683 1.1160604661 1.1900000000 1.2639395339 1.3313088317 1.3861208684 1.4235003576 1.4400000000 
31 33 17 47 
0 0 0 0 
0.6766294556 0.6970182361 0.7432084613 0.8109402676 0.8941892126 0.9855570670 1.0769249213 1.1601738664 1.2279056726 1.2740958979 1.2944846783 
0.9400000000 0.9564996424 0.9938791316 1.0486911683 1.1160604661 1.1900000000 1.2639395339 1.3313088317 1.3861208684 1.4235003576 1.4400000000 
32 34 18 48 
0 0 0 0 
1.2944846783 1.3194543221 1.3760223682 1.4589718648 1.5609248242 1.6728208144 1.7847168047 1.8866697641 1.9696192607 2.0261873068 2.0511569506 
0.9400000000 0.9564996424 0.9938791316 1.0486911683 1.1160604661 1.1900000000 1.2639395339 1.3313088317 1.3861208684 1.4235003576 1.4400000000 
33 35 19 49 
0 0 0 0 
2.0511569506 2.0801998492 2.1459957427 2.2424766473 2.3610610166 2.4912104062 2.6213597958 2.7399441651 2.8364250697 2.9022209632 2.9312638618 
0.9400000000 0.9564996424 0.9938791316 1.0486911683 1.1160604661 1.1900000000 1.2639395339 1.3313088317 1.3861208684 1.4235003576 1.4400000000 
34 36 20 50 
0 0 0 0 
2.9312638618 2.9640281878 3.0382548735 3.1470984105 3.2808776515 3.4277038030 3.5745299544 3.7083091954 3.8171527324 3.8913794181 3.9241437441 
0.9400000000 0.9564996424 0.9938791316 1.0486911683 1.1160604661 1.1900000000 1.2639395339 1.3313088317 1.3861208684 1.4235003576 1.4400000000 
35 37 21 51 
0 0 0 0 
3.9241437441 3.9603657523 4.0424257225 4.1627557269 4.3106529481 4.4729739451 4.6352949421 4.7831921632 4.9035221676 4.9855821378 5.0218041460 
0.9400000000 0.9564996424 0.9938791316 1.0486911683 1.1160604661 1.1900000000 1.2639395339 1.3313088317 1.3861208684 1.4235003576 1.4400000000 
36 38 22 52 
0 0 0 0 
5.0218041460 5.0612759434 5.1506982222 5.2818240703 5.4429904282 5.6198746435 5.7967588588 5.9579252167 6.0890510648 6.1784733436 6.2179451410 
0.9400000000 0.9564996424 0.9938791316 1.0486911683 1.1160604661 1.1900000000 1.2639395339 1.3313088317 1.3861208684 1.4235003576 1.4400000000 
37 39 23 53 
0 0 0 0 
6.2179451410 6.2604970083 6.3568971015 6.4982549840 6.6719975025 6.8626843769 7.0533712512 7.2271137697 7.3684716522 7.4648717454 7.5074236127 
0.9400000000 0.9564996424 0.9938791316 1.0486911683 1.1160604661 1.1900000000 1.2639395339 1.3313088317 1.3861208684 1.4235003576 1.4400000000 
38 40 24 54 
0 0 0 0 
7.5074236127 7.5529133506 7.6559691091 7.8070866374 7.9928247051 8.1966770026 8.4005293001 8.5862673678 8.7373848961 8.8404406546 8.8859303924 
0.9400000000 0.9564996424 0.9938791316 1.0486911683 1.1160604661 1.1900000000 1.2639395339 1.3313088317 1.3861208684 1.4235003576 1.4400000000 
39 41 25 55 
0 0 0 0 
8.8859303924 8.9342364492 9.0436725015 9.2041458798 9.4013831927 9.6178562070 9.8343292213 10.0315665341 10.1920399125 10.3014759647 10.3497820216 
0.9400000000 0.9564996424 0.9938791316 1.0486911683 1.1160604661 1.1900000000 1.2639395339 1.3313088317 1.3861208684 1.4235003576 1.4400000000 
40 42 26 56 
0 0 0 0 
10.3497820216 10.4007988282 10.5163760101 10.6858545362 10.8941600471 11.1227806930 11.3514013389 11.5597068499 11.7291853760 11.8447625579 11.8957793645 
0.9400000000 0.9564996424 0.9938791316 1.0486911683 1.1160604661 1.1900000000 1.2639395339 1.3313088317 1.3861208684 1.4235003576 1.4400000000 
41 43 27 57 
0 0 0 0 
11.8957793645 11.9494140356 12.0709219179 12.2490970254 12.4680914765 12.7084435086 12.9487955407 13.1677899918 13.3459650993 13.4674729816 13.5211076527 
0.9400000000 0.9564996424 0.9938791316 1.0486911683 1.1160604661 1.1900000000 1.2639395339 1.3313088317 1.3861208684 1.4235003576 1.4400000000 
42 44 28 58 
0 0 0 0 
13.5211076527 13.5772775774 13.7045290078 13.8911262626 14.1204723479 14.3721855643 14.6238987806 14.8532448659 15.0398421207 15.1670935511 15.2232634759 
0.9400000000 0.9564996424 0.9938791316 1.0486911683 1.1160604661 1.1900000000 1.2639395339 1.3313088317 1.3861208684 1.4235003576 1.4400000000 
43 45 29 59 
0 0 0 0 
15.2232634759 15.2818945104 15.4147215178 15.6094946128 15.8488895970 16.1116317379 16.3743738788 16.6137688630 16.8085419581 16.9413689654 17.0000000000 
0.9400000000 0.9564996424 0.9938791316 1.0486911683 1.1160604661 1.1900000000 1.2639395339 1.3313088317 1.3861208684 1.4235003576 1.4400000000 
44 0 30 60 
0 4 0 0 
0.0000000000 0.0073655882 0.0240521271 0.0485207113 0.0785949695 0.1116022399 0.1446095103 0.1746837685 0.1991523528 0.2158388916 0.2232044798 
1.4400000000 1.4564996424 1.4938791316 1.5486911683 1.6160604661 1.6900000000 1.7639395339 1.8313088317 1.8861208684 1.9235003576 1.9400000000 
72 47 31 0 
0 0 0 1 
0.2232044798 0.2381671797 0.2720647677 0.3217710605 0.3828649050 0.4499169677 0.5169690305 0.5780628750 0.6277691678 0.6616667557 0.6766294556 
1.4400000000 1.4564996424 1.4938791316 1.5486911683 1.6160604661 1.6900000000 1.7639395339 1.8313088317 1.8861208684 1.9235003576 1.9400000000 
46 48 32 0 
0 0 0 1 
0.6766294556 0.6970182361 0.7432084613 0.8109402676 0.8941892126 0.9855570670 1.0769249213 1.1601738664 1.2279056726 1.2740958979 1.2944846783 
1.4400000000 1.4564996424 1.4938791316 1.5486911683 1.6160604661 1.6900000000 1.7639395339 1.8313088317 1.8861208684 1.9235003576 1.9400000000 
47 49 33 0 
0 0 0 1 
1.2944846783 1.3194543221 1.3760223682 1.4589718648 1.5609248242 1.6728208144 1.7847168047 1.8866697641 1.9696192607 2.0261873068 2.0511569506 
1.4400000000 1.4564996424 1.4938791316 1.5486911683 1.6160604661 1.6900000000 1.7639395339 1.8313088317 1.8861208684 1.9235003576 1.9400000000 
48 50 34 0 
0 0 0 1 
2.0511569506 2.0801998492 2.1459957427 2.2424766473 2.3610610166 2.4912104062 2.6213597958 2.7399441651 2.8364250697 2.9022209632 2.9312638618 
1.4400000000 1.4564996424 1.4938791316 1.5486911683 1.6160604661 1.6900000000 1.7639395339 1.8313088317 1.8861208684 1.9235003576 1.9400000000 
49 51 35 0 
0 0 0 1 
2.9312638618 2.9640281878 3.0382548735 3.1470984105 3.2808776515 3.4277038030 3.5745299544 3.7083091954 3.8171527324 3.8913794181 3.9241437441 
1.4400000000 1.4564996424 1.4938791316 1.5486911683 1.6160604661 1.6900000000 1.7639395339 1.8313088317 1.8861208684 1.9235003576 1.9400000000 
50 52 36 0 
0 0 0 1 
3.9241437441 3.9603657523 4.0424257225 4.1627557269 4.3106529481 4.4729739451 4.6352949421 4.7831921632 4.9035221676 4.9855821378 5.0218041460 
1.4400000000 1.4564996424 1.4938791316 1.5486911683 1.6160604661 1.6900000000 1.7639395339 1.8313088317 1.8861208684 1.9235003576 1.9400000000 
51 53 37 0 
0 0 0 1 
5.0218041460 5.0612759434 5.1506982222 5.2818240703 5.4429904282 5.6198746435 5.7967588588 5.9579252167 6.0890510648 6.1784733436 6.2179451410 
1.4400000000 1.4564996424 1.4938791316 1.5486911683 1.6160604661 1.6900000000 1.7639395339 1.8313088317 1.8861208684 1.9235003576 1.9400000000 
52 54 38 0 
0 0 0 1 
6.2179451410 6.2604970083 6.3568971015 6.4982549840 6.6719975025 6.8626843769 7.0533712512 7.2271137697 7.3684716522 7.4648717454 7.5074236127 
1.4400000000 1.4564996424 1.4938791316 1.5486911683 1.6160604661 1.6900000000 1.7639395339 1.8313088317 1.8861208684 1.9235003576 1.9400000000 
53 55 39 0 
0 0 0 1 
7.5074236127 7.5529133506 7.6559691091 7.8070866374 7.9928247051 8.1966770026 8.4005293001 8.5862673678 8.7373848961 8.8404406546 8.8859303924 
1.4400000000 1.4564996424 1.4938791316 1.5486911683 1.6160604661 1.6900000000 1.7639395339 1.8313088317 1.8861208684 1.9235003576 1.9400000000 
54 56 40 0 
0 0 0 1 
8.8859303924 8.9342364492 9.0436725015 9.2041458798 9.4013831927 9.6178562070 9.8343292213 10.0315665341 10.1920399125 10.3014759647 10.3497820216 
1.4400000000 1.4564996424 1.4938791316 1.5486911683 1.6160604661 1.6900000000 1.7639395339 1.8313088317 1.8861208684 1.9235003576 1.9400000000 
55 57 41 0 
0 0 0 1 
10.3497820216 10.4007988282 10.5163760101 10.6858545362 10.8941600471 11.1227806930 11.3514013389 11.5597068499 11.7291853760 11.8447625579 11.8957793645 
1.4400000000 1.4564996424 1.4938791316 1.5486911683 1.6160604661 1.6900000000 1.7639395339 1.8313088317 1.8861208684 1.9235003576 1.9400000000 
56 58 42 0 
0 0 0 1 
11.8957793645 11.9494140356 12.0709219179 12.2490970254 12.4680914765 12.7084435086 12.9487955407 13.1677899918 13.3459650993 13.4674729816 13.5211076527 
1.4400000000 1.4564996424 1.4938791316 1.5486911683 1.6160604661 1.6900000000 1.7639395339 1.8313088317 1.8861208684 1.9235003576 1.9400000000 
57 59 43 0 
0 0 0 1 
13.5211076527 13.5772775774 13.7045290078 13.8911262626 14.1204723479 14.3721855643 14.6238987806 14.8532448659 15.0398421207 15.1670935511 15.2232634759 
1.4400000000 1.4564996424 1.4938791316 1.5486911683 1.6160604661 1.6900000000 1.7639395339 1.8313088317 1.8861208684 1.9235003576 1.9400000000 
58 60 44 0 
0 0 0 1 
15.2232634759 15.2818945104 15.4147215178 15.6094946128 15.8488895970 16.1116317379 16.3743738788 16.6137688630 16.8085419581 16.9413689654 17.0000000000 
1.4400000000 1.4564996424 1.4938791316 1.5486911683 1.6160604661 1.6900000000 1.7639395339 1.8313088317 1.8861208684 1.9235003576 1.9400000000 
59 0 45 0 
0 4 0 1 
-2.0000000000 -1.9842082434 -1.9484324500 -1.8959720195 -1.8314930732 -1.7607257743 -1.6899584754 -1.6254795291 -1.5730190986 -1.5372433053 -1.5214515486 
0.9400000000 0.9564996424 0.9938791316 1.0486911683 1.1160604661 1.1900000000 1.2639395339 1.3313088317 1.3861208684 1.4235003576 1.4400000000 
0 62 0 67 
3 0 1 0 
-1.5214515486 -1.5071698066 -1.4748149102 -1.4273707688 -1.3690573273 -1.3050568283 -1.2410563292 -1.1827428877 -1.1352987464 -1.1029438499 -1.0886621079 
0.9400000000 0.9564996424 0.9938791316 1.0486911683 1.1160604661 1.1900000000 1.2639395339 1.3313088317 1.3861208684 1.4235003576 1.4400000000 
61 63 0 68 
0 0 1 0 
-1.0886621079 -1.0760710550 -1.0475463686 -1.0057187195 -0.9543084906 -0.8978844445 -0.8414603985 -0.7900501696 -0.7482225205 -0.7196978341 -0.7071067812 
0.9400000000 0.9564996424 0.9938791316 1.0486911683 1.1160604661 1.1900000000 1.2639395339 1.3313088317 1.3861208684 1.4235003576 1.4400000000 
62 64 0 69 
0 0 1 0 
-0.7071067812 -0.6964741938 -0.6723863574 -0.6370647573 -0.5936510922 -0.5460034803 -0.4983558684 -0.4549422034 -0.4196206032 -0.3955327669 -0.3849001795 
0.9400000000 0.9564996424 0.9938791316 1.0486911683 1.1160604661 1.1900000000 1.2639395339 1.3313088317 1.3861208684 1.4235003576 1.4400000000 
63 65 0 70 
0 0 1 0 
-0.3849001795 -0.3766893827 -0.3580880469 -0.3308116682 -0.2972863590 -0.2604914715 -0.2236965839 -0.1901712747 -0.1628948961 -0.1442935603 -0.1360827635 
0.9400000000 0.9564996424 0.9938791316 1.0486911683 1.1160604661 1.1900000000 1.2639395339 1.3313088317 1.3861208684 1.4235003576 1.4400000000 
64 66 0 71 
0 0 1 0 
-0.1360827635 -0.1315921296 -0.1214187212 -0.1065007744 -0.0881651740 -0.0680413817 -0.0479175895 -0.0295819891 -0.0146640422 -0.0044906339 0.0000000000 
0.9400000000 0.9564996424 0.9938791316 1.0486911683 1.1160604661 1.1900000000 1.2639395339 1.3313088317 1.3861208684 1.4235003576 1.4400000000 
65 31 0 72 
0 0 1 0 
-2.0000000000 -1.9842082434 -1.9484324500 -1.8959720195 -1.8314930732 -1.7607257743 -1.6899584754 -1.6254795291 -1.5730190986 -1.5372433053 -1.5214515486 
1.4400000000 1.4564996424 1.4938791316 1.5486911683 1.6160604661 1.6900000000 1.7639395339 1.8313088317 1.8861208684 1.9235003576 1.9400000000 
0 68 61 0 
3 0 0 1 
-1.5214515486 -1.5071698066 -1.4748149102 -1.4273707688 -1.3690573273 -1.3050568283 -1.2410563292 -1.1827428877 -1.1352987464 -1.1029438499 -1.0886621079 
1.4400000000 1.4564996424 1.4938791316 1.5486911683 1.6160604661 1.6900000000 1.7639395339 1.8313088317 1.8861208684 1.9235003576 1.9400000000 
67 69 62 0 
0 0 0 1 
-1.0886621079 -1.0760710550 -1.0475463686 -1.0057187195 -0.9543084906 -0.8978844445 -0.8414603985 -0.7900501696 -0.7482225205 -0.7196978341 -0.7071067812 
1.4400000000 1.4564996424 1.4938791316 1.5486911683 1.6160604661 1.6900000000 1.7639395339 1.8313088317 1.8861208684 1.9235003576 1.9400000000 
68 70 63 0 
0 0 0 1 
-0.7071067812 -0.6964741938 -0.6723863574 -0.6370647573 -0.5936510922 -0.5460034803 -0.4983558684 -0.4549422034 -0.4196206032 -0.3955327669 -0.3849001795 
1.4400000000 1.4564996424 1.4938791316 1.5486911683 1.6160604661 1.6900000000 1.7639395339 1.8313088317 1.8861208684 1.9235003576 1.9400000000 
69 71 64 0 
0 0 0 1 
-0.3849001795 -0.3766893827 -0.3580880469 -0.3308116682 -0.2972863590 -0.2604914715 -0.2236965839 -0.1901712747 -0.1628948961 -0.1442935603 -0.1360827635 
1.4400000000 1.4564996424 1.4938791316 1.5486911683 1.6160604661 1.6900000000 1.7639395339 1.8313088317 1.8861208684 1.9235003576 1.9400000000 
70 72 65 0 
0 0 0 1 
-0.1360827635 -0.1315921296 -0.1214187212 -0.1065007744 -0.0881651740 -0.0680413817 -0.0479175895 -0.0295819891 -0.0146640422 -0.0044906339 0.0000000000 
1.4400000000 1.4564996424 1.4938791316 1.5486911683 1.6160604661 1.6900000000 1.7639395339 1.8313088317 1.8861208684 1.9235003576 1.9400000000 
71 46 66 0 
0 0 0 1 
