24 11
0.5000000000 0.5000000000 0.5000000000 0.5000000000 0.5000000000 0.5000000000 0.5000000000 0.5000000000 0.5000000000 0.5000000000 0.5000000000 0.5000000000 0.5000000000 0.5000000000 0.5000000000 0.5000000000 0.5000000000 0.5000000000 0.5000000000 0.5000000000 0.5000000000 0.5000000000 0.5000000000 0.5000000000
1.0000000000 1.0000000000 1.0000000000 1.0000000000 1.0000000000 1.0000000000 1.0000000000 1.0000000000 1.0000000000 1.0000000000 1.0000000000 1.0000000000 1.0000000000 1.0000000000 1.0000000000 1.0000000000 1.0000000000 1.0000000000 1.0000000000 1.0000000000 1.0000000000 1.0000000000 1.0000000000 1.0000000000
0.0000000000 0.0329992848 0.1077582632 0.2173823365 0.3521209322 0.5000000000 0.6478790678 0.7826176635 0.8922417368 0.9670007152 1.0000000000 
0.0000000000 0.0164996424 0.0538791316 0.1086911683 0.1760604661 0.2500000000 0.3239395339 0.3913088317 0.4461208684 0.4835003576 0.5000000000 
0 2 0 13 
3 0 1 0 
1.0000000000 1.0329992848 1.1077582632 1.2173823365 1.3521209322 1.5000000000 1.6478790678 1.7826176635 1.8922417368 1.9670007152 2.0000000000 
0.0000000000 0.0164996424 0.0538791316 0.1086911683 0.1760604661 0.2500000000 0.3239395339 0.3913088317 0.4461208684 0.4835003576 0.5000000000 
1 3 0 14 
0 0 1 0 
2.0000000000 2.0329992848 2.1077582632 2.2173823365 2.3521209322 2.5000000000 2.6478790678 2.7826176635 2.8922417368 2.9670007152 3.0000000000 
0.0000000000 0.0164996424 0.0538791316 0.1086911683 0.1760604661 0.2500000000 0.3239395339 0.3913088317 0.4461208684 0.4835003576 0.5000000000 
2 4 0 15 
0 0 1 0 
3.0000000000 3.0329992848 3.1077582632 3.2173823365 3.3521209322 3.5000000000 3.6478790678 3.7826176635 3.8922417368 3.9670007152 4.0000000000 
0.0000000000 0.0164996424 0.0538791316 0.1086911683 0.1760604661 0.2500000000 0.3239395339 0.3913088317 0.4461208684 0.4835003576 0.5000000000 
3 5 0 16 
0 0 1 0 
4.0000000000 4.0329992848 4.1077582632 4.2173823365 4.3521209322 4.5000000000 4.6478790678 4.7826176635 4.8922417368 4.9670007152 5.0000000000 
0.0000000000 0.0164996424 0.0538791316 0.1086911683 0.1760604661 0.2500000000 0.3239395339 0.3913088317 0.4461208684 0.4835003576 0.5000000000 
4 6 0 17 
0 0 1 0 
5.0000000000 5.0329992848 5.1077582632 5.2173823365 5.3521209322 5.5000000000 5.6478790678 5.7826176635 5.8922417368 5.9670007152 6.0000000000 
0.0000000000 0.0164996424 0.0538791316 0.1086911683 0.1760604661 0.2500000000 0.3239395339 0.3913088317 0.4461208684 0.4835003576 0.5000000000 
5 7 0 18 
0 0 1 0 
6.0000000000 6.0329992848 6.1077582632 6.2173823365 6.3521209322 6.5000000000 6.6478790678 6.7826176635 6.8922417368 6.9670007152 7.0000000000 
0.0000000000 0.0164996424 0.0538791316 0.1086911683 0.1760604661 0.2500000000 0.3239395339 0.3913088317 0.4461208684 0.4835003576 0.5000000000 
6 8 0 19 
0 0 1 0 
7.0000000000 7.0329992848 7.1077582632 7.2173823365 7.3521209322 7.5000000000 7.6478790678 7.7826176635 7.8922417368 7.9670007152 8.0000000000 
0.0000000000 0.0164996424 0.0538791316 0.1086911683 0.1760604661 0.2500000000 0.3239395339 0.3913088317 0.4461208684 0.4835003576 0.5000000000 
7 9 0 20 
0 0 1 0 
8.0000000000 8.0329992848 8.1077582632 8.2173823365 8.3521209322 8.5000000000 8.6478790678 8.7826176635 8.8922417368 8.9670007152 9.0000000000 
0.0000000000 0.0164996424 0.0538791316 0.1086911683 0.1760604661 0.2500000000 0.3239395339 0.3913088317 0.4461208684 0.4835003576 0.5000000000 
8 10 0 21 
0 0 1 0 
9.0000000000 9.0329992848 9.1077582632 9.2173823365 9.3521209322 9.5000000000 9.6478790678 9.7826176635 9.8922417368 9.9670007152 10.0000000000 
0.0000000000 0.0164996424 0.0538791316 0.1086911683 0.1760604661 0.2500000000 0.3239395339 0.3913088317 0.4461208684 0.4835003576 0.5000000000 
9 11 0 22 
0 0 1 0 
10.0000000000 10.0329992848 10.1077582632 10.2173823365 10.3521209322 10.5000000000 10.6478790678 10.7826176635 10.8922417368 10.9670007152 11.0000000000 
0.0000000000 0.0164996424 0.0538791316 0.1086911683 0.1760604661 0.2500000000 0.3239395339 0.3913088317 0.4461208684 0.4835003576 0.5000000000 
10 12 0 23 
0 0 1 0 
11.0000000000 11.0329992848 11.1077582632 11.2173823365 11.3521209322 11.5000000000 11.6478790678 11.7826176635 11.8922417368 11.9670007152 12.0000000000 
0.0000000000 0.0164996424 0.0538791316 0.1086911683 0.1760604661 0.2500000000 0.3239395339 0.3913088317 0.4461208684 0.4835003576 0.5000000000 
11 0 0 24 
0 4 1 0 
0.0000000000 0.0329992848 0.1077582632 0.2173823365 0.3521209322 0.5000000000 0.6478790678 0.7826176635 0.8922417368 0.9670007152 1.0000000000 
0.5000000000 0.5164996424 0.5538791316 0.6086911683 0.6760604661 0.7500000000 0.8239395339 0.8913088317 0.9461208684 0.9835003576 1.0000000000 
0 14 1 0 
3 0 0 1 
1.0000000000 1.0329992848 1.1077582632 1.2173823365 1.3521209322 1.5000000000 1.6478790678 1.7826176635 1.8922417368 1.9670007152 2.0000000000 
0.5000000000 0.5164996424 0.5538791316 0.6086911683 0.6760604661 0.7500000000 0.8239395339 0.8913088317 0.9461208684 0.9835003576 1.0000000000 
13 15 2 0 
0 0 0 1 
2.0000000000 2.0329992848 2.1077582632 2.2173823365 2.3521209322 2.5000000000 2.6478790678 2.7826176635 2.8922417368 2.9670007152 3.0000000000 
0.5000000000 0.5164996424 0.5538791316 0.6086911683 0.6760604661 0.7500000000 0.8239395339 0.8913088317 0.9461208684 0.9835003576 1.0000000000 
14 16 3 0 
0 0 0 1 
3.0000000000 3.0329992848 3.1077582632 3.2173823365 3.3521209322 3.5000000000 3.6478790678 3.7826176635 3.8922417368 3.9670007152 4.0000000000 
0.5000000000 0.5164996424 0.5538791316 0.6086911683 0.6760604661 0.7500000000 0.8239395339 0.8913088317 0.9461208684 0.9835003576 1.0000000000 
15 17 4 0 
0 0 0 1 
4.0000000000 4.0329992848 4.1077582632 4.2173823365 4.3521209322 4.5000000000 4.6478790678 4.7826176635 4.8922417368 4.9670007152 5.0000000000 
0.5000000000 0.5164996424 0.5538791316 0.6086911683 0.6760604661 0.7500000000 0.8239395339 0.8913088317 0.9461208684 0.9835003576 1.0000000000 
16 18 5 0 
0 0 0 1 
5.0000000000 5.0329992848 5.1077582632 5.2173823365 5.3521209322 5.5000000000 5.6478790678 5.7826176635 5.8922417368 5.9670007152 6.0000000000 
0.5000000000 0.5164996424 0.5538791316 0.6086911683 0.6760604661 0.7500000000 0.8239395339 0.8913088317 0.9461208684 0.9835003576 1.0000000000 
17 19 6 0 
0 0 0 1 
6.0000000000 6.0329992848 6.1077582632 6.2173823365 6.3521209322 6.5000000000 6.6478790678 6.7826176635 6.8922417368 6.9670007152 7.0000000000 
0.5000000000 0.5164996424 0.5538791316 0.6086911683 0.6760604661 0.7500000000 0.8239395339 0.8913088317 0.9461208684 0.9835003576 1.0000000000 
18 20 7 0 
0 0 0 1 
7.0000000000 7.0329992848 7.1077582632 7.2173823365 7.3521209322 7.5000000000 7.6478790678 7.7826176635 7.8922417368 7.9670007152 8.0000000000 
0.5000000000 0.5164996424 0.5538791316 0.6086911683 0.6760604661 0.7500000000 0.8239395339 0.8913088317 0.9461208684 0.9835003576 1.0000000000 
19 21 8 0 
0 0 0 1 
8.0000000000 8.0329992848 8.1077582632 8.2173823365 8.3521209322 8.5000000000 8.6478790678 8.7826176635 8.8922417368 8.9670007152 9.0000000000 
0.5000000000 0.5164996424 0.5538791316 0.6086911683 0.6760604661 0.7500000000 0.8239395339 0.8913088317 0.9461208684 0.9835003576 1.0000000000 
20 22 9 0 
0 0 0 1 
9.0000000000 9.0329992848 9.1077582632 9.2173823365 9.3521209322 9.5000000000 9.6478790678 9.7826176635 9.8922417368 9.9670007152 10.0000000000 
0.5000000000 0.5164996424 0.5538791316 0.6086911683 0.6760604661 0.7500000000 0.8239395339 0.8913088317 0.9461208684 0.9835003576 1.0000000000 
21 23 10 0 
0 0 0 1 
10.0000000000 10.0329992848 10.1077582632 10.2173823365 10.3521209322 10.5000000000 10.6478790678 10.7826176635 10.8922417368 10.9670007152 11.0000000000 
0.5000000000 0.5164996424 0.5538791316 0.6086911683 0.6760604661 0.7500000000 0.8239395339 0.8913088317 0.9461208684 0.9835003576 1.0000000000 
22 24 11 0 
0 0 0 1 
11.0000000000 11.0329992848 11.1077582632 11.2173823365 11.3521209322 11.5000000000 11.6478790678 11.7826176635 11.8922417368 11.9670007152 12.0000000000 
0.5000000000 0.5164996424 0.5538791316 0.6086911683 0.6760604661 0.7500000000 0.8239395339 0.8913088317 0.9461208684 0.9835003576 1.0000000000 
23 0 12 0 
0 4 0 1 
