44 8
0.2500000000 0.2500000000 0.2500000000 0.2500000000 0.2500000000 0.2500000000 0.2500000000 0.2500000000 0.2500000000 0.2500000000 0.2500000000 0.2500000000 0.2500000000 0.2500000000 0.2500000000 0.2500000000 0.2500000000 0.2500000000 0.2500000000 0.2500000000 0.2500000000 0.2500000000 0.2500000000 0.2500000000 0.2500000000 0.2500000000 0.2500000000 0.2500000000 0.2500000000 0.2500000000 0.2500000000 0.2500000000 0.2500000000 0.2500000000 0.2500000000 0.2500000000 0.2500000000 0.2500000000 0.2500000000 0.2500000000 0.2500000000 0.2500000000 0.2500000000 0.2500000000
1.0000000000 1.0000000000 1.0000000000 1.0000000000 1.0000000000 2.0000000000 2.0000000000 2.0000000000 2.0000000000 2.0000000000 2.0000000000 1.0000000000 1.0000000000 1.0000000000 1.0000000000 1.0000000000 2.0000000000 2.0000000000 2.0000000000 2.0000000000 2.0000000000 2.0000000000 1.0000000000 1.0000000000 1.0000000000 1.0000000000 1.0000000000 2.0000000000 2.0000000000 2.0000000000 2.0000000000 2.0000000000 2.0000000000 1.0000000000 1.0000000000 1.0000000000 1.0000000000 1.0000000000 2.0000000000 2.0000000000 2.0000000000 2.0000000000 2.0000000000 2.0000000000
0.0000000000 0.0641299257 0.2041499093 0.3953503910 0.6046496090 0.7958500907 0.9358700743 1.0000000000 
-0.5000000000 -0.4839675186 -0.4489625227 -0.4011624022 -0.3488375978 -0.3010374773 -0.2660324814 -0.2500000000 
0 2 0 12 
1 0 1 0 
1.0000000000 1.0641299257 1.2041499093 1.3953503910 1.6046496090 1.7958500907 1.9358700743 2.0000000000 
-0.5000000000 -0.4839675186 -0.4489625227 -0.4011624022 -0.3488375978 -0.3010374773 -0.2660324814 -0.2500000000 
1 3 0 13 
0 0 1 0 
2.0000000000 2.0641299257 2.2041499093 2.3953503910 2.6046496090 2.7958500907 2.9358700743 3.0000000000 
-0.5000000000 -0.4839675186 -0.4489625227 -0.4011624022 -0.3488375978 -0.3010374773 -0.2660324814 -0.2500000000 
2 4 0 14 
0 0 1 0 
3.0000000000 3.0641299257 3.2041499093 3.3953503910 3.6046496090 3.7958500907 3.9358700743 4.0000000000 
-0.5000000000 -0.4839675186 -0.4489625227 -0.4011624022 -0.3488375978 -0.3010374773 -0.2660324814 -0.2500000000 
3 5 0 15 
0 0 1 0 
4.0000000000 4.0641299257 4.2041499093 4.3953503910 4.6046496090 4.7958500907 4.9358700743 5.0000000000 
-0.5000000000 -0.4839675186 -0.4489625227 -0.4011624022 -0.3488375978 -0.3010374773 -0.2660324814 -0.2500000000 
4 6 0 16 
0 0 1 0 
5.0000000000 5.1282598515 5.4082998186 5.7907007821 6.2092992179 6.5917001814 6.8717401485 7.0000000000 
-0.5000000000 -0.4839675186 -0.4489625227 -0.4011624022 -0.3488375978 -0.3010374773 -0.2660324814 -0.2500000000 
5 7 0 17 
0 0 1 0 
7.0000000000 7.1282598515 7.4082998186 7.7907007821 8.2092992179 8.5917001814 8.8717401485 9.0000000000 
-0.5000000000 -0.4839675186 -0.4489625227 -0.4011624022 -0.3488375978 -0.3010374773 -0.2660324814 -0.2500000000 
6 8 0 18 
0 0 1 0 
9.0000000000 9.1282598515 9.4082998186 9.7907007821 10.2092992179 10.5917001814 10.8717401485 11.0000000000 
-0.5000000000 -0.4839675186 -0.4489625227 -0.4011624022 -0.3488375978 -0.3010374773 -0.2660324814 -0.2500000000 
7 9 0 19 
0 0 1 0 
11.0000000000 11.1282598515 11.4082998186 11.7907007821 12.2092992179 12.5917001814 12.8717401485 13.0000000000 
-0.5000000000 -0.4839675186 -0.4489625227 -0.4011624022 -0.3488375978 -0.3010374773 -0.2660324814 -0.2500000000 
8 10 0 20 
0 0 1 0 
13.0000000000 13.1282598515 13.4082998186 13.7907007821 14.2092992179 14.5917001814 14.8717401485 15.0000000000 
-0.5000000000 -0.4839675186 -0.4489625227 -0.4011624022 -0.3488375978 -0.3010374773 -0.2660324814 -0.2500000000 
9 11 0 21 
0 0 1 0 
15.0000000000 15.1282598515 15.4082998186 15.7907007821 16.2092992179 16.5917001814 16.8717401485 17.0000000000 
-0.5000000000 -0.4839675186 -0.4489625227 -0.4011624022 -0.3488375978 -0.3010374773 -0.2660324814 -0.2500000000 
10 0 0 22 
0 4 1 0 
0.0000000000 0.0641299257 0.2041499093 0.3953503910 0.6046496090 0.7958500907 0.9358700743 1.0000000000 
-0.2500000000 -0.2339675186 -0.1989625227 -0.1511624022 -0.0988375978 -0.0510374773 -0.0160324814 0.0000000000 
0 13 1 23 
1 0 0 0 
1.0000000000 1.0641299257 1.2041499093 1.3953503910 1.6046496090 1.7958500907 1.9358700743 2.0000000000 
-0.2500000000 -0.2339675186 -0.1989625227 -0.1511624022 -0.0988375978 -0.0510374773 -0.0160324814 0.0000000000 
12 14 2 24 
0 0 0 0 
2.0000000000 2.0641299257 2.2041499093 2.3953503910 2.6046496090 2.7958500907 2.9358700743 3.0000000000 
-0.2500000000 -0.2339675186 -0.1989625227 -0.1511624022 -0.0988375978 -0.0510374773 -0.0160324814 0.0000000000 
13 15 3 25 
0 0 0 0 
3.0000000000 3.0641299257 3.2041499093 3.3953503910 3.6046496090 3.7958500907 3.9358700743 4.0000000000 
-0.2500000000 -0.2339675186 -0.1989625227 -0.1511624022 -0.0988375978 -0.0510374773 -0.0160324814 0.0000000000 
14 16 4 26 
0 0 0 0 
4.0000000000 4.0641299257 4.2041499093 4.3953503910 4.6046496090 4.7958500907 4.9358700743 5.0000000000 
-0.2500000000 -0.2339675186 -0.1989625227 -0.1511624022 -0.0988375978 -0.0510374773 -0.0160324814 0.0000000000 
15 17 5 27 
0 0 0 0 
5.0000000000 5.1282598515 5.4082998186 5.7907007821 6.2092992179 6.5917001814 6.8717401485 7.0000000000 
-0.2500000000 -0.2339675186 -0.1989625227 -0.1511624022 -0.0988375978 -0.0510374773 -0.0160324814 0.0000000000 
16 18 6 28 
0 0 0 0 
7.0000000000 7.1282598515 7.4082998186 7.7907007821 8.2092992179 8.5917001814 8.8717401485 9.0000000000 
-0.2500000000 -0.2339675186 -0.1989625227 -0.1511624022 -0.0988375978 -0.0510374773 -0.0160324814 0.0000000000 
17 19 7 29 
0 0 0 0 
9.0000000000 9.1282598515 9.4082998186 9.7907007821 10.2092992179 10.5917001814 10.8717401485 11.0000000000 
-0.2500000000 -0.2339675186 -0.1989625227 -0.1511624022 -0.0988375978 -0.0510374773 -0.0160324814 0.0000000000 
18 20 8 30 
0 0 0 0 
11.0000000000 11.1282598515 11.4082998186 11.7907007821 12.2092992179 12.5917001814 12.8717401485 13.0000000000 
-0.2500000000 -0.2339675186 -0.1989625227 -0.1511624022 -0.0988375978 -0.0510374773 -0.0160324814 0.0000000000 
19 21 9 31 
0 0 0 0 
13.0000000000 13.1282598515 13.4082998186 13.7907007821 14.2092992179 14.5917001814 14.8717401485 15.0000000000 
-0.2500000000 -0.2339675186 -0.1989625227 -0.1511624022 -0.0988375978 -0.0510374773 -0.0160324814 0.0000000000 
20 22 10 32 
0 0 0 0 
15.0000000000 15.1282598515 15.4082998186 15.7907007821 16.2092992179 16.5917001814 16.8717401485 17.0000000000 
-0.2500000000 -0.2339675186 -0.1989625227 -0.1511624022 -0.0988375978 -0.0510374773 -0.0160324814 0.0000000000 
21 0 11 33 
0 4 0 0 
0.0000000000 0.0641299257 0.2041499093 0.3953503910 0.6046496090 0.7958500907 0.9358700743 1.0000000000 
0.0000000000 0.0160324814 0.0510374773 0.0988375978 0.1511624022 0.1989625227 0.2339675186 0.2500000000 
0 24 12 34 
3 0 0 0 
1.0000000000 1.0641299257 1.2041499093 1.3953503910 1.6046496090 1.7958500907 1.9358700743 2.0000000000 
0.0000000000 0.0160324814 0.0510374773 0.0988375978 0.1511624022 0.1989625227 0.2339675186 0.2500000000 
23 25 13 35 
0 0 0 0 
2.0000000000 2.0641299257 2.2041499093 2.3953503910 2.6046496090 2.7958500907 2.9358700743 3.0000000000 
0.0000000000 0.0160324814 0.0510374773 0.0988375978 0.1511624022 0.1989625227 0.2339675186 0.2500000000 
24 26 14 36 
0 0 0 0 
3.0000000000 3.0641299257 3.2041499093 3.3953503910 3.6046496090 3.7958500907 3.9358700743 4.0000000000 
0.0000000000 0.0160324814 0.0510374773 0.0988375978 0.1511624022 0.1989625227 0.2339675186 0.2500000000 
25 27 15 37 
0 0 0 0 
4.0000000000 4.0641299257 4.2041499093 4.3953503910 4.6046496090 4.7958500907 4.9358700743 5.0000000000 
0.0000000000 0.0160324814 0.0510374773 0.0988375978 0.1511624022 0.1989625227 0.2339675186 0.2500000000 
26 28 16 38 
0 0 0 0 
5.0000000000 5.1282598515 5.4082998186 5.7907007821 6.2092992179 6.5917001814 6.8717401485 7.0000000000 
0.0000000000 0.0160324814 0.0510374773 0.0988375978 0.1511624022 0.1989625227 0.2339675186 0.2500000000 
27 29 17 39 
0 0 0 0 
7.0000000000 7.1282598515 7.4082998186 7.7907007821 8.2092992179 8.5917001814 8.8717401485 9.0000000000 
0.0000000000 0.0160324814 0.0510374773 0.0988375978 0.1511624022 0.1989625227 0.2339675186 0.2500000000 
28 30 18 40 
0 0 0 0 
9.0000000000 9.1282598515 9.4082998186 9.7907007821 10.2092992179 10.5917001814 10.8717401485 11.0000000000 
0.0000000000 0.0160324814 0.0510374773 0.0988375978 0.1511624022 0.1989625227 0.2339675186 0.2500000000 
29 31 19 41 
0 0 0 0 
11.0000000000 11.1282598515 11.4082998186 11.7907007821 12.2092992179 12.5917001814 12.8717401485 13.0000000000 
0.0000000000 0.0160324814 0.0510374773 0.0988375978 0.1511624022 0.1989625227 0.2339675186 0.2500000000 
30 32 20 42 
0 0 0 0 
13.0000000000 13.1282598515 13.4082998186 13.7907007821 14.2092992179 14.5917001814 14.8717401485 15.0000000000 
0.0000000000 0.0160324814 0.0510374773 0.0988375978 0.1511624022 0.1989625227 0.2339675186 0.2500000000 
31 33 21 43 
0 0 0 0 
15.0000000000 15.1282598515 15.4082998186 15.7907007821 16.2092992179 16.5917001814 16.8717401485 17.0000000000 
0.0000000000 0.0160324814 0.0510374773 0.0988375978 0.1511624022 0.1989625227 0.2339675186 0.2500000000 
32 0 22 44 
0 4 0 0 
0.0000000000 0.0641299257 0.2041499093 0.3953503910 0.6046496090 0.7958500907 0.9358700743 1.0000000000 
0.2500000000 0.2660324814 0.3010374773 0.3488375978 0.4011624022 0.4489625227 0.4839675186 0.5000000000 
0 35 23 0 
3 0 0 1 
1.0000000000 1.0641299257 1.2041499093 1.3953503910 1.6046496090 1.7958500907 1.9358700743 2.0000000000 
0.2500000000 0.2660324814 0.3010374773 0.3488375978 0.4011624022 0.4489625227 0.4839675186 0.5000000000 
34 36 24 0 
0 0 0 1 
2.0000000000 2.0641299257 2.2041499093 2.3953503910 2.6046496090 2.7958500907 2.9358700743 3.0000000000 
0.2500000000 0.2660324814 0.3010374773 0.3488375978 0.4011624022 0.4489625227 0.4839675186 0.5000000000 
35 37 25 0 
0 0 0 1 
3.0000000000 3.0641299257 3.2041499093 3.3953503910 3.6046496090 3.7958500907 3.9358700743 4.0000000000 
0.2500000000 0.2660324814 0.3010374773 0.3488375978 0.4011624022 0.4489625227 0.4839675186 0.5000000000 
36 38 26 0 
0 0 0 1 
4.0000000000 4.0641299257 4.2041499093 4.3953503910 4.6046496090 4.7958500907 4.9358700743 5.0000000000 
0.2500000000 0.2660324814 0.3010374773 0.3488375978 0.4011624022 0.4489625227 0.4839675186 0.5000000000 
37 39 27 0 
0 0 0 1 
5.0000000000 5.1282598515 5.4082998186 5.7907007821 6.2092992179 6.5917001814 6.8717401485 7.0000000000 
0.2500000000 0.2660324814 0.3010374773 0.3488375978 0.4011624022 0.4489625227 0.4839675186 0.5000000000 
38 40 28 0 
0 0 0 1 
7.0000000000 7.1282598515 7.4082998186 7.7907007821 8.2092992179 8.5917001814 8.8717401485 9.0000000000 
0.2500000000 0.2660324814 0.3010374773 0.3488375978 0.4011624022 0.4489625227 0.4839675186 0.5000000000 
39 41 29 0 
0 0 0 1 
9.0000000000 9.1282598515 9.4082998186 9.7907007821 10.2092992179 10.5917001814 10.8717401485 11.0000000000 
0.2500000000 0.2660324814 0.3010374773 0.3488375978 0.4011624022 0.4489625227 0.4839675186 0.5000000000 
40 42 30 0 
0 0 0 1 
11.0000000000 11.1282598515 11.4082998186 11.7907007821 12.2092992179 12.5917001814 12.8717401485 13.0000000000 
0.2500000000 0.2660324814 0.3010374773 0.3488375978 0.4011624022 0.4489625227 0.4839675186 0.5000000000 
41 43 31 0 
0 0 0 1 
13.0000000000 13.1282598515 13.4082998186 13.7907007821 14.2092992179 14.5917001814 14.8717401485 15.0000000000 
0.2500000000 0.2660324814 0.3010374773 0.3488375978 0.4011624022 0.4489625227 0.4839675186 0.5000000000 
42 44 32 0 
0 0 0 1 
15.0000000000 15.1282598515 15.4082998186 15.7907007821 16.2092992179 16.5917001814 16.8717401485 17.0000000000 
0.2500000000 0.2660324814 0.3010374773 0.3488375978 0.4011624022 0.4489625227 0.4839675186 0.5000000000 
43 0 33 0 
0 4 0 1 
