52 6
0.2500000000 0.2500000000 0.2500000000 0.2500000000 0.2500000000 0.2500000000 0.2500000000 0.2500000000 0.2500000000 0.2500000000 0.2500000000 0.2500000000 0.2500000000 0.2500000000 0.2500000000 0.2500000000 0.2500000000 0.2500000000 0.2500000000 0.2500000000 0.2500000000 0.2500000000 0.2500000000 0.2500000000 0.2500000000 0.2500000000 0.2500000000 0.2500000000 0.2500000000 0.2500000000 0.2500000000 0.2500000000 0.2500000000 0.2500000000 0.2500000000 0.2500000000 0.2500000000 0.2500000000 0.2500000000 0.2500000000 0.2500000000 0.2500000000 0.2500000000 0.2500000000 0.2500000000 0.2500000000 0.2500000000 0.2500000000 0.2500000000 0.2500000000 0.2500000000 0.2500000000
0.8900000000 0.9100000000 0.8800000000 0.9000000000 0.9000000000 0.9000000000 1.7800000000 1.7800000000 1.7900000000 1.8000000000 1.7800000000 1.8000000000 0.8900000000 0.8900000000 0.9100000000 0.8800000000 0.9000000000 0.9000000000 0.9000000000 1.7800000000 1.7800000000 1.7900000000 1.8000000000 1.7800000000 1.8000000000 0.8900000000 0.8900000000 0.9100000000 0.8800000000 0.9000000000 0.9000000000 0.9000000000 1.7800000000 1.7800000000 1.7900000000 1.8000000000 1.7800000000 1.8000000000 0.8900000000 0.8900000000 0.9100000000 0.8800000000 0.9000000000 0.9000000000 0.9000000000 1.7800000000 1.7800000000 1.7900000000 1.8000000000 1.7800000000 1.8000000000 0.8900000000
0.0000000000 0.1045503809 0.3180719752 0.5719280248 0.7854496191 0.8900000000 
-0.5000000000 -0.4706319155 -0.4106539396 -0.3393460604 -0.2793680845 -0.2500000000 
0 2 0 14 
1 0 1 0 
0.8900000000 0.9968998276 1.2152196600 1.4747803400 1.6931001724 1.8000000000 
-0.5000000000 -0.4706319155 -0.4106539396 -0.3393460604 -0.2793680845 -0.2500000000 
1 3 0 15 
0 0 1 0 
1.8000000000 1.9033756575 2.1144981327 2.3655018673 2.5766243425 2.6800000000 
-0.5000000000 -0.4706319155 -0.4106539396 -0.3393460604 -0.2793680845 -0.2500000000 
2 4 0 16 
0 0 1 0 
2.6800000000 2.7857251042 3.0016458176 3.2583541824 3.4742748958 3.5800000000 
-0.5000000000 -0.4706319155 -0.4106539396 -0.3393460604 -0.2793680845 -0.2500000000 
3 5 0 17 
0 0 1 0 
3.5800000000 3.6857251042 3.9016458176 4.1583541824 4.3742748958 4.4800000000 
-0.5000000000 -0.4706319155 -0.4106539396 -0.3393460604 -0.2793680845 -0.2500000000 
4 6 0 18 
0 0 1 0 
4.4800000000 4.5857251042 4.8016458176 5.0583541824 5.2742748958 5.3800000000 
-0.5000000000 -0.4706319155 -0.4106539396 -0.3393460604 -0.2793680845 -0.2500000000 
5 7 0 19 
0 0 1 0 
5.3800000000 5.5891007617 6.0161439503 6.5238560497 6.9508992383 7.1600000000 
-0.5000000000 -0.4706319155 -0.4106539396 -0.3393460604 -0.2793680845 -0.2500000000 
6 8 0 20 
0 0 1 0 
7.1600000000 7.3691007617 7.7961439503 8.3038560497 8.7308992383 8.9400000000 
-0.5000000000 -0.4706319155 -0.4106539396 -0.3393460604 -0.2793680845 -0.2500000000 
7 9 0 21 
0 0 1 0 
8.9400000000 9.1502754851 9.5797177927 10.0902822073 10.5197245149 10.7300000000 
-0.5000000000 -0.4706319155 -0.4106539396 -0.3393460604 -0.2793680845 -0.2500000000 
8 10 0 22 
0 0 1 0 
10.7300000000 10.9414502085 11.3732916352 11.8867083648 12.3185497915 12.5300000000 
-0.5000000000 -0.4706319155 -0.4106539396 -0.3393460604 -0.2793680845 -0.2500000000 
9 11 0 23 
0 0 1 0 
12.5300000000 12.7391007617 13.1661439503 13.6738560497 14.1008992383 14.3100000000 
-0.5000000000 -0.4706319155 -0.4106539396 -0.3393460604 -0.2793680845 -0.2500000000 
10 12 0 24 
0 0 1 0 
14.3100000000 14.5214502085 14.9532916352 15.4667083648 15.8985497915 16.1100000000 
-0.5000000000 -0.4706319155 -0.4106539396 -0.3393460604 -0.2793680845 -0.2500000000 
11 13 0 25 
0 0 1 0 
16.1100000000 16.2145503809 16.4280719752 16.6819280248 16.8954496191 17.0000000000 
-0.5000000000 -0.4706319155 -0.4106539396 -0.3393460604 -0.2793680845 -0.2500000000 
12 0 0 26 
0 4 1 0 
0.0000000000 0.1045503809 0.3180719752 0.5719280248 0.7854496191 0.8900000000 
-0.2500000000 -0.2206319155 -0.1606539396 -0.0893460604 -0.0293680845 0.0000000000 
0 15 1 27 
1 0 0 0 
0.8900000000 0.9968998276 1.2152196600 1.4747803400 1.6931001724 1.8000000000 
-0.2500000000 -0.2206319155 -0.1606539396 -0.0893460604 -0.0293680845 0.0000000000 
14 16 2 28 
0 0 0 0 
1.8000000000 1.9033756575 2.1144981327 2.3655018673 2.5766243425 2.6800000000 
-0.2500000000 -0.2206319155 -0.1606539396 -0.0893460604 -0.0293680845 0.0000000000 
15 17 3 29 
0 0 0 0 
2.6800000000 2.7857251042 3.0016458176 3.2583541824 3.4742748958 3.5800000000 
-0.2500000000 -0.2206319155 -0.1606539396 -0.0893460604 -0.0293680845 0.0000000000 
16 18 4 30 
0 0 0 0 
3.5800000000 3.6857251042 3.9016458176 4.1583541824 4.3742748958 4.4800000000 
-0.2500000000 -0.2206319155 -0.1606539396 -0.0893460604 -0.0293680845 0.0000000000 
17 19 5 31 
0 0 0 0 
4.4800000000 4.5857251042 4.8016458176 5.0583541824 5.2742748958 5.3800000000 
-0.2500000000 -0.2206319155 -0.1606539396 -0.0893460604 -0.0293680845 0.0000000000 
18 20 6 32 
0 0 0 0 
5.3800000000 5.5891007617 6.0161439503 6.5238560497 6.9508992383 7.1600000000 
-0.2500000000 -0.2206319155 -0.1606539396 -0.0893460604 -0.0293680845 0.0000000000 
19 21 7 33 
0 0 0 0 
7.1600000000 7.3691007617 7.7961439503 8.3038560497 8.7308992383 8.9400000000 
-0.2500000000 -0.2206319155 -0.1606539396 -0.0893460604 -0.0293680845 0.0000000000 
20 22 8 34 
0 0 0 0 
8.9400000000 9.1502754851 9.5797177927 10.0902822073 10.5197245149 10.7300000000 
-0.2500000000 -0.2206319155 -0.1606539396 -0.0893460604 -0.0293680845 0.0000000000 
21 23 9 35 
0 0 0 0 
10.7300000000 10.9414502085 11.3732916352 11.8867083648 12.3185497915 12.5300000000 
-0.2500000000 -0.2206319155 -0.1606539396 -0.0893460604 -0.0293680845 0.0000000000 
22 24 10 36 
0 0 0 0 
12.5300000000 12.7391007617 13.1661439503 13.6738560497 14.1008992383 14.3100000000 
-0.2500000000 -0.2206319155 -0.1606539396 -0.0893460604 -0.0293680845 0.0000000000 
23 25 11 37 
0 0 0 0 
14.3100000000 14.5214502085 14.9532916352 15.4667083648 15.8985497915 16.1100000000 
-0.2500000000 -0.2206319155 -0.1606539396 -0.0893460604 -0.0293680845 0.0000000000 
24 26 12 38 
0 0 0 0 
16.1100000000 16.2145503809 16.4280719752 16.6819280248 16.8954496191 17.0000000000 
-0.2500000000 -0.2206319155 -0.1606539396 -0.0893460604 -0.0293680845 0.0000000000 
25 0 13 39 
0 4 0 0 
0.0000000000 0.1045503809 0.3180719752 0.5719280248 0.7854496191 0.8900000000 
0.0000000000 0.0293680845 0.0893460604 0.1606539396 0.2206319155 0.2500000000 
0 28 14 40 
3 0 0 0 
0.8900000000 0.9968998276 1.2152196600 1.4747803400 1.6931001724 1.8000000000 
0.0000000000 0.0293680845 0.0893460604 0.1606539396 0.2206319155 0.2500000000 
27 29 15 41 
0 0 0 0 
1.8000000000 1.9033756575 2.1144981327 2.3655018673 2.5766243425 2.6800000000 
0.0000000000 0.0293680845 0.0893460604 0.1606539396 0.2206319155 0.2500000000 
28 30 16 42 
0 0 0 0 
2.6800000000 2.7857251042 3.0016458176 3.2583541824 3.4742748958 3.5800000000 
0.0000000000 0.0293680845 0.0893460604 0.1606539396 0.2206319155 0.2500000000 
29 31 17 43 
0 0 0 0 
3.5800000000 3.6857251042 3.9016458176 4.1583541824 4.3742748958 4.4800000000 
0.0000000000 0.0293680845 0.0893460604 0.1606539396 0.2206319155 0.2500000000 
30 32 18 44 
0 0 0 0 
4.4800000000 4.5857251042 4.8016458176 5.0583541824 5.2742748958 5.3800000000 
0.0000000000 0.0293680845 0.0893460604 0.1606539396 0.2206319155 0.2500000000 
31 33 19 45 
0 0 0 0 
5.3800000000 5.5891007617 6.0161439503 6.5238560497 6.9508992383 7.1600000000 
0.0000000000 0.0293680845 0.0893460604 0.1606539396 0.2206319155 0.2500000000 
32 34 20 46 
0 0 0 0 
7.1600000000 7.3691007617 7.7961439503 8.3038560497 8.7308992383 8.9400000000 
0.0000000000 0.0293680845 0.0893460604 0.1606539396 0.2206319155 0.2500000000 
33 35 21 47 
0 0 0 0 
8.9400000000 9.1502754851 9.5797177927 10.0902822073 10.5197245149 10.7300000000 
0.0000000000 0.0293680845 0.0893460604 0.1606539396 0.2206319155 0.2500000000 
34 36 22 48 
0 0 0 0 
10.7300000000 10.9414502085 11.3732916352 11.8867083648 12.3185497915 12.5300000000 
0.0000000000 0.0293680845 0.0893460604 0.1606539396 0.2206319155 0.2500000000 
35 37 23 49 
0 0 0 0 
12.5300000000 12.7391007617 13.1661439503 13.6738560497 14.1008992383 14.3100000000 
0.0000000000 0.0293680845 0.0893460604 0.1606539396 0.2206319155 0.2500000000 
36 38 24 50 
0 0 0 0 
14.3100000000 14.5214502085 14.9532916352 15.4667083648 15.8985497915 16.1100000000 
0.0000000000 0.0293680845 0.0893460604 0.1606539396 0.2206319155 0.2500000000 
37 39 25 51 
0 0 0 0 
16.1100000000 16.2145503809 16.4280719752 16.6819280248 16.8954496191 17.0000000000 
0.0000000000 0.0293680845 0.0893460604 0.1606539396 0.2206319155 0.2500000000 
38 0 26 52 
0 4 0 0 
0.0000000000 0.1045503809 0.3180719752 0.5719280248 0.7854496191 0.8900000000 
0.2500000000 0.2793680845 0.3393460604 0.4106539396 0.4706319155 0.5000000000 
0 41 27 0 
3 0 0 1 
0.8900000000 0.9968998276 1.2152196600 1.4747803400 1.6931001724 1.8000000000 
0.2500000000 0.2793680845 0.3393460604 0.4106539396 0.4706319155 0.5000000000 
40 42 28 0 
0 0 0 1 
1.8000000000 1.9033756575 2.1144981327 2.3655018673 2.5766243425 2.6800000000 
0.2500000000 0.2793680845 0.3393460604 0.4106539396 0.4706319155 0.5000000000 
41 43 29 0 
0 0 0 1 
2.6800000000 2.7857251042 3.0016458176 3.2583541824 3.4742748958 3.5800000000 
0.2500000000 0.2793680845 0.3393460604 0.4106539396 0.4706319155 0.5000000000 
42 44 30 0 
0 0 0 1 
3.5800000000 3.6857251042 3.9016458176 4.1583541824 4.3742748958 4.4800000000 
0.2500000000 0.2793680845 0.3393460604 0.4106539396 0.4706319155 0.5000000000 
43 45 31 0 
0 0 0 1 
4.4800000000 4.5857251042 4.8016458176 5.0583541824 5.2742748958 5.3800000000 
0.2500000000 0.2793680845 0.3393460604 0.4106539396 0.4706319155 0.5000000000 
44 46 32 0 
0 0 0 1 
5.3800000000 5.5891007617 6.0161439503 6.5238560497 6.9508992383 7.1600000000 
0.2500000000 0.2793680845 0.3393460604 0.4106539396 0.4706319155 0.5000000000 
45 47 33 0 
0 0 0 1 
7.1600000000 7.3691007617 7.7961439503 8.3038560497 8.7308992383 8.9400000000 
0.2500000000 0.2793680845 0.3393460604 0.4106539396 0.4706319155 0.5000000000 
46 48 34 0 
0 0 0 1 
8.9400000000 9.1502754851 9.5797177927 10.0902822073 10.5197245149 10.7300000000 
0.2500000000 0.2793680845 0.3393460604 0.4106539396 0.4706319155 0.5000000000 
47 49 35 0 
0 0 0 1 
10.7300000000 10.9414502085 11.3732916352 11.8867083648 12.3185497915 12.5300000000 
0.2500000000 0.2793680845 0.3393460604 0.4106539396 0.4706319155 0.5000000000 
48 50 36 0 
0 0 0 1 
12.5300000000 12.7391007617 13.1661439503 13.6738560497 14.1008992383 14.3100000000 
0.2500000000 0.2793680845 0.3393460604 0.4106539396 0.4706319155 0.5000000000 
49 51 37 0 
0 0 0 1 
14.3100000000 14.5214502085 14.9532916352 15.4667083648 15.8985497915 16.1100000000 
0.2500000000 0.2793680845 0.3393460604 0.4106539396 0.4706319155 0.5000000000 
50 52 38 0 
0 0 0 1 
16.1100000000 16.2145503809 16.4280719752 16.6819280248 16.8954496191 17.0000000000 
0.2500000000 0.2793680845 0.3393460604 0.4106539396 0.4706319155 0.5000000000 
51 0 39 0 
0 4 0 1 
