44 8
0.2500000000 0.2500000000 0.2500000000 0.2500000000 0.2500000000 0.2500000000 0.2500000000 0.2500000000 0.2500000000 0.2500000000 0.2500000000 0.2500000000 0.2500000000 0.2500000000 0.2500000000 0.2500000000 0.2500000000 0.2500000000 0.2500000000 0.2500000000 0.2500000000 0.2500000000 0.2500000000 0.2500000000 0.2500000000 0.2500000000 0.2500000000 0.2500000000 0.2500000000 0.2500000000 0.2500000000 0.2500000000 0.2500000000 0.2500000000 0.2500000000 0.2500000000 0.2500000000 0.2500000000 0.2500000000 0.2500000000 0.2500000000 0.2500000000 0.2500000000 0.2500000000
1.5454545455 1.5454545455 1.5454545455 1.5454545455 1.5454545455 1.5454545455 1.5454545455 1.5454545455 1.5454545455 1.5454545455 1.5454545455 1.5454545455 1.5454545455 1.5454545455 1.5454545455 1.5454545455 1.5454545455 1.5454545455 1.5454545455 1.5454545455 1.5454545455 1.5454545455 1.5454545455 1.5454545455 1.5454545455 1.5454545455 1.5454545455 1.5454545455 1.5454545455 1.5454545455 1.5454545455 1.5454545455 1.5454545455 1.5454545455 1.5454545455 1.5454545455 1.5454545455 1.5454545455 1.5454545455 1.5454545455 1.5454545455 1.5454545455 1.5454545455 1.5454545455
0.0000000000 0.0991098852 0.3155044053 0.6109960589 0.9344584866 1.2299501402 1.4463446602 1.5454545455 
-0.5000000000 -0.4839675186 -0.4489625227 -0.4011624022 -0.3488375978 -0.3010374773 -0.2660324814 -0.2500000000 
0 2 0 12 
1 0 1 0 
1.5454545455 1.6445644307 1.8609589507 2.1564506043 2.4799130320 2.7754046857 2.9917992057 3.0909090909 
-0.5000000000 -0.4839675186 -0.4489625227 -0.4011624022 -0.3488375978 -0.3010374773 -0.2660324814 -0.2500000000 
1 3 0 13 
0 0 1 0 
3.0909090909 3.1900189762 3.4064134962 3.7019051498 4.0253675775 4.3208592311 4.5372537511 4.6363636364 
-0.5000000000 -0.4839675186 -0.4489625227 -0.4011624022 -0.3488375978 -0.3010374773 -0.2660324814 -0.2500000000 
2 4 0 14 
0 0 1 0 
4.6363636364 4.7354735216 4.9518680416 5.2473596953 5.5708221229 5.8663137766 6.0827082966 6.1818181818 
-0.5000000000 -0.4839675186 -0.4489625227 -0.4011624022 -0.3488375978 -0.3010374773 -0.2660324814 -0.2500000000 
3 5 0 15 
0 0 1 0 
6.1818181818 6.2809280671 6.4973225871 6.7928142407 7.1162766684 7.4117683220 7.6281628420 7.7272727273 
-0.5000000000 -0.4839675186 -0.4489625227 -0.4011624022 -0.3488375978 -0.3010374773 -0.2660324814 -0.2500000000 
4 6 0 16 
0 0 1 0 
7.7272727273 7.8263826125 8.0427771325 8.3382687862 8.6617312138 8.9572228675 9.1736173875 9.2727272727 
-0.5000000000 -0.4839675186 -0.4489625227 -0.4011624022 -0.3488375978 -0.3010374773 -0.2660324814 -0.2500000000 
5 7 0 17 
0 0 1 0 
9.2727272727 9.3718371580 9.5882316780 9.8837233316 10.2071857593 10.5026774129 10.7190719329 10.8181818182 
-0.5000000000 -0.4839675186 -0.4489625227 -0.4011624022 -0.3488375978 -0.3010374773 -0.2660324814 -0.2500000000 
6 8 0 18 
0 0 1 0 
10.8181818182 10.9172917034 11.1336862234 11.4291778771 11.7526403047 12.0481319584 12.2645264784 12.3636363636 
-0.5000000000 -0.4839675186 -0.4489625227 -0.4011624022 -0.3488375978 -0.3010374773 -0.2660324814 -0.2500000000 
7 9 0 19 
0 0 1 0 
12.3636363636 12.4627462489 12.6791407689 12.9746324225 13.2980948502 13.5935865038 13.8099810238 13.9090909091 
-0.5000000000 -0.4839675186 -0.4489625227 -0.4011624022 -0.3488375978 -0.3010374773 -0.2660324814 -0.2500000000 
8 10 0 20 
0 0 1 0 
13.9090909091 14.0082007943 14.2245953143 14.5200869680 14.8435493957 15.1390410493 15.3554355693 15.4545454545 
-0.5000000000 -0.4839675186 -0.4489625227 -0.4011624022 -0.3488375978 -0.3010374773 -0.2660324814 -0.2500000000 
9 11 0 21 
0 0 1 0 
15.4545454545 15.5536553398 15.7700498598 16.0655415134 16.3890039411 16.6844955947 16.9008901148 17.0000000000 
-0.5000000000 -0.4839675186 -0.4489625227 -0.4011624022 -0.3488375978 -0.3010374773 -0.2660324814 -0.2500000000 
10 0 0 22 
0 4 1 0 
0.0000000000 0.0991098852 0.3155044053 0.6109960589 0.9344584866 1.2299501402 1.4463446602 1.5454545455 
-0.2500000000 -0.2339675186 -0.1989625227 -0.1511624022 -0.0988375978 -0.0510374773 -0.0160324814 0.0000000000 
0 13 1 23 
1 0 0 0 
1.5454545455 1.6445644307 1.8609589507 2.1564506043 2.4799130320 2.7754046857 2.9917992057 3.0909090909 
-0.2500000000 -0.2339675186 -0.1989625227 -0.1511624022 -0.0988375978 -0.0510374773 -0.0160324814 0.0000000000 
12 14 2 24 
0 0 0 0 
3.0909090909 3.1900189762 3.4064134962 3.7019051498 4.0253675775 4.3208592311 4.5372537511 4.6363636364 
-0.2500000000 -0.2339675186 -0.1989625227 -0.1511624022 -0.0988375978 -0.0510374773 -0.0160324814 0.0000000000 
13 15 3 25 
0 0 0 0 
4.6363636364 4.7354735216 4.9518680416 5.2473596953 5.5708221229 5.8663137766 6.0827082966 6.1818181818 
-0.2500000000 -0.2339675186 -0.1989625227 -0.1511624022 -0.0988375978 -0.0510374773 -0.0160324814 0.0000000000 
14 16 4 26 
0 0 0 0 
6.1818181818 6.2809280671 6.4973225871 6.7928142407 7.1162766684 7.4117683220 7.6281628420 7.7272727273 
-0.2500000000 -0.2339675186 -0.1989625227 -0.1511624022 -0.0988375978 -0.0510374773 -0.0160324814 0.0000000000 
15 17 5 27 
0 0 0 0 
7.7272727273 7.8263826125 8.0427771325 8.3382687862 8.6617312138 8.9572228675 9.1736173875 9.2727272727 
-0.2500000000 -0.2339675186 -0.1989625227 -0.1511624022 -0.0988375978 -0.0510374773 -0.0160324814 0.0000000000 
16 18 6 28 
0 0 0 0 
9.2727272727 9.3718371580 9.5882316780 9.8837233316 10.2071857593 10.5026774129 10.7190719329 10.8181818182 
-0.2500000000 -0.2339675186 -0.1989625227 -0.1511624022 -0.0988375978 -0.0510374773 -0.0160324814 0.0000000000 
17 19 7 29 
0 0 0 0 
10.8181818182 10.9172917034 11.1336862234 11.4291778771 11.7526403047 12.0481319584 12.2645264784 12.3636363636 
-0.2500000000 -0.2339675186 -0.1989625227 -0.1511624022 -0.0988375978 -0.0510374773 -0.0160324814 0.0000000000 
18 20 8 30 
0 0 0 0 
12.3636363636 12.4627462489 12.6791407689 12.9746324225 13.2980948502 13.5935865038 13.8099810238 13.9090909091 
-0.2500000000 -0.2339675186 -0.1989625227 -0.1511624022 -0.0988375978 -0.0510374773 -0.0160324814 0.0000000000 
19 21 9 31 
0 0 0 0 
13.9090909091 14.0082007943 14.2245953143 14.5200869680 14.8435493957 15.1390410493 15.3554355693 15.4545454545 
-0.2500000000 -0.2339675186 -0.1989625227 -0.1511624022 -0.0988375978 -0.0510374773 -0.0160324814 0.0000000000 
20 22 10 32 
0 0 0 0 
15.4545454545 15.5536553398 15.7700498598 16.0655415134 16.3890039411 16.6844955947 16.9008901148 17.0000000000 
-0.2500000000 -0.2339675186 -0.1989625227 -0.1511624022 -0.0988375978 -0.0510374773 -0.0160324814 0.0000000000 
21 0 11 33 
0 4 0 0 
0.0000000000 0.0991098852 0.3155044053 0.6109960589 0.9344584866 1.2299501402 1.4463446602 1.5454545455 
0.0000000000 0.0160324814 0.0510374773 0.0988375978 0.1511624022 0.1989625227 0.2339675186 0.2500000000 
0 24 12 34 
3 0 0 0 
1.5454545455 1.6445644307 1.8609589507 2.1564506043 2.4799130320 2.7754046857 2.9917992057 3.0909090909 
0.0000000000 0.0160324814 0.0510374773 0.0988375978 0.1511624022 0.1989625227 0.2339675186 0.2500000000 
23 25 13 35 
0 0 0 0 
3.0909090909 3.1900189762 3.4064134962 3.7019051498 4.0253675775 4.3208592311 4.5372537511 4.6363636364 
0.0000000000 0.0160324814 0.0510374773 0.0988375978 0.1511624022 0.1989625227 0.2339675186 0.2500000000 
24 26 14 36 
0 0 0 0 
4.6363636364 4.7354735216 4.9518680416 5.2473596953 5.5708221229 5.8663137766 6.0827082966 6.1818181818 
0.0000000000 0.0160324814 0.0510374773 0.0988375978 0.1511624022 0.1989625227 0.2339675186 0.2500000000 
25 27 15 37 
0 0 0 0 
6.1818181818 6.2809280671 6.4973225871 6.7928142407 7.1162766684 7.4117683220 7.6281628420 7.7272727273 
0.0000000000 0.0160324814 0.0510374773 0.0988375978 0.1511624022 0.1989625227 0.2339675186 0.2500000000 
26 28 16 38 
0 0 0 0 
7.7272727273 7.8263826125 8.0427771325 8.3382687862 8.6617312138 8.9572228675 9.1736173875 9.2727272727 
0.0000000000 0.0160324814 0.0510374773 0.0988375978 0.1511624022 0.1989625227 0.2339675186 0.2500000000 
27 29 17 39 
0 0 0 0 
9.2727272727 9.3718371580 9.5882316780 9.8837233316 10.2071857593 10.5026774129 10.7190719329 10.8181818182 
0.0000000000 0.0160324814 0.0510374773 0.0988375978 0.1511624022 0.1989625227 0.2339675186 0.2500000000 
28 30 18 40 
0 0 0 0 
10.8181818182 10.9172917034 11.1336862234 11.4291778771 11.7526403047 12.0481319584 12.2645264784 12.3636363636 
0.0000000000 0.0160324814 0.0510374773 0.0988375978 0.1511624022 0.1989625227 0.2339675186 0.2500000000 
29 31 19 41 
0 0 0 0 
12.3636363636 12.4627462489 12.6791407689 12.9746324225 13.2980948502 13.5935865038 13.8099810238 13.9090909091 
0.0000000000 0.0160324814 0.0510374773 0.0988375978 0.1511624022 0.1989625227 0.2339675186 0.2500000000 
30 32 20 42 
0 0 0 0 
13.9090909091 14.0082007943 14.2245953143 14.5200869680 14.8435493957 15.1390410493 15.3554355693 15.4545454545 
0.0000000000 0.0160324814 0.0510374773 0.0988375978 0.1511624022 0.1989625227 0.2339675186 0.2500000000 
31 33 21 43 
0 0 0 0 
15.4545454545 15.5536553398 15.7700498598 16.0655415134 16.3890039411 16.6844955947 16.9008901148 17.0000000000 
0.0000000000 0.0160324814 0.0510374773 0.0988375978 0.1511624022 0.1989625227 0.2339675186 0.2500000000 
32 0 22 44 
0 4 0 0 
0.0000000000 0.0991098852 0.3155044053 0.6109960589 0.9344584866 1.2299501402 1.4463446602 1.5454545455 
0.2500000000 0.2660324814 0.3010374773 0.3488375978 0.4011624022 0.4489625227 0.4839675186 0.5000000000 
0 35 23 0 
3 0 0 1 
1.5454545455 1.6445644307 1.8609589507 2.1564506043 2.4799130320 2.7754046857 2.9917992057 3.0909090909 
0.2500000000 0.2660324814 0.3010374773 0.3488375978 0.4011624022 0.4489625227 0.4839675186 0.5000000000 
34 36 24 0 
0 0 0 1 
3.0909090909 3.1900189762 3.4064134962 3.7019051498 4.0253675775 4.3208592311 4.5372537511 4.6363636364 
0.2500000000 0.2660324814 0.3010374773 0.3488375978 0.4011624022 0.4489625227 0.4839675186 0.5000000000 
35 37 25 0 
0 0 0 1 
4.6363636364 4.7354735216 4.9518680416 5.2473596953 5.5708221229 5.8663137766 6.0827082966 6.1818181818 
0.2500000000 0.2660324814 0.3010374773 0.3488375978 0.4011624022 0.4489625227 0.4839675186 0.5000000000 
36 38 26 0 
0 0 0 1 
6.1818181818 6.2809280671 6.4973225871 6.7928142407 7.1162766684 7.4117683220 7.6281628420 7.7272727273 
0.2500000000 0.2660324814 0.3010374773 0.3488375978 0.4011624022 0.4489625227 0.4839675186 0.5000000000 
37 39 27 0 
0 0 0 1 
7.7272727273 7.8263826125 8.0427771325 8.3382687862 8.6617312138 8.9572228675 9.1736173875 9.2727272727 
0.2500000000 0.2660324814 0.3010374773 0.3488375978 0.4011624022 0.4489625227 0.4839675186 0.5000000000 
38 40 28 0 
0 0 0 1 
9.2727272727 9.3718371580 9.5882316780 9.8837233316 10.2071857593 10.5026774129 10.7190719329 10.8181818182 
0.2500000000 0.2660324814 0.3010374773 0.3488375978 0.4011624022 0.4489625227 0.4839675186 0.5000000000 
39 41 29 0 
0 0 0 1 
10.8181818182 10.9172917034 11.1336862234 11.4291778771 11.7526403047 12.0481319584 12.2645264784 12.3636363636 
0.2500000000 0.2660324814 0.3010374773 0.3488375978 0.4011624022 0.4489625227 0.4839675186 0.5000000000 
40 42 30 0 
0 0 0 1 
12.3636363636 12.4627462489 12.6791407689 12.9746324225 13.2980948502 13.5935865038 13.8099810238 13.9090909091 
0.2500000000 0.2660324814 0.3010374773 0.3488375978 0.4011624022 0.4489625227 0.4839675186 0.5000000000 
41 43 31 0 
0 0 0 1 
13.9090909091 14.0082007943 14.2245953143 14.5200869680 14.8435493957 15.1390410493 15.3554355693 15.4545454545 
0.2500000000 0.2660324814 0.3010374773 0.3488375978 0.4011624022 0.4489625227 0.4839675186 0.5000000000 
42 44 32 0 
0 0 0 1 
15.4545454545 15.5536553398 15.7700498598 16.0655415134 16.3890039411 16.6844955947 16.9008901148 17.0000000000 
0.2500000000 0.2660324814 0.3010374773 0.3488375978 0.4011624022 0.4489625227 0.4839675186 0.5000000000 
43 0 33 0 
0 4 0 1 
