44 6
0.2500000000 0.2500000000 0.2500000000 0.2500000000 0.2500000000 0.2500000000 0.2500000000 0.2500000000 0.2500000000 0.2500000000 0.2500000000 0.2500000000 0.2500000000 0.2500000000 0.2500000000 0.2500000000 0.2500000000 0.2500000000 0.2500000000 0.2500000000 0.2500000000 0.2500000000 0.2500000000 0.2500000000 0.2500000000 0.2500000000 0.2500000000 0.2500000000 0.2500000000 0.2500000000 0.2500000000 0.2500000000 0.2500000000 0.2500000000 0.2500000000 0.2500000000 0.2500000000 0.2500000000 0.2500000000 0.2500000000 0.2500000000 0.2500000000 0.2500000000 0.2500000000
1.5454545455 1.5454545455 1.5454545455 1.5454545455 1.5454545455 1.5454545455 1.5454545455 1.5454545455 1.5454545455 1.5454545455 1.5454545455 1.5454545455 1.5454545455 1.5454545455 1.5454545455 1.5454545455 1.5454545455 1.5454545455 1.5454545455 1.5454545455 1.5454545455 1.5454545455 1.5454545455 1.5454545455 1.5454545455 1.5454545455 1.5454545455 1.5454545455 1.5454545455 1.5454545455 1.5454545455 1.5454545455 1.5454545455 1.5454545455 1.5454545455 1.5454545455 1.5454545455 1.5454545455 1.5454545455 1.5454545455 1.5454545455 1.5454545455 1.5454545455 1.5454545455
0.0000000000 0.1815481588 0.5523211009 0.9931334446 1.3639063867 1.5454545455 
-0.5000000000 -0.4706319155 -0.4106539396 -0.3393460604 -0.2793680845 -0.2500000000 
0 2 0 12 
1 0 1 0 
1.5454545455 1.7270027042 2.0977756464 2.5385879900 2.9093609321 3.0909090909 
-0.5000000000 -0.4706319155 -0.4106539396 -0.3393460604 -0.2793680845 -0.2500000000 
1 3 0 13 
0 0 1 0 
3.0909090909 3.2724572497 3.6432301918 4.0840425355 4.4548154776 4.6363636364 
-0.5000000000 -0.4706319155 -0.4106539396 -0.3393460604 -0.2793680845 -0.2500000000 
2 4 0 14 
0 0 1 0 
4.6363636364 4.8179117951 5.1886847373 5.6294970809 6.0002700230 6.1818181818 
-0.5000000000 -0.4706319155 -0.4106539396 -0.3393460604 -0.2793680845 -0.2500000000 
3 5 0 15 
0 0 1 0 
6.1818181818 6.3633663406 6.7341392827 7.1749516264 7.5457245685 7.7272727273 
-0.5000000000 -0.4706319155 -0.4106539396 -0.3393460604 -0.2793680845 -0.2500000000 
4 6 0 16 
0 0 1 0 
7.7272727273 7.9088208861 8.2795938282 8.7204061718 9.0911791139 9.2727272727 
-0.5000000000 -0.4706319155 -0.4106539396 -0.3393460604 -0.2793680845 -0.2500000000 
5 7 0 17 
0 0 1 0 
9.2727272727 9.4542754315 9.8250483736 10.2658607173 10.6366336594 10.8181818182 
-0.5000000000 -0.4706319155 -0.4106539396 -0.3393460604 -0.2793680845 -0.2500000000 
6 8 0 18 
0 0 1 0 
10.8181818182 10.9997299770 11.3705029191 11.8113152627 12.1820882049 12.3636363636 
-0.5000000000 -0.4706319155 -0.4106539396 -0.3393460604 -0.2793680845 -0.2500000000 
7 9 0 19 
0 0 1 0 
12.3636363636 12.5451845224 12.9159574645 13.3567698082 13.7275427503 13.9090909091 
-0.5000000000 -0.4706319155 -0.4106539396 -0.3393460604 -0.2793680845 -0.2500000000 
8 10 0 20 
0 0 1 0 
13.9090909091 14.0906390679 14.4614120100 14.9022243536 15.2729972958 15.4545454545 
-0.5000000000 -0.4706319155 -0.4106539396 -0.3393460604 -0.2793680845 -0.2500000000 
9 11 0 21 
0 0 1 0 
15.4545454545 15.6360936133 16.0068665554 16.4476788991 16.8184518412 17.0000000000 
-0.5000000000 -0.4706319155 -0.4106539396 -0.3393460604 -0.2793680845 -0.2500000000 
10 0 0 22 
0 4 1 0 
0.0000000000 0.1815481588 0.5523211009 0.9931334446 1.3639063867 1.5454545455 
-0.2500000000 -0.2206319155 -0.1606539396 -0.0893460604 -0.0293680845 0.0000000000 
0 13 1 23 
1 0 0 0 
1.5454545455 1.7270027042 2.0977756464 2.5385879900 2.9093609321 3.0909090909 
-0.2500000000 -0.2206319155 -0.1606539396 -0.0893460604 -0.0293680845 0.0000000000 
12 14 2 24 
0 0 0 0 
3.0909090909 3.2724572497 3.6432301918 4.0840425355 4.4548154776 4.6363636364 
-0.2500000000 -0.2206319155 -0.1606539396 -0.0893460604 -0.0293680845 0.0000000000 
13 15 3 25 
0 0 0 0 
4.6363636364 4.8179117951 5.1886847373 5.6294970809 6.0002700230 6.1818181818 
-0.2500000000 -0.2206319155 -0.1606539396 -0.0893460604 -0.0293680845 0.0000000000 
14 16 4 26 
0 0 0 0 
6.1818181818 6.3633663406 6.7341392827 7.1749516264 7.5457245685 7.7272727273 
-0.2500000000 -0.2206319155 -0.1606539396 -0.0893460604 -0.0293680845 0.0000000000 
15 17 5 27 
0 0 0 0 
7.7272727273 7.9088208861 8.2795938282 8.7204061718 9.0911791139 9.2727272727 
-0.2500000000 -0.2206319155 -0.1606539396 -0.0893460604 -0.0293680845 0.0000000000 
16 18 6 28 
0 0 0 0 
9.2727272727 9.4542754315 9.8250483736 10.2658607173 10.6366336594 10.8181818182 
-0.2500000000 -0.2206319155 -0.1606539396 -0.0893460604 -0.0293680845 0.0000000000 
17 19 7 29 
0 0 0 0 
10.8181818182 10.9997299770 11.3705029191 11.8113152627 12.1820882049 12.3636363636 
-0.2500000000 -0.2206319155 -0.1606539396 -0.0893460604 -0.0293680845 0.0000000000 
18 20 8 30 
0 0 0 0 
12.3636363636 12.5451845224 12.9159574645 13.3567698082 13.7275427503 13.9090909091 
-0.2500000000 -0.2206319155 -0.1606539396 -0.0893460604 -0.0293680845 0.0000000000 
19 21 9 31 
0 0 0 0 
13.9090909091 14.0906390679 14.4614120100 14.9022243536 15.2729972958 15.4545454545 
-0.2500000000 -0.2206319155 -0.1606539396 -0.0893460604 -0.0293680845 0.0000000000 
20 22 10 32 
0 0 0 0 
15.4545454545 15.6360936133 16.0068665554 16.4476788991 16.8184518412 17.0000000000 
-0.2500000000 -0.2206319155 -0.1606539396 -0.0893460604 -0.0293680845 0.0000000000 
21 0 11 33 
0 4 0 0 
0.0000000000 0.1815481588 0.5523211009 0.9931334446 1.3639063867 1.5454545455 
0.0000000000 0.0293680845 0.0893460604 0.1606539396 0.2206319155 0.2500000000 
0 24 12 34 
3 0 0 0 
1.5454545455 1.7270027042 2.0977756464 2.5385879900 2.9093609321 3.0909090909 
0.0000000000 0.0293680845 0.0893460604 0.1606539396 0.2206319155 0.2500000000 
23 25 13 35 
0 0 0 0 
3.0909090909 3.2724572497 3.6432301918 4.0840425355 4.4548154776 4.6363636364 
0.0000000000 0.0293680845 0.0893460604 0.1606539396 0.2206319155 0.2500000000 
24 26 14 36 
0 0 0 0 
4.6363636364 4.8179117951 5.1886847373 5.6294970809 6.0002700230 6.1818181818 
0.0000000000 0.0293680845 0.0893460604 0.1606539396 0.2206319155 0.2500000000 
25 27 15 37 
0 0 0 0 
6.1818181818 6.3633663406 6.7341392827 7.1749516264 7.5457245685 7.7272727273 
0.0000000000 0.0293680845 0.0893460604 0.1606539396 0.2206319155 0.2500000000 
26 28 16 38 
0 0 0 0 
7.7272727273 7.9088208861 8.2795938282 8.7204061718 9.0911791139 9.2727272727 
0.0000000000 0.0293680845 0.0893460604 0.1606539396 0.2206319155 0.2500000000 
27 29 17 39 
0 0 0 0 
9.2727272727 9.4542754315 9.8250483736 10.2658607173 10.6366336594 10.8181818182 
0.0000000000 0.0293680845 0.0893460604 0.1606539396 0.2206319155 0.2500000000 
28 30 18 40 
0 0 0 0 
10.8181818182 10.9997299770 11.3705029191 11.8113152627 12.1820882049 12.3636363636 
0.0000000000 0.0293680845 0.0893460604 0.1606539396 0.2206319155 0.2500000000 
29 31 19 41 
0 0 0 0 
12.3636363636 12.5451845224 12.9159574645 13.3567698082 13.7275427503 13.9090909091 
0.0000000000 0.0293680845 0.0893460604 0.1606539396 0.2206319155 0.2500000000 
30 32 20 42 
0 0 0 0 
13.9090909091 14.0906390679 14.4614120100 14.9022243536 15.2729972958 15.4545454545 
0.0000000000 0.0293680845 0.0893460604 0.1606539396 0.2206319155 0.2500000000 
31 33 21 43 
0 0 0 0 
15.4545454545 15.6360936133 16.0068665554 16.4476788991 16.8184518412 17.0000000000 
0.0000000000 0.0293680845 0.0893460604 0.1606539396 0.2206319155 0.2500000000 
32 0 22 44 
0 4 0 0 
0.0000000000 0.1815481588 0.5523211009 0.9931334446 1.3639063867 1.5454545455 
0.2500000000 0.2793680845 0.3393460604 0.4106539396 0.4706319155 0.5000000000 
0 35 23 0 
3 0 0 1 
1.5454545455 1.7270027042 2.0977756464 2.5385879900 2.9093609321 3.0909090909 
0.2500000000 0.2793680845 0.3393460604 0.4106539396 0.4706319155 0.5000000000 
34 36 24 0 
0 0 0 1 
3.0909090909 3.2724572497 3.6432301918 4.0840425355 4.4548154776 4.6363636364 
0.2500000000 0.2793680845 0.3393460604 0.4106539396 0.4706319155 0.5000000000 
35 37 25 0 
0 0 0 1 
4.6363636364 4.8179117951 5.1886847373 5.6294970809 6.0002700230 6.1818181818 
0.2500000000 0.2793680845 0.3393460604 0.4106539396 0.4706319155 0.5000000000 
36 38 26 0 
0 0 0 1 
6.1818181818 6.3633663406 6.7341392827 7.1749516264 7.5457245685 7.7272727273 
0.2500000000 0.2793680845 0.3393460604 0.4106539396 0.4706319155 0.5000000000 
37 39 27 0 
0 0 0 1 
7.7272727273 7.9088208861 8.2795938282 8.7204061718 9.0911791139 9.2727272727 
0.2500000000 0.2793680845 0.3393460604 0.4106539396 0.4706319155 0.5000000000 
38 40 28 0 
0 0 0 1 
9.2727272727 9.4542754315 9.8250483736 10.2658607173 10.6366336594 10.8181818182 
0.2500000000 0.2793680845 0.3393460604 0.4106539396 0.4706319155 0.5000000000 
39 41 29 0 
0 0 0 1 
10.8181818182 10.9997299770 11.3705029191 11.8113152627 12.1820882049 12.3636363636 
0.2500000000 0.2793680845 0.3393460604 0.4106539396 0.4706319155 0.5000000000 
40 42 30 0 
0 0 0 1 
12.3636363636 12.5451845224 12.9159574645 13.3567698082 13.7275427503 13.9090909091 
0.2500000000 0.2793680845 0.3393460604 0.4106539396 0.4706319155 0.5000000000 
41 43 31 0 
0 0 0 1 
13.9090909091 14.0906390679 14.4614120100 14.9022243536 15.2729972958 15.4545454545 
0.2500000000 0.2793680845 0.3393460604 0.4106539396 0.4706319155 0.5000000000 
42 44 32 0 
0 0 0 1 
15.4545454545 15.6360936133 16.0068665554 16.4476788991 16.8184518412 17.0000000000 
0.2500000000 0.2793680845 0.3393460604 0.4106539396 0.4706319155 0.5000000000 
43 0 33 0 
0 4 0 1 
