72 8
0.2500000000 0.2500000000 0.2500000000 0.2500000000 0.2500000000 0.2500000000 0.2500000000 0.2500000000 0.2500000000 0.2500000000 0.2500000000 0.2500000000 0.2500000000 0.2500000000 0.2500000000 0.2500000000 0.2500000000 0.2500000000 0.2500000000 0.2500000000 0.2500000000 0.2500000000 0.2500000000 0.2500000000 0.2500000000 0.2500000000 0.2500000000 0.2500000000 0.2500000000 0.2500000000 0.2500000000 0.2500000000 0.2500000000 0.2500000000 0.2500000000 0.2500000000 0.2500000000 0.2500000000 0.2500000000 0.2500000000 0.2500000000 0.2500000000 0.2500000000 0.2500000000 0.2500000000 0.2500000000 0.2500000000 0.2500000000 0.2500000000 0.2500000000 0.2500000000 0.2500000000 0.2500000000 0.2500000000 0.2500000000 0.2500000000 0.2500000000 0.2500000000 0.2500000000 0.2500000000 0.2500000000 0.2500000000 0.2500000000 0.2500000000 0.2500000000 0.2500000000 0.2500000000 0.2500000000 0.2500000000 0.2500000000 0.2500000000 0.2500000000
0.9444444444 0.9444444444 0.9444444444 0.9444444444 0.9444444444 0.9444444444 0.9444444444 0.9444444444 0.9444444444 0.9444444444 0.9444444444 0.9444444444 0.9444444444 0.9444444444 0.9444444444 0.9444444444 0.9444444444 0.9444444444 0.9444444444 0.9444444444 0.9444444444 0.9444444444 0.9444444444 0.9444444444 0.9444444444 0.9444444444 0.9444444444 0.9444444444 0.9444444444 0.9444444444 0.9444444444 0.9444444444 0.9444444444 0.9444444444 0.9444444444 0.9444444444 0.9444444444 0.9444444444 0.9444444444 0.9444444444 0.9444444444 0.9444444444 0.9444444444 0.9444444444 0.9444444444 0.9444444444 0.9444444444 0.9444444444 0.9444444444 0.9444444444 0.9444444444 0.9444444444 0.9444444444 0.9444444444 0.9444444444 0.9444444444 0.9444444444 0.9444444444 0.9444444444 0.9444444444 0.9444444444 0.9444444444 0.9444444444 0.9444444444 0.9444444444 0.9444444444 0.9444444444 0.9444444444 0.9444444444 0.9444444444 0.9444444444 0.9444444444
0.0000000000 0.0605671521 0.1928082477 0.3733864804 0.5710579640 0.7516361968 0.8838772924 0.9444444444 
-0.5000000000 -0.4839675186 -0.4489625227 -0.4011624022 -0.3488375978 -0.3010374773 -0.2660324814 -0.2500000000 
0 2 0 19 
1 0 1 0 
0.9444444444 1.0050115965 1.1372526921 1.3178309249 1.5155024085 1.6960806412 1.8283217368 1.8888888889 
-0.5000000000 -0.4839675186 -0.4489625227 -0.4011624022 -0.3488375978 -0.3010374773 -0.2660324814 -0.2500000000 
1 3 0 20 
0 0 1 0 
1.8888888889 1.9494560410 2.0816971365 2.2622753693 2.4599468529 2.6405250857 2.7727661812 2.8333333333 
-0.5000000000 -0.4839675186 -0.4489625227 -0.4011624022 -0.3488375978 -0.3010374773 -0.2660324814 -0.2500000000 
2 4 0 21 
0 0 1 0 
2.8333333333 2.8939004854 3.0261415810 3.2067198138 3.4043912973 3.5849695301 3.7172106257 3.7777777778 
-0.5000000000 -0.4839675186 -0.4489625227 -0.4011624022 -0.3488375978 -0.3010374773 -0.2660324814 -0.2500000000 
3 5 0 22 
0 0 1 0 
3.7777777778 3.8383449299 3.9705860254 4.1511642582 4.3488357418 4.5294139746 4.6616550701 4.7222222222 
-0.5000000000 -0.4839675186 -0.4489625227 -0.4011624022 -0.3488375978 -0.3010374773 -0.2660324814 -0.2500000000 
4 6 0 23 
0 0 1 0 
4.7222222222 4.7827893743 4.9150304699 5.0956087027 5.2932801862 5.4738584190 5.6060995146 5.6666666667 
-0.5000000000 -0.4839675186 -0.4489625227 -0.4011624022 -0.3488375978 -0.3010374773 -0.2660324814 -0.2500000000 
5 7 0 24 
0 0 1 0 
5.6666666667 5.7272338188 5.8594749143 6.0400531471 6.2377246307 6.4183028635 6.5505439590 6.6111111111 
-0.5000000000 -0.4839675186 -0.4489625227 -0.4011624022 -0.3488375978 -0.3010374773 -0.2660324814 -0.2500000000 
6 8 0 25 
0 0 1 0 
6.6111111111 6.6716782632 6.8039193588 6.9844975915 7.1821690751 7.3627473079 7.4949884035 7.5555555556 
-0.5000000000 -0.4839675186 -0.4489625227 -0.4011624022 -0.3488375978 -0.3010374773 -0.2660324814 -0.2500000000 
7 9 0 26 
0 0 1 0 
7.5555555556 7.6161227076 7.7483638032 7.9289420360 8.1266135196 8.3071917523 8.4394328479 8.5000000000 
-0.5000000000 -0.4839675186 -0.4489625227 -0.4011624022 -0.3488375978 -0.3010374773 -0.2660324814 -0.2500000000 
8 10 0 27 
0 0 1 0 
8.5000000000 8.5605671521 8.6928082477 8.8733864804 9.0710579640 9.2516361968 9.3838772924 9.4444444444 
-0.5000000000 -0.4839675186 -0.4489625227 -0.4011624022 -0.3488375978 -0.3010374773 -0.2660324814 -0.2500000000 
9 11 0 28 
0 0 1 0 
9.4444444444 9.5050115965 9.6372526921 9.8178309249 10.0155024085 10.1960806412 10.3283217368 10.3888888889 
-0.5000000000 -0.4839675186 -0.4489625227 -0.4011624022 -0.3488375978 -0.3010374773 -0.2660324814 -0.2500000000 
10 12 0 29 
0 0 1 0 
10.3888888889 10.4494560410 10.5816971365 10.7622753693 10.9599468529 11.1405250857 11.2727661812 11.3333333333 
-0.5000000000 -0.4839675186 -0.4489625227 -0.4011624022 -0.3488375978 -0.3010374773 -0.2660324814 -0.2500000000 
11 13 0 30 
0 0 1 0 
11.3333333333 11.3939004854 11.5261415810 11.7067198138 11.9043912973 12.0849695301 12.2172106257 12.2777777778 
-0.5000000000 -0.4839675186 -0.4489625227 -0.4011624022 -0.3488375978 -0.3010374773 -0.2660324814 -0.2500000000 
12 14 0 31 
0 0 1 0 
12.2777777778 12.3383449299 12.4705860254 12.6511642582 12.8488357418 13.0294139746 13.1616550701 13.2222222222 
-0.5000000000 -0.4839675186 -0.4489625227 -0.4011624022 -0.3488375978 -0.3010374773 -0.2660324814 -0.2500000000 
13 15 0 32 
0 0 1 0 
13.2222222222 13.2827893743 13.4150304699 13.5956087027 13.7932801862 13.9738584190 14.1060995146 14.1666666667 
-0.5000000000 -0.4839675186 -0.4489625227 -0.4011624022 -0.3488375978 -0.3010374773 -0.2660324814 -0.2500000000 
14 16 0 33 
0 0 1 0 
14.1666666667 14.2272338188 14.3594749143 14.5400531471 14.7377246307 14.9183028635 15.0505439590 15.1111111111 
-0.5000000000 -0.4839675186 -0.4489625227 -0.4011624022 -0.3488375978 -0.3010374773 -0.2660324814 -0.2500000000 
15 17 0 34 
0 0 1 0 
15.1111111111 15.1716782632 15.3039193588 15.4844975915 15.6821690751 15.8627473079 15.9949884035 16.0555555556 
-0.5000000000 -0.4839675186 -0.4489625227 -0.4011624022 -0.3488375978 -0.3010374773 -0.2660324814 -0.2500000000 
16 18 0 35 
0 0 1 0 
16.0555555556 16.1161227076 16.2483638032 16.4289420360 16.6266135196 16.8071917523 16.9394328479 17.0000000000 
-0.5000000000 -0.4839675186 -0.4489625227 -0.4011624022 -0.3488375978 -0.3010374773 -0.2660324814 -0.2500000000 
17 0 0 36 
0 4 1 0 
0.0000000000 0.0605671521 0.1928082477 0.3733864804 0.5710579640 0.7516361968 0.8838772924 0.9444444444 
-0.2500000000 -0.2339675186 -0.1989625227 -0.1511624022 -0.0988375978 -0.0510374773 -0.0160324814 0.0000000000 
0 20 1 37 
1 0 0 0 
0.9444444444 1.0050115965 1.1372526921 1.3178309249 1.5155024085 1.6960806412 1.8283217368 1.8888888889 
-0.2500000000 -0.2339675186 -0.1989625227 -0.1511624022 -0.0988375978 -0.0510374773 -0.0160324814 0.0000000000 
19 21 2 38 
0 0 0 0 
1.8888888889 1.9494560410 2.0816971365 2.2622753693 2.4599468529 2.6405250857 2.7727661812 2.8333333333 
-0.2500000000 -0.2339675186 -0.1989625227 -0.1511624022 -0.0988375978 -0.0510374773 -0.0160324814 0.0000000000 
20 22 3 39 
0 0 0 0 
2.8333333333 2.8939004854 3.0261415810 3.2067198138 3.4043912973 3.5849695301 3.7172106257 3.7777777778 
-0.2500000000 -0.2339675186 -0.1989625227 -0.1511624022 -0.0988375978 -0.0510374773 -0.0160324814 0.0000000000 
21 23 4 40 
0 0 0 0 
3.7777777778 3.8383449299 3.9705860254 4.1511642582 4.3488357418 4.5294139746 4.6616550701 4.7222222222 
-0.2500000000 -0.2339675186 -0.1989625227 -0.1511624022 -0.0988375978 -0.0510374773 -0.0160324814 0.0000000000 
22 24 5 41 
0 0 0 0 
4.7222222222 4.7827893743 4.9150304699 5.0956087027 5.2932801862 5.4738584190 5.6060995146 5.6666666667 
-0.2500000000 -0.2339675186 -0.1989625227 -0.1511624022 -0.0988375978 -0.0510374773 -0.0160324814 0.0000000000 
23 25 6 42 
0 0 0 0 
5.6666666667 5.7272338188 5.8594749143 6.0400531471 6.2377246307 6.4183028635 6.5505439590 6.6111111111 
-0.2500000000 -0.2339675186 -0.1989625227 -0.1511624022 -0.0988375978 -0.0510374773 -0.0160324814 0.0000000000 
24 26 7 43 
0 0 0 0 
6.6111111111 6.6716782632 6.8039193588 6.9844975915 7.1821690751 7.3627473079 7.4949884035 7.5555555556 
-0.2500000000 -0.2339675186 -0.1989625227 -0.1511624022 -0.0988375978 -0.0510374773 -0.0160324814 0.0000000000 
25 27 8 44 
0 0 0 0 
7.5555555556 7.6161227076 7.7483638032 7.9289420360 8.1266135196 8.3071917523 8.4394328479 8.5000000000 
-0.2500000000 -0.2339675186 -0.1989625227 -0.1511624022 -0.0988375978 -0.0510374773 -0.0160324814 0.0000000000 
26 28 9 45 
0 0 0 0 
8.5000000000 8.5605671521 8.6928082477 8.8733864804 9.0710579640 9.2516361968 9.3838772924 9.4444444444 
-0.2500000000 -0.2339675186 -0.1989625227 -0.1511624022 -0.0988375978 -0.0510374773 -0.0160324814 0.0000000000 
27 29 10 46 
0 0 0 0 
9.4444444444 9.5050115965 9.6372526921 9.8178309249 10.0155024085 10.1960806412 10.3283217368 10.3888888889 
-0.2500000000 -0.2339675186 -0.1989625227 -0.1511624022 -0.0988375978 -0.0510374773 -0.0160324814 0.0000000000 
28 30 11 47 
0 0 0 0 
10.3888888889 10.4494560410 10.5816971365 10.7622753693 10.9599468529 11.1405250857 11.2727661812 11.3333333333 
-0.2500000000 -0.2339675186 -0.1989625227 -0.1511624022 -0.0988375978 -0.0510374773 -0.0160324814 0.0000000000 
29 31 12 48 
0 0 0 0 
11.3333333333 11.3939004854 11.5261415810 11.7067198138 11.9043912973 12.0849695301 12.2172106257 12.2777777778 
-0.2500000000 -0.2339675186 -0.1989625227 -0.1511624022 -0.0988375978 -0.0510374773 -0.0160324814 0.0000000000 
30 32 13 49 
0 0 0 0 
12.2777777778 12.3383449299 12.4705860254 12.6511642582 12.8488357418 13.0294139746 13.1616550701 13.2222222222 
-0.2500000000 -0.2339675186 -0.1989625227 -0.1511624022 -0.0988375978 -0.0510374773 -0.0160324814 0.0000000000 
31 33 14 50 
0 0 0 0 
13.2222222222 13.2827893743 13.4150304699 13.5956087027 13.7932801862 13.9738584190 14.1060995146 14.1666666667 
-0.2500000000 -0.2339675186 -0.1989625227 -0.1511624022 -0.0988375978 -0.0510374773 -0.0160324814 0.0000000000 
32 34 15 51 
0 0 0 0 
14.1666666667 14.2272338188 14.3594749143 14.5400531471 14.7377246307 14.9183028635 15.0505439590 15.1111111111 
-0.2500000000 -0.2339675186 -0.1989625227 -0.1511624022 -0.0988375978 -0.0510374773 -0.0160324814 0.0000000000 
33 35 16 52 
0 0 0 0 
15.1111111111 15.1716782632 15.3039193588 15.4844975915 15.6821690751 15.8627473079 15.9949884035 16.0555555556 
-0.2500000000 -0.2339675186 -0.1989625227 -0.1511624022 -0.0988375978 -0.0510374773 -0.0160324814 0.0000000000 
34 36 17 53 
0 0 0 0 
16.0555555556 16.1161227076 16.2483638032 16.4289420360 16.6266135196 16.8071917523 16.9394328479 17.0000000000 
-0.2500000000 -0.2339675186 -0.1989625227 -0.1511624022 -0.0988375978 -0.0510374773 -0.0160324814 0.0000000000 
35 0 18 54 
0 4 0 0 
0.0000000000 0.0605671521 0.1928082477 0.3733864804 0.5710579640 0.7516361968 0.8838772924 0.9444444444 
0.0000000000 0.0160324814 0.0510374773 0.0988375978 0.1511624022 0.1989625227 0.2339675186 0.2500000000 
0 38 19 55 
3 0 0 0 
0.9444444444 1.0050115965 1.1372526921 1.3178309249 1.5155024085 1.6960806412 1.8283217368 1.8888888889 
0.0000000000 0.0160324814 0.0510374773 0.0988375978 0.1511624022 0.1989625227 0.2339675186 0.2500000000 
37 39 20 56 
0 0 0 0 
1.8888888889 1.9494560410 2.0816971365 2.2622753693 2.4599468529 2.6405250857 2.7727661812 2.8333333333 
0.0000000000 0.0160324814 0.0510374773 0.0988375978 0.1511624022 0.1989625227 0.2339675186 0.2500000000 
38 40 21 57 
0 0 0 0 
2.8333333333 2.8939004854 3.0261415810 3.2067198138 3.4043912973 3.5849695301 3.7172106257 3.7777777778 
0.0000000000 0.0160324814 0.0510374773 0.0988375978 0.1511624022 0.1989625227 0.2339675186 0.2500000000 
39 41 22 58 
0 0 0 0 
3.7777777778 3.8383449299 3.9705860254 4.1511642582 4.3488357418 4.5294139746 4.6616550701 4.7222222222 
0.0000000000 0.0160324814 0.0510374773 0.0988375978 0.1511624022 0.1989625227 0.2339675186 0.2500000000 
40 42 23 59 
0 0 0 0 
4.7222222222 4.7827893743 4.9150304699 5.0956087027 5.2932801862 5.4738584190 5.6060995146 5.6666666667 
0.0000000000 0.0160324814 0.0510374773 0.0988375978 0.1511624022 0.1989625227 0.2339675186 0.2500000000 
41 43 24 60 
0 0 0 0 
5.6666666667 5.7272338188 5.8594749143 6.0400531471 6.2377246307 6.4183028635 6.5505439590 6.6111111111 
0.0000000000 0.0160324814 0.0510374773 0.0988375978 0.1511624022 0.1989625227 0.2339675186 0.2500000000 
42 44 25 61 
0 0 0 0 
6.6111111111 6.6716782632 6.8039193588 6.9844975915 7.1821690751 7.3627473079 7.4949884035 7.5555555556 
0.0000000000 0.0160324814 0.0510374773 0.0988375978 0.1511624022 0.1989625227 0.2339675186 0.2500000000 
43 45 26 62 
0 0 0 0 
7.5555555556 7.6161227076 7.7483638032 7.9289420360 8.1266135196 8.3071917523 8.4394328479 8.5000000000 
0.0000000000 0.0160324814 0.0510374773 0.0988375978 0.1511624022 0.1989625227 0.2339675186 0.2500000000 
44 46 27 63 
0 0 0 0 
8.5000000000 8.5605671521 8.6928082477 8.8733864804 9.0710579640 9.2516361968 9.3838772924 9.4444444444 
0.0000000000 0.0160324814 0.0510374773 0.0988375978 0.1511624022 0.1989625227 0.2339675186 0.2500000000 
45 47 28 64 
0 0 0 0 
9.4444444444 9.5050115965 9.6372526921 9.8178309249 10.0155024085 10.1960806412 10.3283217368 10.3888888889 
0.0000000000 0.0160324814 0.0510374773 0.0988375978 0.1511624022 0.1989625227 0.2339675186 0.2500000000 
46 48 29 65 
0 0 0 0 
10.3888888889 10.4494560410 10.5816971365 10.7622753693 10.9599468529 11.1405250857 11.2727661812 11.3333333333 
0.0000000000 0.0160324814 0.0510374773 0.0988375978 0.1511624022 0.1989625227 0.2339675186 0.2500000000 
47 49 30 66 
0 0 0 0 
11.3333333333 11.3939004854 11.5261415810 11.7067198138 11.9043912973 12.0849695301 12.2172106257 12.2777777778 
0.0000000000 0.0160324814 0.0510374773 0.0988375978 0.1511624022 0.1989625227 0.2339675186 0.2500000000 
48 50 31 67 
0 0 0 0 
12.2777777778 12.3383449299 12.4705860254 12.6511642582 12.8488357418 13.0294139746 13.1616550701 13.2222222222 
0.0000000000 0.0160324814 0.0510374773 0.0988375978 0.1511624022 0.1989625227 0.2339675186 0.2500000000 
49 51 32 68 
0 0 0 0 
13.2222222222 13.2827893743 13.4150304699 13.5956087027 13.7932801862 13.9738584190 14.1060995146 14.1666666667 
0.0000000000 0.0160324814 0.0510374773 0.0988375978 0.1511624022 0.1989625227 0.2339675186 0.2500000000 
50 52 33 69 
0 0 0 0 
14.1666666667 14.2272338188 14.3594749143 14.5400531471 14.7377246307 14.9183028635 15.0505439590 15.1111111111 
0.0000000000 0.0160324814 0.0510374773 0.0988375978 0.1511624022 0.1989625227 0.2339675186 0.2500000000 
51 53 34 70 
0 0 0 0 
15.1111111111 15.1716782632 15.3039193588 15.4844975915 15.6821690751 15.8627473079 15.9949884035 16.0555555556 
0.0000000000 0.0160324814 0.0510374773 0.0988375978 0.1511624022 0.1989625227 0.2339675186 0.2500000000 
52 54 35 71 
0 0 0 0 
16.0555555556 16.1161227076 16.2483638032 16.4289420360 16.6266135196 16.8071917523 16.9394328479 17.0000000000 
0.0000000000 0.0160324814 0.0510374773 0.0988375978 0.1511624022 0.1989625227 0.2339675186 0.2500000000 
53 0 36 72 
0 4 0 0 
0.0000000000 0.0605671521 0.1928082477 0.3733864804 0.5710579640 0.7516361968 0.8838772924 0.9444444444 
0.2500000000 0.2660324814 0.3010374773 0.3488375978 0.4011624022 0.4489625227 0.4839675186 0.5000000000 
0 56 37 0 
3 0 0 1 
0.9444444444 1.0050115965 1.1372526921 1.3178309249 1.5155024085 1.6960806412 1.8283217368 1.8888888889 
0.2500000000 0.2660324814 0.3010374773 0.3488375978 0.4011624022 0.4489625227 0.4839675186 0.5000000000 
55 57 38 0 
0 0 0 1 
1.8888888889 1.9494560410 2.0816971365 2.2622753693 2.4599468529 2.6405250857 2.7727661812 2.8333333333 
0.2500000000 0.2660324814 0.3010374773 0.3488375978 0.4011624022 0.4489625227 0.4839675186 0.5000000000 
56 58 39 0 
0 0 0 1 
2.8333333333 2.8939004854 3.0261415810 3.2067198138 3.4043912973 3.5849695301 3.7172106257 3.7777777778 
0.2500000000 0.2660324814 0.3010374773 0.3488375978 0.4011624022 0.4489625227 0.4839675186 0.5000000000 
57 59 40 0 
0 0 0 1 
3.7777777778 3.8383449299 3.9705860254 4.1511642582 4.3488357418 4.5294139746 4.6616550701 4.7222222222 
0.2500000000 0.2660324814 0.3010374773 0.3488375978 0.4011624022 0.4489625227 0.4839675186 0.5000000000 
58 60 41 0 
0 0 0 1 
4.7222222222 4.7827893743 4.9150304699 5.0956087027 5.2932801862 5.4738584190 5.6060995146 5.6666666667 
0.2500000000 0.2660324814 0.3010374773 0.3488375978 0.4011624022 0.4489625227 0.4839675186 0.5000000000 
59 61 42 0 
0 0 0 1 
5.6666666667 5.7272338188 5.8594749143 6.0400531471 6.2377246307 6.4183028635 6.5505439590 6.6111111111 
0.2500000000 0.2660324814 0.3010374773 0.3488375978 0.4011624022 0.4489625227 0.4839675186 0.5000000000 
60 62 43 0 
0 0 0 1 
6.6111111111 6.6716782632 6.8039193588 6.9844975915 7.1821690751 7.3627473079 7.4949884035 7.5555555556 
0.2500000000 0.2660324814 0.3010374773 0.3488375978 0.4011624022 0.4489625227 0.4839675186 0.5000000000 
61 63 44 0 
0 0 0 1 
7.5555555556 7.6161227076 7.7483638032 7.9289420360 8.1266135196 8.3071917523 8.4394328479 8.5000000000 
0.2500000000 0.2660324814 0.3010374773 0.3488375978 0.4011624022 0.4489625227 0.4839675186 0.5000000000 
62 64 45 0 
0 0 0 1 
8.5000000000 8.5605671521 8.6928082477 8.8733864804 9.0710579640 9.2516361968 9.3838772924 9.4444444444 
0.2500000000 0.2660324814 0.3010374773 0.3488375978 0.4011624022 0.4489625227 0.4839675186 0.5000000000 
63 65 46 0 
0 0 0 1 
9.4444444444 9.5050115965 9.6372526921 9.8178309249 10.0155024085 10.1960806412 10.3283217368 10.3888888889 
0.2500000000 0.2660324814 0.3010374773 0.3488375978 0.4011624022 0.4489625227 0.4839675186 0.5000000000 
64 66 47 0 
0 0 0 1 
10.3888888889 10.4494560410 10.5816971365 10.7622753693 10.9599468529 11.1405250857 11.2727661812 11.3333333333 
0.2500000000 0.2660324814 0.3010374773 0.3488375978 0.4011624022 0.4489625227 0.4839675186 0.5000000000 
65 67 48 0 
0 0 0 1 
11.3333333333 11.3939004854 11.5261415810 11.7067198138 11.9043912973 12.0849695301 12.2172106257 12.2777777778 
0.2500000000 0.2660324814 0.3010374773 0.3488375978 0.4011624022 0.4489625227 0.4839675186 0.5000000000 
66 68 49 0 
0 0 0 1 
12.2777777778 12.3383449299 12.4705860254 12.6511642582 12.8488357418 13.0294139746 13.1616550701 13.2222222222 
0.2500000000 0.2660324814 0.3010374773 0.3488375978 0.4011624022 0.4489625227 0.4839675186 0.5000000000 
67 69 50 0 
0 0 0 1 
13.2222222222 13.2827893743 13.4150304699 13.5956087027 13.7932801862 13.9738584190 14.1060995146 14.1666666667 
0.2500000000 0.2660324814 0.3010374773 0.3488375978 0.4011624022 0.4489625227 0.4839675186 0.5000000000 
68 70 51 0 
0 0 0 1 
14.1666666667 14.2272338188 14.3594749143 14.5400531471 14.7377246307 14.9183028635 15.0505439590 15.1111111111 
0.2500000000 0.2660324814 0.3010374773 0.3488375978 0.4011624022 0.4489625227 0.4839675186 0.5000000000 
69 71 52 0 
0 0 0 1 
15.1111111111 15.1716782632 15.3039193588 15.4844975915 15.6821690751 15.8627473079 15.9949884035 16.0555555556 
0.2500000000 0.2660324814 0.3010374773 0.3488375978 0.4011624022 0.4489625227 0.4839675186 0.5000000000 
70 72 53 0 
0 0 0 1 
16.0555555556 16.1161227076 16.2483638032 16.4289420360 16.6266135196 16.8071917523 16.9394328479 17.0000000000 
0.2500000000 0.2660324814 0.3010374773 0.3488375978 0.4011624022 0.4489625227 0.4839675186 0.5000000000 
71 0 54 0 
0 4 0 1 
