52 7
0.2500000000 0.2500000000 0.2500000000 0.2500000000 0.2500000000 0.2500000000 0.2500000000 0.2500000000 0.2500000000 0.2500000000 0.2500000000 0.2500000000 0.2500000000 0.2500000000 0.2500000000 0.2500000000 0.2500000000 0.2500000000 0.2500000000 0.2500000000 0.2500000000 0.2500000000 0.2500000000 0.2500000000 0.2500000000 0.2500000000 0.2500000000 0.2500000000 0.2500000000 0.2500000000 0.2500000000 0.2500000000 0.2500000000 0.2500000000 0.2500000000 0.2500000000 0.2500000000 0.2500000000 0.2500000000 0.2500000000 0.2500000000 0.2500000000 0.2500000000 0.2500000000 0.2500000000 0.2500000000 0.2500000000 0.2500000000 0.2500000000 0.2500000000 0.2500000000 0.2500000000
0.8900000000 0.9100000000 0.8800000000 0.9000000000 0.9000000000 0.9000000000 1.7800000000 1.7800000000 1.7900000000 1.8000000000 1.7800000000 1.8000000000 0.8900000000 0.8900000000 0.9100000000 0.8800000000 0.9000000000 0.9000000000 0.9000000000 1.7800000000 1.7800000000 1.7900000000 1.8000000000 1.7800000000 1.8000000000 0.8900000000 0.8900000000 0.9100000000 0.8800000000 0.9000000000 0.9000000000 0.9000000000 1.7800000000 1.7800000000 1.7900000000 1.8000000000 1.7800000000 1.8000000000 0.8900000000 0.8900000000 0.9100000000 0.8800000000 0.9000000000 0.9000000000 0.9000000000 1.7800000000 1.7800000000 1.7900000000 1.8000000000 1.7800000000 1.8000000000 0.8900000000
0.0000000000 0.0755503662 0.2363622869 0.4450000000 0.6536377131 0.8144496338 0.8900000000 
-0.5000000000 -0.4787779870 -0.4336060992 -0.3750000000 -0.3163939008 -0.2712220130 -0.2500000000 
0 2 0 14 
1 0 1 0 
0.8900000000 0.9672481272 1.1316737990 1.3450000000 1.5583262010 1.7227518728 1.8000000000 
-0.5000000000 -0.4787779870 -0.4336060992 -0.3750000000 -0.3163939008 -0.2712220130 -0.2500000000 
1 3 0 15 
0 0 1 0 
1.8000000000 1.8747014856 2.0337065309 2.2400000000 2.4462934691 2.6052985144 2.6800000000 
-0.5000000000 -0.4787779870 -0.4336060992 -0.3750000000 -0.3163939008 -0.2712220130 -0.2500000000 
2 4 0 16 
0 0 1 0 
2.6800000000 2.7563992467 2.9190180429 3.1300000000 3.3409819571 3.5036007533 3.5800000000 
-0.5000000000 -0.4787779870 -0.4336060992 -0.3750000000 -0.3163939008 -0.2712220130 -0.2500000000 
3 5 0 17 
0 0 1 0 
3.5800000000 3.6563992467 3.8190180429 4.0300000000 4.2409819571 4.4036007533 4.4800000000 
-0.5000000000 -0.4787779870 -0.4336060992 -0.3750000000 -0.3163939008 -0.2712220130 -0.2500000000 
4 6 0 18 
0 0 1 0 
4.4800000000 4.5563992467 4.7190180429 4.9300000000 5.1409819571 5.3036007533 5.3800000000 
-0.5000000000 -0.4787779870 -0.4336060992 -0.3750000000 -0.3163939008 -0.2712220130 -0.2500000000 
5 7 0 19 
0 0 1 0 
5.3800000000 5.5311007323 5.8527245738 6.2700000000 6.6872754262 7.0088992677 7.1600000000 
-0.5000000000 -0.4787779870 -0.4336060992 -0.3750000000 -0.3163939008 -0.2712220130 -0.2500000000 
6 8 0 20 
0 0 1 0 
7.1600000000 7.3111007323 7.6327245738 8.0500000000 8.4672754262 8.7888992677 8.9400000000 
-0.5000000000 -0.4787779870 -0.4336060992 -0.3750000000 -0.3163939008 -0.2712220130 -0.2500000000 
7 9 0 21 
0 0 1 0 
8.9400000000 9.0919496128 9.4153803298 9.8350000000 10.2546196702 10.5780503872 10.7300000000 
-0.5000000000 -0.4787779870 -0.4336060992 -0.3750000000 -0.3163939008 -0.2712220130 -0.2500000000 
8 10 0 22 
0 0 1 0 
10.7300000000 10.8827984933 11.2080360859 11.6300000000 12.0519639141 12.3772015067 12.5300000000 
-0.5000000000 -0.4787779870 -0.4336060992 -0.3750000000 -0.3163939008 -0.2712220130 -0.2500000000 
9 11 0 23 
0 0 1 0 
12.5300000000 12.6811007323 13.0027245738 13.4200000000 13.8372754262 14.1588992677 14.3100000000 
-0.5000000000 -0.4787779870 -0.4336060992 -0.3750000000 -0.3163939008 -0.2712220130 -0.2500000000 
10 12 0 24 
0 0 1 0 
14.3100000000 14.4627984933 14.7880360859 15.2100000000 15.6319639141 15.9572015067 16.1100000000 
-0.5000000000 -0.4787779870 -0.4336060992 -0.3750000000 -0.3163939008 -0.2712220130 -0.2500000000 
11 13 0 25 
0 0 1 0 
16.1100000000 16.1855503662 16.3463622869 16.5550000000 16.7636377131 16.9244496338 17.0000000000 
-0.5000000000 -0.4787779870 -0.4336060992 -0.3750000000 -0.3163939008 -0.2712220130 -0.2500000000 
12 0 0 26 
0 4 1 0 
0.0000000000 0.0755503662 0.2363622869 0.4450000000 0.6536377131 0.8144496338 0.8900000000 
-0.2500000000 -0.2287779870 -0.1836060992 -0.1250000000 -0.0663939008 -0.0212220130 0.0000000000 
0 15 1 27 
1 0 0 0 
0.8900000000 0.9672481272 1.1316737990 1.3450000000 1.5583262010 1.7227518728 1.8000000000 
-0.2500000000 -0.2287779870 -0.1836060992 -0.1250000000 -0.0663939008 -0.0212220130 0.0000000000 
14 16 2 28 
0 0 0 0 
1.8000000000 1.8747014856 2.0337065309 2.2400000000 2.4462934691 2.6052985144 2.6800000000 
-0.2500000000 -0.2287779870 -0.1836060992 -0.1250000000 -0.0663939008 -0.0212220130 0.0000000000 
15 17 3 29 
0 0 0 0 
2.6800000000 2.7563992467 2.9190180429 3.1300000000 3.3409819571 3.5036007533 3.5800000000 
-0.2500000000 -0.2287779870 -0.1836060992 -0.1250000000 -0.0663939008 -0.0212220130 0.0000000000 
16 18 4 30 
0 0 0 0 
3.5800000000 3.6563992467 3.8190180429 4.0300000000 4.2409819571 4.4036007533 4.4800000000 
-0.2500000000 -0.2287779870 -0.1836060992 -0.1250000000 -0.0663939008 -0.0212220130 0.0000000000 
17 19 5 31 
0 0 0 0 
4.4800000000 4.5563992467 4.7190180429 4.9300000000 5.1409819571 5.3036007533 5.3800000000 
-0.2500000000 -0.2287779870 -0.1836060992 -0.1250000000 -0.0663939008 -0.0212220130 0.0000000000 
18 20 6 32 
0 0 0 0 
5.3800000000 5.5311007323 5.8527245738 6.2700000000 6.6872754262 7.0088992677 7.1600000000 
-0.2500000000 -0.2287779870 -0.1836060992 -0.1250000000 -0.0663939008 -0.0212220130 0.0000000000 
19 21 7 33 
0 0 0 0 
7.1600000000 7.3111007323 7.6327245738 8.0500000000 8.4672754262 8.7888992677 8.9400000000 
-0.2500000000 -0.2287779870 -0.1836060992 -0.1250000000 -0.0663939008 -0.0212220130 0.0000000000 
20 22 8 34 
0 0 0 0 
8.9400000000 9.0919496128 9.4153803298 9.8350000000 10.2546196702 10.5780503872 10.7300000000 
-0.2500000000 -0.2287779870 -0.1836060992 -0.1250000000 -0.0663939008 -0.0212220130 0.0000000000 
21 23 9 35 
0 0 0 0 
10.7300000000 10.8827984933 11.2080360859 11.6300000000 12.0519639141 12.3772015067 12.5300000000 
-0.2500000000 -0.2287779870 -0.1836060992 -0.1250000000 -0.0663939008 -0.0212220130 0.0000000000 
22 24 10 36 
0 0 0 0 
12.5300000000 12.6811007323 13.0027245738 13.4200000000 13.8372754262 14.1588992677 14.3100000000 
-0.2500000000 -0.2287779870 -0.1836060992 -0.1250000000 -0.0663939008 -0.0212220130 0.0000000000 
23 25 11 37 
0 0 0 0 
14.3100000000 14.4627984933 14.7880360859 15.2100000000 15.6319639141 15.9572015067 16.1100000000 
-0.2500000000 -0.2287779870 -0.1836060992 -0.1250000000 -0.0663939008 -0.0212220130 0.0000000000 
24 26 12 38 
0 0 0 0 
16.1100000000 16.1855503662 16.3463622869 16.5550000000 16.7636377131 16.9244496338 17.0000000000 
-0.2500000000 -0.2287779870 -0.1836060992 -0.1250000000 -0.0663939008 -0.0212220130 0.0000000000 
25 0 13 39 
0 4 0 0 
0.0000000000 0.0755503662 0.2363622869 0.4450000000 0.6536377131 0.8144496338 0.8900000000 
0.0000000000 0.0212220130 0.0663939008 0.1250000000 0.1836060992 0.2287779870 0.2500000000 
0 28 14 40 
3 0 0 0 
0.8900000000 0.9672481272 1.1316737990 1.3450000000 1.5583262010 1.7227518728 1.8000000000 
0.0000000000 0.0212220130 0.0663939008 0.1250000000 0.1836060992 0.2287779870 0.2500000000 
27 29 15 41 
0 0 0 0 
1.8000000000 1.8747014856 2.0337065309 2.2400000000 2.4462934691 2.6052985144 2.6800000000 
0.0000000000 0.0212220130 0.0663939008 0.1250000000 0.1836060992 0.2287779870 0.2500000000 
28 30 16 42 
0 0 0 0 
2.6800000000 2.7563992467 2.9190180429 3.1300000000 3.3409819571 3.5036007533 3.5800000000 
0.0000000000 0.0212220130 0.0663939008 0.1250000000 0.1836060992 0.2287779870 0.2500000000 
29 31 17 43 
0 0 0 0 
3.5800000000 3.6563992467 3.8190180429 4.0300000000 4.2409819571 4.4036007533 4.4800000000 
0.0000000000 0.0212220130 0.0663939008 0.1250000000 0.1836060992 0.2287779870 0.2500000000 
30 32 18 44 
0 0 0 0 
4.4800000000 4.5563992467 4.7190180429 4.9300000000 5.1409819571 5.3036007533 5.3800000000 
0.0000000000 0.0212220130 0.0663939008 0.1250000000 0.1836060992 0.2287779870 0.2500000000 
31 33 19 45 
0 0 0 0 
5.3800000000 5.5311007323 5.8527245738 6.2700000000 6.6872754262 7.0088992677 7.1600000000 
0.0000000000 0.0212220130 0.0663939008 0.1250000000 0.1836060992 0.2287779870 0.2500000000 
32 34 20 46 
0 0 0 0 
7.1600000000 7.3111007323 7.6327245738 8.0500000000 8.4672754262 8.7888992677 8.9400000000 
0.0000000000 0.0212220130 0.0663939008 0.1250000000 0.1836060992 0.2287779870 0.2500000000 
33 35 21 47 
0 0 0 0 
8.9400000000 9.0919496128 9.4153803298 9.8350000000 10.2546196702 10.5780503872 10.7300000000 
0.0000000000 0.0212220130 0.0663939008 0.1250000000 0.1836060992 0.2287779870 0.2500000000 
34 36 22 48 
0 0 0 0 
10.7300000000 10.8827984933 11.2080360859 11.6300000000 12.0519639141 12.3772015067 12.5300000000 
0.0000000000 0.0212220130 0.0663939008 0.1250000000 0.1836060992 0.2287779870 0.2500000000 
35 37 23 49 
0 0 0 0 
12.5300000000 12.6811007323 13.0027245738 13.4200000000 13.8372754262 14.1588992677 14.3100000000 
0.0000000000 0.0212220130 0.0663939008 0.1250000000 0.1836060992 0.2287779870 0.2500000000 
36 38 24 50 
0 0 0 0 
14.3100000000 14.4627984933 14.7880360859 15.2100000000 15.6319639141 15.9572015067 16.1100000000 
0.0000000000 0.0212220130 0.0663939008 0.1250000000 0.1836060992 0.2287779870 0.2500000000 
37 39 25 51 
0 0 0 0 
16.1100000000 16.1855503662 16.3463622869 16.5550000000 16.7636377131 16.9244496338 17.0000000000 
0.0000000000 0.0212220130 0.0663939008 0.1250000000 0.1836060992 0.2287779870 0.2500000000 
38 0 26 52 
0 4 0 0 
0.0000000000 0.0755503662 0.2363622869 0.4450000000 0.6536377131 0.8144496338 0.8900000000 
0.2500000000 0.2712220130 0.3163939008 0.3750000000 0.4336060992 0.4787779870 0.5000000000 
0 41 27 0 
3 0 0 1 
0.8900000000 0.9672481272 1.1316737990 1.3450000000 1.5583262010 1.7227518728 1.8000000000 
0.2500000000 0.2712220130 0.3163939008 0.3750000000 0.4336060992 0.4787779870 0.5000000000 
40 42 28 0 
0 0 0 1 
1.8000000000 1.8747014856 2.0337065309 2.2400000000 2.4462934691 2.6052985144 2.6800000000 
0.2500000000 0.2712220130 0.3163939008 0.3750000000 0.4336060992 0.4787779870 0.5000000000 
41 43 29 0 
0 0 0 1 
2.6800000000 2.7563992467 2.9190180429 3.1300000000 3.3409819571 3.5036007533 3.5800000000 
0.2500000000 0.2712220130 0.3163939008 0.3750000000 0.4336060992 0.4787779870 0.5000000000 
42 44 30 0 
0 0 0 1 
3.5800000000 3.6563992467 3.8190180429 4.0300000000 4.2409819571 4.4036007533 4.4800000000 
0.2500000000 0.2712220130 0.3163939008 0.3750000000 0.4336060992 0.4787779870 0.5000000000 
43 45 31 0 
0 0 0 1 
4.4800000000 4.5563992467 4.7190180429 4.9300000000 5.1409819571 5.3036007533 5.3800000000 
0.2500000000 0.2712220130 0.3163939008 0.3750000000 0.4336060992 0.4787779870 0.5000000000 
44 46 32 0 
0 0 0 1 
5.3800000000 5.5311007323 5.8527245738 6.2700000000 6.6872754262 7.0088992677 7.1600000000 
0.2500000000 0.2712220130 0.3163939008 0.3750000000 0.4336060992 0.4787779870 0.5000000000 
45 47 33 0 
0 0 0 1 
7.1600000000 7.3111007323 7.6327245738 8.0500000000 8.4672754262 8.7888992677 8.9400000000 
0.2500000000 0.2712220130 0.3163939008 0.3750000000 0.4336060992 0.4787779870 0.5000000000 
46 48 34 0 
0 0 0 1 
8.9400000000 9.0919496128 9.4153803298 9.8350000000 10.2546196702 10.5780503872 10.7300000000 
0.2500000000 0.2712220130 0.3163939008 0.3750000000 0.4336060992 0.4787779870 0.5000000000 
47 49 35 0 
0 0 0 1 
10.7300000000 10.8827984933 11.2080360859 11.6300000000 12.0519639141 12.3772015067 12.5300000000 
0.2500000000 0.2712220130 0.3163939008 0.3750000000 0.4336060992 0.4787779870 0.5000000000 
48 50 36 0 
0 0 0 1 
12.5300000000 12.6811007323 13.0027245738 13.4200000000 13.8372754262 14.1588992677 14.3100000000 
0.2500000000 0.2712220130 0.3163939008 0.3750000000 0.4336060992 0.4787779870 0.5000000000 
49 51 37 0 
0 0 0 1 
14.3100000000 14.4627984933 14.7880360859 15.2100000000 15.6319639141 15.9572015067 16.1100000000 
0.2500000000 0.2712220130 0.3163939008 0.3750000000 0.4336060992 0.4787779870 0.5000000000 
50 52 38 0 
0 0 0 1 
16.1100000000 16.1855503662 16.3463622869 16.5550000000 16.7636377131 16.9244496338 17.0000000000 
0.2500000000 0.2712220130 0.3163939008 0.3750000000 0.4336060992 0.4787779870 0.5000000000 
51 0 39 0 
0 4 0 1 
