44 7
0.2500000000 0.2500000000 0.2500000000 0.2500000000 0.2500000000 0.2500000000 0.2500000000 0.2500000000 0.2500000000 0.2500000000 0.2500000000 0.2500000000 0.2500000000 0.2500000000 0.2500000000 0.2500000000 0.2500000000 0.2500000000 0.2500000000 0.2500000000 0.2500000000 0.2500000000 0.2500000000 0.2500000000 0.2500000000 0.2500000000 0.2500000000 0.2500000000 0.2500000000 0.2500000000 0.2500000000 0.2500000000 0.2500000000 0.2500000000 0.2500000000 0.2500000000 0.2500000000 0.2500000000 0.2500000000 0.2500000000 0.2500000000 0.2500000000 0.2500000000 0.2500000000
1.5454545455 1.5454545455 1.5454545455 1.5454545455 1.5454545455 1.5454545455 1.5454545455 1.5454545455 1.5454545455 1.5454545455 1.5454545455 1.5454545455 1.5454545455 1.5454545455 1.5454545455 1.5454545455 1.5454545455 1.5454545455 1.5454545455 1.5454545455 1.5454545455 1.5454545455 1.5454545455 1.5454545455 1.5454545455 1.5454545455 1.5454545455 1.5454545455 1.5454545455 1.5454545455 1.5454545455 1.5454545455 1.5454545455 1.5454545455 1.5454545455 1.5454545455 1.5454545455 1.5454545455 1.5454545455 1.5454545455 1.5454545455 1.5454545455 1.5454545455 1.5454545455
0.0000000000 0.1311906256 0.4104350232 0.7727272727 1.1350195222 1.4142639199 1.5454545455 
-0.5000000000 -0.4787779870 -0.4336060992 -0.3750000000 -0.3163939008 -0.2712220130 -0.2500000000 
0 2 0 12 
1 0 1 0 
1.5454545455 1.6766451711 1.9558895687 2.3181818182 2.6804740677 2.9597184653 3.0909090909 
-0.5000000000 -0.4787779870 -0.4336060992 -0.3750000000 -0.3163939008 -0.2712220130 -0.2500000000 
1 3 0 13 
0 0 1 0 
3.0909090909 3.2220997165 3.5013441141 3.8636363636 4.2259286131 4.5051730108 4.6363636364 
-0.5000000000 -0.4787779870 -0.4336060992 -0.3750000000 -0.3163939008 -0.2712220130 -0.2500000000 
2 4 0 14 
0 0 1 0 
4.6363636364 4.7675542620 5.0467986596 5.4090909091 5.7713831586 6.0506275562 6.1818181818 
-0.5000000000 -0.4787779870 -0.4336060992 -0.3750000000 -0.3163939008 -0.2712220130 -0.2500000000 
3 5 0 15 
0 0 1 0 
6.1818181818 6.3130088074 6.5922532050 6.9545454545 7.3168377040 7.5960821017 7.7272727273 
-0.5000000000 -0.4787779870 -0.4336060992 -0.3750000000 -0.3163939008 -0.2712220130 -0.2500000000 
4 6 0 16 
0 0 1 0 
7.7272727273 7.8584633529 8.1377077505 8.5000000000 8.8622922495 9.1415366471 9.2727272727 
-0.5000000000 -0.4787779870 -0.4336060992 -0.3750000000 -0.3163939008 -0.2712220130 -0.2500000000 
5 7 0 17 
0 0 1 0 
9.2727272727 9.4039178983 9.6831622960 10.0454545455 10.4077467950 10.6869911926 10.8181818182 
-0.5000000000 -0.4787779870 -0.4336060992 -0.3750000000 -0.3163939008 -0.2712220130 -0.2500000000 
6 8 0 18 
0 0 1 0 
10.8181818182 10.9493724438 11.2286168414 11.5909090909 11.9532013404 12.2324457380 12.3636363636 
-0.5000000000 -0.4787779870 -0.4336060992 -0.3750000000 -0.3163939008 -0.2712220130 -0.2500000000 
7 9 0 19 
0 0 1 0 
12.3636363636 12.4948269892 12.7740713869 13.1363636364 13.4986558859 13.7779002835 13.9090909091 
-0.5000000000 -0.4787779870 -0.4336060992 -0.3750000000 -0.3163939008 -0.2712220130 -0.2500000000 
8 10 0 20 
0 0 1 0 
13.9090909091 14.0402815347 14.3195259323 14.6818181818 15.0441104313 15.3233548289 15.4545454545 
-0.5000000000 -0.4787779870 -0.4336060992 -0.3750000000 -0.3163939008 -0.2712220130 -0.2500000000 
9 11 0 21 
0 0 1 0 
15.4545454545 15.5857360801 15.8649804778 16.2272727273 16.5895649768 16.8688093744 17.0000000000 
-0.5000000000 -0.4787779870 -0.4336060992 -0.3750000000 -0.3163939008 -0.2712220130 -0.2500000000 
10 0 0 22 
0 4 1 0 
0.0000000000 0.1311906256 0.4104350232 0.7727272727 1.1350195222 1.4142639199 1.5454545455 
-0.2500000000 -0.2287779870 -0.1836060992 -0.1250000000 -0.0663939008 -0.0212220130 0.0000000000 
0 13 1 23 
1 0 0 0 
1.5454545455 1.6766451711 1.9558895687 2.3181818182 2.6804740677 2.9597184653 3.0909090909 
-0.2500000000 -0.2287779870 -0.1836060992 -0.1250000000 -0.0663939008 -0.0212220130 0.0000000000 
12 14 2 24 
0 0 0 0 
3.0909090909 3.2220997165 3.5013441141 3.8636363636 4.2259286131 4.5051730108 4.6363636364 
-0.2500000000 -0.2287779870 -0.1836060992 -0.1250000000 -0.0663939008 -0.0212220130 0.0000000000 
13 15 3 25 
0 0 0 0 
4.6363636364 4.7675542620 5.0467986596 5.4090909091 5.7713831586 6.0506275562 6.1818181818 
-0.2500000000 -0.2287779870 -0.1836060992 -0.1250000000 -0.0663939008 -0.0212220130 0.0000000000 
14 16 4 26 
0 0 0 0 
6.1818181818 6.3130088074 6.5922532050 6.9545454545 7.3168377040 7.5960821017 7.7272727273 
-0.2500000000 -0.2287779870 -0.1836060992 -0.1250000000 -0.0663939008 -0.0212220130 0.0000000000 
15 17 5 27 
0 0 0 0 
7.7272727273 7.8584633529 8.1377077505 8.5000000000 8.8622922495 9.1415366471 9.2727272727 
-0.2500000000 -0.2287779870 -0.1836060992 -0.1250000000 -0.0663939008 -0.0212220130 0.0000000000 
16 18 6 28 
0 0 0 0 
9.2727272727 9.4039178983 9.6831622960 10.0454545455 10.4077467950 10.6869911926 10.8181818182 
-0.2500000000 -0.2287779870 -0.1836060992 -0.1250000000 -0.0663939008 -0.0212220130 0.0000000000 
17 19 7 29 
0 0 0 0 
10.8181818182 10.9493724438 11.2286168414 11.5909090909 11.9532013404 12.2324457380 12.3636363636 
-0.2500000000 -0.2287779870 -0.1836060992 -0.1250000000 -0.0663939008 -0.0212220130 0.0000000000 
18 20 8 30 
0 0 0 0 
12.3636363636 12.4948269892 12.7740713869 13.1363636364 13.4986558859 13.7779002835 13.9090909091 
-0.2500000000 -0.2287779870 -0.1836060992 -0.1250000000 -0.0663939008 -0.0212220130 0.0000000000 
19 21 9 31 
0 0 0 0 
13.9090909091 14.0402815347 14.3195259323 14.6818181818 15.0441104313 15.3233548289 15.4545454545 
-0.2500000000 -0.2287779870 -0.1836060992 -0.1250000000 -0.0663939008 -0.0212220130 0.0000000000 
20 22 10 32 
0 0 0 0 
15.4545454545 15.5857360801 15.8649804778 16.2272727273 16.5895649768 16.8688093744 17.0000000000 
-0.2500000000 -0.2287779870 -0.1836060992 -0.1250000000 -0.0663939008 -0.0212220130 0.0000000000 
21 0 11 33 
0 4 0 0 
0.0000000000 0.1311906256 0.4104350232 0.7727272727 1.1350195222 1.4142639199 1.5454545455 
0.0000000000 0.0212220130 0.0663939008 0.1250000000 0.1836060992 0.2287779870 0.2500000000 
0 24 12 34 
3 0 0 0 
1.5454545455 1.6766451711 1.9558895687 2.3181818182 2.6804740677 2.9597184653 3.0909090909 
0.0000000000 0.0212220130 0.0663939008 0.1250000000 0.1836060992 0.2287779870 0.2500000000 
23 25 13 35 
0 0 0 0 
3.0909090909 3.2220997165 3.5013441141 3.8636363636 4.2259286131 4.5051730108 4.6363636364 
0.0000000000 0.0212220130 0.0663939008 0.1250000000 0.1836060992 0.2287779870 0.2500000000 
24 26 14 36 
0 0 0 0 
4.6363636364 4.7675542620 5.0467986596 5.4090909091 5.7713831586 6.0506275562 6.1818181818 
0.0000000000 0.0212220130 0.0663939008 0.1250000000 0.1836060992 0.2287779870 0.2500000000 
25 27 15 37 
0 0 0 0 
6.1818181818 6.3130088074 6.5922532050 6.9545454545 7.3168377040 7.5960821017 7.7272727273 
0.0000000000 0.0212220130 0.0663939008 0.1250000000 0.1836060992 0.2287779870 0.2500000000 
26 28 16 38 
0 0 0 0 
7.7272727273 7.8584633529 8.1377077505 8.5000000000 8.8622922495 9.1415366471 9.2727272727 
0.0000000000 0.0212220130 0.0663939008 0.1250000000 0.1836060992 0.2287779870 0.2500000000 
27 29 17 39 
0 0 0 0 
9.2727272727 9.4039178983 9.6831622960 10.0454545455 10.4077467950 10.6869911926 10.8181818182 
0.0000000000 0.0212220130 0.0663939008 0.1250000000 0.1836060992 0.2287779870 0.2500000000 
28 30 18 40 
0 0 0 0 
10.8181818182 10.9493724438 11.2286168414 11.5909090909 11.9532013404 12.2324457380 12.3636363636 
0.0000000000 0.0212220130 0.0663939008 0.1250000000 0.1836060992 0.2287779870 0.2500000000 
29 31 19 41 
0 0 0 0 
12.3636363636 12.4948269892 12.7740713869 13.1363636364 13.4986558859 13.7779002835 13.9090909091 
0.0000000000 0.0212220130 0.0663939008 0.1250000000 0.1836060992 0.2287779870 0.2500000000 
30 32 20 42 
0 0 0 0 
13.9090909091 14.0402815347 14.3195259323 14.6818181818 15.0441104313 15.3233548289 15.4545454545 
0.0000000000 0.0212220130 0.0663939008 0.1250000000 0.1836060992 0.2287779870 0.2500000000 
31 33 21 43 
0 0 0 0 
15.4545454545 15.5857360801 15.8649804778 16.2272727273 16.5895649768 16.8688093744 17.0000000000 
0.0000000000 0.0212220130 0.0663939008 0.1250000000 0.1836060992 0.2287779870 0.2500000000 
32 0 22 44 
0 4 0 0 
0.0000000000 0.1311906256 0.4104350232 0.7727272727 1.1350195222 1.4142639199 1.5454545455 
0.2500000000 0.2712220130 0.3163939008 0.3750000000 0.4336060992 0.4787779870 0.5000000000 
0 35 23 0 
3 0 0 1 
1.5454545455 1.6766451711 1.9558895687 2.3181818182 2.6804740677 2.9597184653 3.0909090909 
0.2500000000 0.2712220130 0.3163939008 0.3750000000 0.4336060992 0.4787779870 0.5000000000 
34 36 24 0 
0 0 0 1 
3.0909090909 3.2220997165 3.5013441141 3.8636363636 4.2259286131 4.5051730108 4.6363636364 
0.2500000000 0.2712220130 0.3163939008 0.3750000000 0.4336060992 0.4787779870 0.5000000000 
35 37 25 0 
0 0 0 1 
4.6363636364 4.7675542620 5.0467986596 5.4090909091 5.7713831586 6.0506275562 6.1818181818 
0.2500000000 0.2712220130 0.3163939008 0.3750000000 0.4336060992 0.4787779870 0.5000000000 
36 38 26 0 
0 0 0 1 
6.1818181818 6.3130088074 6.5922532050 6.9545454545 7.3168377040 7.5960821017 7.7272727273 
0.2500000000 0.2712220130 0.3163939008 0.3750000000 0.4336060992 0.4787779870 0.5000000000 
37 39 27 0 
0 0 0 1 
7.7272727273 7.8584633529 8.1377077505 8.5000000000 8.8622922495 9.1415366471 9.2727272727 
0.2500000000 0.2712220130 0.3163939008 0.3750000000 0.4336060992 0.4787779870 0.5000000000 
38 40 28 0 
0 0 0 1 
9.2727272727 9.4039178983 9.6831622960 10.0454545455 10.4077467950 10.6869911926 10.8181818182 
0.2500000000 0.2712220130 0.3163939008 0.3750000000 0.4336060992 0.4787779870 0.5000000000 
39 41 29 0 
0 0 0 1 
10.8181818182 10.9493724438 11.2286168414 11.5909090909 11.9532013404 12.2324457380 12.3636363636 
0.2500000000 0.2712220130 0.3163939008 0.3750000000 0.4336060992 0.4787779870 0.5000000000 
40 42 30 0 
0 0 0 1 
12.3636363636 12.4948269892 12.7740713869 13.1363636364 13.4986558859 13.7779002835 13.9090909091 
0.2500000000 0.2712220130 0.3163939008 0.3750000000 0.4336060992 0.4787779870 0.5000000000 
41 43 31 0 
0 0 0 1 
13.9090909091 14.0402815347 14.3195259323 14.6818181818 15.0441104313 15.3233548289 15.4545454545 
0.2500000000 0.2712220130 0.3163939008 0.3750000000 0.4336060992 0.4787779870 0.5000000000 
42 44 32 0 
0 0 0 1 
15.4545454545 15.5857360801 15.8649804778 16.2272727273 16.5895649768 16.8688093744 17.0000000000 
0.2500000000 0.2712220130 0.3163939008 0.3750000000 0.4336060992 0.4787779870 0.5000000000 
43 0 33 0 
0 4 0 1 
