44 6
0.2500000000 0.2500000000 0.2500000000 0.2500000000 0.2500000000 0.2500000000 0.2500000000 0.2500000000 0.2500000000 0.2500000000 0.2500000000 0.2500000000 0.2500000000 0.2500000000 0.2500000000 0.2500000000 0.2500000000 0.2500000000 0.2500000000 0.2500000000 0.2500000000 0.2500000000 0.2500000000 0.2500000000 0.2500000000 0.2500000000 0.2500000000 0.2500000000 0.2500000000 0.2500000000 0.2500000000 0.2500000000 0.2500000000 0.2500000000 0.2500000000 0.2500000000 0.2500000000 0.2500000000 0.2500000000 0.2500000000 0.2500000000 0.2500000000 0.2500000000 0.2500000000
1.0000000000 1.0000000000 1.0000000000 1.0000000000 1.0000000000 2.0000000000 2.0000000000 2.0000000000 2.0000000000 2.0000000000 2.0000000000 1.0000000000 1.0000000000 1.0000000000 1.0000000000 1.0000000000 2.0000000000 2.0000000000 2.0000000000 2.0000000000 2.0000000000 2.0000000000 1.0000000000 1.0000000000 1.0000000000 1.0000000000 1.0000000000 2.0000000000 2.0000000000 2.0000000000 2.0000000000 2.0000000000 2.0000000000 1.0000000000 1.0000000000 1.0000000000 1.0000000000 1.0000000000 2.0000000000 2.0000000000 2.0000000000 2.0000000000 2.0000000000 2.0000000000
0.0000000000 0.1174723380 0.3573842418 0.6426157582 0.8825276620 1.0000000000 
-0.5000000000 -0.4706319155 -0.4106539396 -0.3393460604 -0.2793680845 -0.2500000000 
0 2 0 12 
1 0 1 0 
1.0000000000 1.1174723380 1.3573842418 1.6426157582 1.8825276620 2.0000000000 
-0.5000000000 -0.4706319155 -0.4106539396 -0.3393460604 -0.2793680845 -0.2500000000 
1 3 0 13 
0 0 1 0 
2.0000000000 2.1174723380 2.3573842418 2.6426157582 2.8825276620 3.0000000000 
-0.5000000000 -0.4706319155 -0.4106539396 -0.3393460604 -0.2793680845 -0.2500000000 
2 4 0 14 
0 0 1 0 
3.0000000000 3.1174723380 3.3573842418 3.6426157582 3.8825276620 4.0000000000 
-0.5000000000 -0.4706319155 -0.4106539396 -0.3393460604 -0.2793680845 -0.2500000000 
3 5 0 15 
0 0 1 0 
4.0000000000 4.1174723380 4.3573842418 4.6426157582 4.8825276620 5.0000000000 
-0.5000000000 -0.4706319155 -0.4106539396 -0.3393460604 -0.2793680845 -0.2500000000 
4 6 0 16 
0 0 1 0 
5.0000000000 5.2349446761 5.7147684835 6.2852315165 6.7650553239 7.0000000000 
-0.5000000000 -0.4706319155 -0.4106539396 -0.3393460604 -0.2793680845 -0.2500000000 
5 7 0 17 
0 0 1 0 
7.0000000000 7.2349446761 7.7147684835 8.2852315165 8.7650553239 9.0000000000 
-0.5000000000 -0.4706319155 -0.4106539396 -0.3393460604 -0.2793680845 -0.2500000000 
6 8 0 18 
0 0 1 0 
9.0000000000 9.2349446761 9.7147684835 10.2852315165 10.7650553239 11.0000000000 
-0.5000000000 -0.4706319155 -0.4106539396 -0.3393460604 -0.2793680845 -0.2500000000 
7 9 0 19 
0 0 1 0 
11.0000000000 11.2349446761 11.7147684835 12.2852315165 12.7650553239 13.0000000000 
-0.5000000000 -0.4706319155 -0.4106539396 -0.3393460604 -0.2793680845 -0.2500000000 
8 10 0 20 
0 0 1 0 
13.0000000000 13.2349446761 13.7147684835 14.2852315165 14.7650553239 15.0000000000 
-0.5000000000 -0.4706319155 -0.4106539396 -0.3393460604 -0.2793680845 -0.2500000000 
9 11 0 21 
0 0 1 0 
15.0000000000 15.2349446761 15.7147684835 16.2852315165 16.7650553239 17.0000000000 
-0.5000000000 -0.4706319155 -0.4106539396 -0.3393460604 -0.2793680845 -0.2500000000 
10 0 0 22 
0 4 1 0 
0.0000000000 0.1174723380 0.3573842418 0.6426157582 0.8825276620 1.0000000000 
-0.2500000000 -0.2206319155 -0.1606539396 -0.0893460604 -0.0293680845 0.0000000000 
0 13 1 23 
1 0 0 0 
1.0000000000 1.1174723380 1.3573842418 1.6426157582 1.8825276620 2.0000000000 
-0.2500000000 -0.2206319155 -0.1606539396 -0.0893460604 -0.0293680845 0.0000000000 
12 14 2 24 
0 0 0 0 
2.0000000000 2.1174723380 2.3573842418 2.6426157582 2.8825276620 3.0000000000 
-0.2500000000 -0.2206319155 -0.1606539396 -0.0893460604 -0.0293680845 0.0000000000 
13 15 3 25 
0 0 0 0 
3.0000000000 3.1174723380 3.3573842418 3.6426157582 3.8825276620 4.0000000000 
-0.2500000000 -0.2206319155 -0.1606539396 -0.0893460604 -0.0293680845 0.0000000000 
14 16 4 26 
0 0 0 0 
4.0000000000 4.1174723380 4.3573842418 4.6426157582 4.8825276620 5.0000000000 
-0.2500000000 -0.2206319155 -0.1606539396 -0.0893460604 -0.0293680845 0.0000000000 
15 17 5 27 
0 0 0 0 
5.0000000000 5.2349446761 5.7147684835 6.2852315165 6.7650553239 7.0000000000 
-0.2500000000 -0.2206319155 -0.1606539396 -0.0893460604 -0.0293680845 0.0000000000 
16 18 6 28 
0 0 0 0 
7.0000000000 7.2349446761 7.7147684835 8.2852315165 8.7650553239 9.0000000000 
-0.2500000000 -0.2206319155 -0.1606539396 -0.0893460604 -0.0293680845 0.0000000000 
17 19 7 29 
0 0 0 0 
9.0000000000 9.2349446761 9.7147684835 10.2852315165 10.7650553239 11.0000000000 
-0.2500000000 -0.2206319155 -0.1606539396 -0.0893460604 -0.0293680845 0.0000000000 
18 20 8 30 
0 0 0 0 
11.0000000000 11.2349446761 11.7147684835 12.2852315165 12.7650553239 13.0000000000 
-0.2500000000 -0.2206319155 -0.1606539396 -0.0893460604 -0.0293680845 0.0000000000 
19 21 9 31 
0 0 0 0 
13.0000000000 13.2349446761 13.7147684835 14.2852315165 14.7650553239 15.0000000000 
-0.2500000000 -0.2206319155 -0.1606539396 -0.0893460604 -0.0293680845 0.0000000000 
20 22 10 32 
0 0 0 0 
15.0000000000 15.2349446761 15.7147684835 16.2852315165 16.7650553239 17.0000000000 
-0.2500000000 -0.2206319155 -0.1606539396 -0.0893460604 -0.0293680845 0.0000000000 
21 0 11 33 
0 4 0 0 
0.0000000000 0.1174723380 0.3573842418 0.6426157582 0.8825276620 1.0000000000 
0.0000000000 0.0293680845 0.0893460604 0.1606539396 0.2206319155 0.2500000000 
0 24 12 34 
3 0 0 0 
1.0000000000 1.1174723380 1.3573842418 1.6426157582 1.8825276620 2.0000000000 
0.0000000000 0.0293680845 0.0893460604 0.1606539396 0.2206319155 0.2500000000 
23 25 13 35 
0 0 0 0 
2.0000000000 2.1174723380 2.3573842418 2.6426157582 2.8825276620 3.0000000000 
0.0000000000 0.0293680845 0.0893460604 0.1606539396 0.2206319155 0.2500000000 
24 26 14 36 
0 0 0 0 
3.0000000000 3.1174723380 3.3573842418 3.6426157582 3.8825276620 4.0000000000 
0.0000000000 0.0293680845 0.0893460604 0.1606539396 0.2206319155 0.2500000000 
25 27 15 37 
0 0 0 0 
4.0000000000 4.1174723380 4.3573842418 4.6426157582 4.8825276620 5.0000000000 
0.0000000000 0.0293680845 0.0893460604 0.1606539396 0.2206319155 0.2500000000 
26 28 16 38 
0 0 0 0 
5.0000000000 5.2349446761 5.7147684835 6.2852315165 6.7650553239 7.0000000000 
0.0000000000 0.0293680845 0.0893460604 0.1606539396 0.2206319155 0.2500000000 
27 29 17 39 
0 0 0 0 
7.0000000000 7.2349446761 7.7147684835 8.2852315165 8.7650553239 9.0000000000 
0.0000000000 0.0293680845 0.0893460604 0.1606539396 0.2206319155 0.2500000000 
28 30 18 40 
0 0 0 0 
9.0000000000 9.2349446761 9.7147684835 10.2852315165 10.7650553239 11.0000000000 
0.0000000000 0.0293680845 0.0893460604 0.1606539396 0.2206319155 0.2500000000 
29 31 19 41 
0 0 0 0 
11.0000000000 11.2349446761 11.7147684835 12.2852315165 12.7650553239 13.0000000000 
0.0000000000 0.0293680845 0.0893460604 0.1606539396 0.2206319155 0.2500000000 
30 32 20 42 
0 0 0 0 
13.0000000000 13.2349446761 13.7147684835 14.2852315165 14.7650553239 15.0000000000 
0.0000000000 0.0293680845 0.0893460604 0.1606539396 0.2206319155 0.2500000000 
31 33 21 43 
0 0 0 0 
15.0000000000 15.2349446761 15.7147684835 16.2852315165 16.7650553239 17.0000000000 
0.0000000000 0.0293680845 0.0893460604 0.1606539396 0.2206319155 0.2500000000 
32 0 22 44 
0 4 0 0 
0.0000000000 0.1174723380 0.3573842418 0.6426157582 0.8825276620 1.0000000000 
0.2500000000 0.2793680845 0.3393460604 0.4106539396 0.4706319155 0.5000000000 
0 35 23 0 
3 0 0 1 
1.0000000000 1.1174723380 1.3573842418 1.6426157582 1.8825276620 2.0000000000 
0.2500000000 0.2793680845 0.3393460604 0.4106539396 0.4706319155 0.5000000000 
34 36 24 0 
0 0 0 1 
2.0000000000 2.1174723380 2.3573842418 2.6426157582 2.8825276620 3.0000000000 
0.2500000000 0.2793680845 0.3393460604 0.4106539396 0.4706319155 0.5000000000 
35 37 25 0 
0 0 0 1 
3.0000000000 3.1174723380 3.3573842418 3.6426157582 3.8825276620 4.0000000000 
0.2500000000 0.2793680845 0.3393460604 0.4106539396 0.4706319155 0.5000000000 
36 38 26 0 
0 0 0 1 
4.0000000000 4.1174723380 4.3573842418 4.6426157582 4.8825276620 5.0000000000 
0.2500000000 0.2793680845 0.3393460604 0.4106539396 0.4706319155 0.5000000000 
37 39 27 0 
0 0 0 1 
5.0000000000 5.2349446761 5.7147684835 6.2852315165 6.7650553239 7.0000000000 
0.2500000000 0.2793680845 0.3393460604 0.4106539396 0.4706319155 0.5000000000 
38 40 28 0 
0 0 0 1 
7.0000000000 7.2349446761 7.7147684835 8.2852315165 8.7650553239 9.0000000000 
0.2500000000 0.2793680845 0.3393460604 0.4106539396 0.4706319155 0.5000000000 
39 41 29 0 
0 0 0 1 
9.0000000000 9.2349446761 9.7147684835 10.2852315165 10.7650553239 11.0000000000 
0.2500000000 0.2793680845 0.3393460604 0.4106539396 0.4706319155 0.5000000000 
40 42 30 0 
0 0 0 1 
11.0000000000 11.2349446761 11.7147684835 12.2852315165 12.7650553239 13.0000000000 
0.2500000000 0.2793680845 0.3393460604 0.4106539396 0.4706319155 0.5000000000 
41 43 31 0 
0 0 0 1 
13.0000000000 13.2349446761 13.7147684835 14.2852315165 14.7650553239 15.0000000000 
0.2500000000 0.2793680845 0.3393460604 0.4106539396 0.4706319155 0.5000000000 
42 44 32 0 
0 0 0 1 
15.0000000000 15.2349446761 15.7147684835 16.2852315165 16.7650553239 17.0000000000 
0.2500000000 0.2793680845 0.3393460604 0.4106539396 0.4706319155 0.5000000000 
43 0 33 0 
0 4 0 1 
