44 7
0.2500000000 0.2500000000 0.2500000000 0.2500000000 0.2500000000 0.2500000000 0.2500000000 0.2500000000 0.2500000000 0.2500000000 0.2500000000 0.2500000000 0.2500000000 0.2500000000 0.2500000000 0.2500000000 0.2500000000 0.2500000000 0.2500000000 0.2500000000 0.2500000000 0.2500000000 0.2500000000 0.2500000000 0.2500000000 0.2500000000 0.2500000000 0.2500000000 0.2500000000 0.2500000000 0.2500000000 0.2500000000 0.2500000000 0.2500000000 0.2500000000 0.2500000000 0.2500000000 0.2500000000 0.2500000000 0.2500000000 0.2500000000 0.2500000000 0.2500000000 0.2500000000
1.0000000000 1.0000000000 1.0000000000 1.0000000000 1.0000000000 2.0000000000 2.0000000000 2.0000000000 2.0000000000 2.0000000000 2.0000000000 1.0000000000 1.0000000000 1.0000000000 1.0000000000 1.0000000000 2.0000000000 2.0000000000 2.0000000000 2.0000000000 2.0000000000 2.0000000000 1.0000000000 1.0000000000 1.0000000000 1.0000000000 1.0000000000 2.0000000000 2.0000000000 2.0000000000 2.0000000000 2.0000000000 2.0000000000 1.0000000000 1.0000000000 1.0000000000 1.0000000000 1.0000000000 2.0000000000 2.0000000000 2.0000000000 2.0000000000 2.0000000000 2.0000000000
0.0000000000 0.0848880519 0.2655756033 0.5000000000 0.7344243967 0.9151119481 1.0000000000 
-0.5000000000 -0.4787779870 -0.4336060992 -0.3750000000 -0.3163939008 -0.2712220130 -0.2500000000 
0 2 0 12 
1 0 1 0 
1.0000000000 1.0848880519 1.2655756033 1.5000000000 1.7344243967 1.9151119481 2.0000000000 
-0.5000000000 -0.4787779870 -0.4336060992 -0.3750000000 -0.3163939008 -0.2712220130 -0.2500000000 
1 3 0 13 
0 0 1 0 
2.0000000000 2.0848880519 2.2655756033 2.5000000000 2.7344243967 2.9151119481 3.0000000000 
-0.5000000000 -0.4787779870 -0.4336060992 -0.3750000000 -0.3163939008 -0.2712220130 -0.2500000000 
2 4 0 14 
0 0 1 0 
3.0000000000 3.0848880519 3.2655756033 3.5000000000 3.7344243967 3.9151119481 4.0000000000 
-0.5000000000 -0.4787779870 -0.4336060992 -0.3750000000 -0.3163939008 -0.2712220130 -0.2500000000 
3 5 0 15 
0 0 1 0 
4.0000000000 4.0848880519 4.2655756033 4.5000000000 4.7344243967 4.9151119481 5.0000000000 
-0.5000000000 -0.4787779870 -0.4336060992 -0.3750000000 -0.3163939008 -0.2712220130 -0.2500000000 
4 6 0 16 
0 0 1 0 
5.0000000000 5.1697761037 5.5311512065 6.0000000000 6.4688487935 6.8302238963 7.0000000000 
-0.5000000000 -0.4787779870 -0.4336060992 -0.3750000000 -0.3163939008 -0.2712220130 -0.2500000000 
5 7 0 17 
0 0 1 0 
7.0000000000 7.1697761037 7.5311512065 8.0000000000 8.4688487935 8.8302238963 9.0000000000 
-0.5000000000 -0.4787779870 -0.4336060992 -0.3750000000 -0.3163939008 -0.2712220130 -0.2500000000 
6 8 0 18 
0 0 1 0 
9.0000000000 9.1697761037 9.5311512065 10.0000000000 10.4688487935 10.8302238963 11.0000000000 
-0.5000000000 -0.4787779870 -0.4336060992 -0.3750000000 -0.3163939008 -0.2712220130 -0.2500000000 
7 9 0 19 
0 0 1 0 
11.0000000000 11.1697761037 11.5311512065 12.0000000000 12.4688487935 12.8302238963 13.0000000000 
-0.5000000000 -0.4787779870 -0.4336060992 -0.3750000000 -0.3163939008 -0.2712220130 -0.2500000000 
8 10 0 20 
0 0 1 0 
13.0000000000 13.1697761037 13.5311512065 14.0000000000 14.4688487935 14.8302238963 15.0000000000 
-0.5000000000 -0.4787779870 -0.4336060992 -0.3750000000 -0.3163939008 -0.2712220130 -0.2500000000 
9 11 0 21 
0 0 1 0 
15.0000000000 15.1697761037 15.5311512065 16.0000000000 16.4688487935 16.8302238963 17.0000000000 
-0.5000000000 -0.4787779870 -0.4336060992 -0.3750000000 -0.3163939008 -0.2712220130 -0.2500000000 
10 0 0 22 
0 4 1 0 
0.0000000000 0.0848880519 0.2655756033 0.5000000000 0.7344243967 0.9151119481 1.0000000000 
-0.2500000000 -0.2287779870 -0.1836060992 -0.1250000000 -0.0663939008 -0.0212220130 0.0000000000 
0 13 1 23 
1 0 0 0 
1.0000000000 1.0848880519 1.2655756033 1.5000000000 1.7344243967 1.9151119481 2.0000000000 
-0.2500000000 -0.2287779870 -0.1836060992 -0.1250000000 -0.0663939008 -0.0212220130 0.0000000000 
12 14 2 24 
0 0 0 0 
2.0000000000 2.0848880519 2.2655756033 2.5000000000 2.7344243967 2.9151119481 3.0000000000 
-0.2500000000 -0.2287779870 -0.1836060992 -0.1250000000 -0.0663939008 -0.0212220130 0.0000000000 
13 15 3 25 
0 0 0 0 
3.0000000000 3.0848880519 3.2655756033 3.5000000000 3.7344243967 3.9151119481 4.0000000000 
-0.2500000000 -0.2287779870 -0.1836060992 -0.1250000000 -0.0663939008 -0.0212220130 0.0000000000 
14 16 4 26 
0 0 0 0 
4.0000000000 4.0848880519 4.2655756033 4.5000000000 4.7344243967 4.9151119481 5.0000000000 
-0.2500000000 -0.2287779870 -0.1836060992 -0.1250000000 -0.0663939008 -0.0212220130 0.0000000000 
15 17 5 27 
0 0 0 0 
5.0000000000 5.1697761037 5.5311512065 6.0000000000 6.4688487935 6.8302238963 7.0000000000 
-0.2500000000 -0.2287779870 -0.1836060992 -0.1250000000 -0.0663939008 -0.0212220130 0.0000000000 
16 18 6 28 
0 0 0 0 
7.0000000000 7.1697761037 7.5311512065 8.0000000000 8.4688487935 8.8302238963 9.0000000000 
-0.2500000000 -0.2287779870 -0.1836060992 -0.1250000000 -0.0663939008 -0.0212220130 0.0000000000 
17 19 7 29 
0 0 0 0 
9.0000000000 9.1697761037 9.5311512065 10.0000000000 10.4688487935 10.8302238963 11.0000000000 
-0.2500000000 -0.2287779870 -0.1836060992 -0.1250000000 -0.0663939008 -0.0212220130 0.0000000000 
18 20 8 30 
0 0 0 0 
11.0000000000 11.1697761037 11.5311512065 12.0000000000 12.4688487935 12.8302238963 13.0000000000 
-0.2500000000 -0.2287779870 -0.1836060992 -0.1250000000 -0.0663939008 -0.0212220130 0.0000000000 
19 21 9 31 
0 0 0 0 
13.0000000000 13.1697761037 13.5311512065 14.0000000000 14.4688487935 14.8302238963 15.0000000000 
-0.2500000000 -0.2287779870 -0.1836060992 -0.1250000000 -0.0663939008 -0.0212220130 0.0000000000 
20 22 10 32 
0 0 0 0 
15.0000000000 15.1697761037 15.5311512065 16.0000000000 16.4688487935 16.8302238963 17.0000000000 
-0.2500000000 -0.2287779870 -0.1836060992 -0.1250000000 -0.0663939008 -0.0212220130 0.0000000000 
21 0 11 33 
0 4 0 0 
0.0000000000 0.0848880519 0.2655756033 0.5000000000 0.7344243967 0.9151119481 1.0000000000 
0.0000000000 0.0212220130 0.0663939008 0.1250000000 0.1836060992 0.2287779870 0.2500000000 
0 24 12 34 
3 0 0 0 
1.0000000000 1.0848880519 1.2655756033 1.5000000000 1.7344243967 1.9151119481 2.0000000000 
0.0000000000 0.0212220130 0.0663939008 0.1250000000 0.1836060992 0.2287779870 0.2500000000 
23 25 13 35 
0 0 0 0 
2.0000000000 2.0848880519 2.2655756033 2.5000000000 2.7344243967 2.9151119481 3.0000000000 
0.0000000000 0.0212220130 0.0663939008 0.1250000000 0.1836060992 0.2287779870 0.2500000000 
24 26 14 36 
0 0 0 0 
3.0000000000 3.0848880519 3.2655756033 3.5000000000 3.7344243967 3.9151119481 4.0000000000 
0.0000000000 0.0212220130 0.0663939008 0.1250000000 0.1836060992 0.2287779870 0.2500000000 
25 27 15 37 
0 0 0 0 
4.0000000000 4.0848880519 4.2655756033 4.5000000000 4.7344243967 4.9151119481 5.0000000000 
0.0000000000 0.0212220130 0.0663939008 0.1250000000 0.1836060992 0.2287779870 0.2500000000 
26 28 16 38 
0 0 0 0 
5.0000000000 5.1697761037 5.5311512065 6.0000000000 6.4688487935 6.8302238963 7.0000000000 
0.0000000000 0.0212220130 0.0663939008 0.1250000000 0.1836060992 0.2287779870 0.2500000000 
27 29 17 39 
0 0 0 0 
7.0000000000 7.1697761037 7.5311512065 8.0000000000 8.4688487935 8.8302238963 9.0000000000 
0.0000000000 0.0212220130 0.0663939008 0.1250000000 0.1836060992 0.2287779870 0.2500000000 
28 30 18 40 
0 0 0 0 
9.0000000000 9.1697761037 9.5311512065 10.0000000000 10.4688487935 10.8302238963 11.0000000000 
0.0000000000 0.0212220130 0.0663939008 0.1250000000 0.1836060992 0.2287779870 0.2500000000 
29 31 19 41 
0 0 0 0 
11.0000000000 11.1697761037 11.5311512065 12.0000000000 12.4688487935 12.8302238963 13.0000000000 
0.0000000000 0.0212220130 0.0663939008 0.1250000000 0.1836060992 0.2287779870 0.2500000000 
30 32 20 42 
0 0 0 0 
13.0000000000 13.1697761037 13.5311512065 14.0000000000 14.4688487935 14.8302238963 15.0000000000 
0.0000000000 0.0212220130 0.0663939008 0.1250000000 0.1836060992 0.2287779870 0.2500000000 
31 33 21 43 
0 0 0 0 
15.0000000000 15.1697761037 15.5311512065 16.0000000000 16.4688487935 16.8302238963 17.0000000000 
0.0000000000 0.0212220130 0.0663939008 0.1250000000 0.1836060992 0.2287779870 0.2500000000 
32 0 22 44 
0 4 0 0 
0.0000000000 0.0848880519 0.2655756033 0.5000000000 0.7344243967 0.9151119481 1.0000000000 
0.2500000000 0.2712220130 0.3163939008 0.3750000000 0.4336060992 0.4787779870 0.5000000000 
0 35 23 0 
3 0 0 1 
1.0000000000 1.0848880519 1.2655756033 1.5000000000 1.7344243967 1.9151119481 2.0000000000 
0.2500000000 0.2712220130 0.3163939008 0.3750000000 0.4336060992 0.4787779870 0.5000000000 
34 36 24 0 
0 0 0 1 
2.0000000000 2.0848880519 2.2655756033 2.5000000000 2.7344243967 2.9151119481 3.0000000000 
0.2500000000 0.2712220130 0.3163939008 0.3750000000 0.4336060992 0.4787779870 0.5000000000 
35 37 25 0 
0 0 0 1 
3.0000000000 3.0848880519 3.2655756033 3.5000000000 3.7344243967 3.9151119481 4.0000000000 
0.2500000000 0.2712220130 0.3163939008 0.3750000000 0.4336060992 0.4787779870 0.5000000000 
36 38 26 0 
0 0 0 1 
4.0000000000 4.0848880519 4.2655756033 4.5000000000 4.7344243967 4.9151119481 5.0000000000 
0.2500000000 0.2712220130 0.3163939008 0.3750000000 0.4336060992 0.4787779870 0.5000000000 
37 39 27 0 
0 0 0 1 
5.0000000000 5.1697761037 5.5311512065 6.0000000000 6.4688487935 6.8302238963 7.0000000000 
0.2500000000 0.2712220130 0.3163939008 0.3750000000 0.4336060992 0.4787779870 0.5000000000 
38 40 28 0 
0 0 0 1 
7.0000000000 7.1697761037 7.5311512065 8.0000000000 8.4688487935 8.8302238963 9.0000000000 
0.2500000000 0.2712220130 0.3163939008 0.3750000000 0.4336060992 0.4787779870 0.5000000000 
39 41 29 0 
0 0 0 1 
9.0000000000 9.1697761037 9.5311512065 10.0000000000 10.4688487935 10.8302238963 11.0000000000 
0.2500000000 0.2712220130 0.3163939008 0.3750000000 0.4336060992 0.4787779870 0.5000000000 
40 42 30 0 
0 0 0 1 
11.0000000000 11.1697761037 11.5311512065 12.0000000000 12.4688487935 12.8302238963 13.0000000000 
0.2500000000 0.2712220130 0.3163939008 0.3750000000 0.4336060992 0.4787779870 0.5000000000 
41 43 31 0 
0 0 0 1 
13.0000000000 13.1697761037 13.5311512065 14.0000000000 14.4688487935 14.8302238963 15.0000000000 
0.2500000000 0.2712220130 0.3163939008 0.3750000000 0.4336060992 0.4787779870 0.5000000000 
42 44 32 0 
0 0 0 1 
15.0000000000 15.1697761037 15.5311512065 16.0000000000 16.4688487935 16.8302238963 17.0000000000 
0.2500000000 0.2712220130 0.3163939008 0.3750000000 0.4336060992 0.4787779870 0.5000000000 
43 0 33 0 
0 4 0 1 
