52 8
0.2500000000 0.2500000000 0.2500000000 0.2500000000 0.2500000000 0.2500000000 0.2500000000 0.2500000000 0.2500000000 0.2500000000 0.2500000000 0.2500000000 0.2500000000 0.2500000000 0.2500000000 0.2500000000 0.2500000000 0.2500000000 0.2500000000 0.2500000000 0.2500000000 0.2500000000 0.2500000000 0.2500000000 0.2500000000 0.2500000000 0.2500000000 0.2500000000 0.2500000000 0.2500000000 0.2500000000 0.2500000000 0.2500000000 0.2500000000 0.2500000000 0.2500000000 0.2500000000 0.2500000000 0.2500000000 0.2500000000 0.2500000000 0.2500000000 0.2500000000 0.2500000000 0.2500000000 0.2500000000 0.2500000000 0.2500000000 0.2500000000 0.2500000000 0.2500000000 0.2500000000
0.8900000000 0.9100000000 0.8800000000 0.9000000000 0.9000000000 0.9000000000 1.7800000000 1.7800000000 1.7900000000 1.8000000000 1.7800000000 1.8000000000 0.8900000000 0.8900000000 0.9100000000 0.8800000000 0.9000000000 0.9000000000 0.9000000000 1.7800000000 1.7800000000 1.7900000000 1.8000000000 1.7800000000 1.8000000000 0.8900000000 0.8900000000 0.9100000000 0.8800000000 0.9000000000 0.9000000000 0.9000000000 1.7800000000 1.7800000000 1.7900000000 1.8000000000 1.7800000000 1.8000000000 0.8900000000 0.8900000000 0.9100000000 0.8800000000 0.9000000000 0.9000000000 0.9000000000 1.7800000000 1.7800000000 1.7900000000 1.8000000000 1.7800000000 1.8000000000 0.8900000000
0.0000000000 0.0570756339 0.1816934193 0.3518618480 0.5381381520 0.7083065807 0.8329243661 0.8900000000 
-0.5000000000 -0.4839675186 -0.4489625227 -0.4011624022 -0.3488375978 -0.3010374773 -0.2660324814 -0.2500000000 
0 2 0 14 
1 0 1 0 
0.8900000000 0.9483582324 1.0757764174 1.2497688559 1.4402311441 1.6142235826 1.7416417676 1.8000000000 
-0.5000000000 -0.4839675186 -0.4489625227 -0.4011624022 -0.3488375978 -0.3010374773 -0.2660324814 -0.2500000000 
1 3 0 15 
0 0 1 0 
1.8000000000 1.8564343347 1.9796519202 2.1479083441 2.3320916559 2.5003480798 2.6235656653 2.6800000000 
-0.5000000000 -0.4839675186 -0.4489625227 -0.4011624022 -0.3488375978 -0.3010374773 -0.2660324814 -0.2500000000 
2 4 0 16 
0 0 1 0 
2.6800000000 2.7377169332 2.8637349184 3.0358153519 3.2241846481 3.3962650816 3.5222830668 3.5800000000 
-0.5000000000 -0.4839675186 -0.4489625227 -0.4011624022 -0.3488375978 -0.3010374773 -0.2660324814 -0.2500000000 
3 5 0 17 
0 0 1 0 
3.5800000000 3.6377169332 3.7637349184 3.9358153519 4.1241846481 4.2962650816 4.4222830668 4.4800000000 
-0.5000000000 -0.4839675186 -0.4489625227 -0.4011624022 -0.3488375978 -0.3010374773 -0.2660324814 -0.2500000000 
4 6 0 18 
0 0 1 0 
4.4800000000 4.5377169332 4.6637349184 4.8358153519 5.0241846481 5.1962650816 5.3222830668 5.3800000000 
-0.5000000000 -0.4839675186 -0.4489625227 -0.4011624022 -0.3488375978 -0.3010374773 -0.2660324814 -0.2500000000 
5 7 0 19 
0 0 1 0 
5.3800000000 5.4941512678 5.7433868385 6.0837236961 6.4562763039 6.7966131615 7.0458487322 7.1600000000 
-0.5000000000 -0.4839675186 -0.4489625227 -0.4011624022 -0.3488375978 -0.3010374773 -0.2660324814 -0.2500000000 
6 8 0 20 
0 0 1 0 
7.1600000000 7.2741512678 7.5233868385 7.8637236961 8.2362763039 8.5766131615 8.8258487322 8.9400000000 
-0.5000000000 -0.4839675186 -0.4489625227 -0.4011624022 -0.3488375978 -0.3010374773 -0.2660324814 -0.2500000000 
7 9 0 21 
0 0 1 0 
8.9400000000 9.0547925671 9.3054283376 9.6476772000 10.0223228000 10.3645716624 10.6152074329 10.7300000000 
-0.5000000000 -0.4839675186 -0.4489625227 -0.4011624022 -0.3488375978 -0.3010374773 -0.2660324814 -0.2500000000 
8 10 0 22 
0 0 1 0 
10.7300000000 10.8454338663 11.0974698367 11.4416307039 11.8183692961 12.1625301633 12.4145661337 12.5300000000 
-0.5000000000 -0.4839675186 -0.4489625227 -0.4011624022 -0.3488375978 -0.3010374773 -0.2660324814 -0.2500000000 
9 11 0 23 
0 0 1 0 
12.5300000000 12.6441512678 12.8933868385 13.2337236961 13.6062763039 13.9466131615 14.1958487322 14.3100000000 
-0.5000000000 -0.4839675186 -0.4489625227 -0.4011624022 -0.3488375978 -0.3010374773 -0.2660324814 -0.2500000000 
10 12 0 24 
0 0 1 0 
14.3100000000 14.4254338663 14.6774698367 15.0216307039 15.3983692961 15.7425301633 15.9945661337 16.1100000000 
-0.5000000000 -0.4839675186 -0.4489625227 -0.4011624022 -0.3488375978 -0.3010374773 -0.2660324814 -0.2500000000 
11 13 0 25 
0 0 1 0 
16.1100000000 16.1670756339 16.2916934193 16.4618618480 16.6481381520 16.8183065807 16.9429243661 17.0000000000 
-0.5000000000 -0.4839675186 -0.4489625227 -0.4011624022 -0.3488375978 -0.3010374773 -0.2660324814 -0.2500000000 
12 0 0 26 
0 4 1 0 
0.0000000000 0.0570756339 0.1816934193 0.3518618480 0.5381381520 0.7083065807 0.8329243661 0.8900000000 
-0.2500000000 -0.2339675186 -0.1989625227 -0.1511624022 -0.0988375978 -0.0510374773 -0.0160324814 0.0000000000 
0 15 1 27 
1 0 0 0 
0.8900000000 0.9483582324 1.0757764174 1.2497688559 1.4402311441 1.6142235826 1.7416417676 1.8000000000 
-0.2500000000 -0.2339675186 -0.1989625227 -0.1511624022 -0.0988375978 -0.0510374773 -0.0160324814 0.0000000000 
14 16 2 28 
0 0 0 0 
1.8000000000 1.8564343347 1.9796519202 2.1479083441 2.3320916559 2.5003480798 2.6235656653 2.6800000000 
-0.2500000000 -0.2339675186 -0.1989625227 -0.1511624022 -0.0988375978 -0.0510374773 -0.0160324814 0.0000000000 
15 17 3 29 
0 0 0 0 
2.6800000000 2.7377169332 2.8637349184 3.0358153519 3.2241846481 3.3962650816 3.5222830668 3.5800000000 
-0.2500000000 -0.2339675186 -0.1989625227 -0.1511624022 -0.0988375978 -0.0510374773 -0.0160324814 0.0000000000 
16 18 4 30 
0 0 0 0 
3.5800000000 3.6377169332 3.7637349184 3.9358153519 4.1241846481 4.2962650816 4.4222830668 4.4800000000 
-0.2500000000 -0.2339675186 -0.1989625227 -0.1511624022 -0.0988375978 -0.0510374773 -0.0160324814 0.0000000000 
17 19 5 31 
0 0 0 0 
4.4800000000 4.5377169332 4.6637349184 4.8358153519 5.0241846481 5.1962650816 5.3222830668 5.3800000000 
-0.2500000000 -0.2339675186 -0.1989625227 -0.1511624022 -0.0988375978 -0.0510374773 -0.0160324814 0.0000000000 
18 20 6 32 
0 0 0 0 
5.3800000000 5.4941512678 5.7433868385 6.0837236961 6.4562763039 6.7966131615 7.0458487322 7.1600000000 
-0.2500000000 -0.2339675186 -0.1989625227 -0.1511624022 -0.0988375978 -0.0510374773 -0.0160324814 0.0000000000 
19 21 7 33 
0 0 0 0 
7.1600000000 7.2741512678 7.5233868385 7.8637236961 8.2362763039 8.5766131615 8.8258487322 8.9400000000 
-0.2500000000 -0.2339675186 -0.1989625227 -0.1511624022 -0.0988375978 -0.0510374773 -0.0160324814 0.0000000000 
20 22 8 34 
0 0 0 0 
8.9400000000 9.0547925671 9.3054283376 9.6476772000 10.0223228000 10.3645716624 10.6152074329 10.7300000000 
-0.2500000000 -0.2339675186 -0.1989625227 -0.1511624022 -0.0988375978 -0.0510374773 -0.0160324814 0.0000000000 
21 23 9 35 
0 0 0 0 
10.7300000000 10.8454338663 11.0974698367 11.4416307039 11.8183692961 12.1625301633 12.4145661337 12.5300000000 
-0.2500000000 -0.2339675186 -0.1989625227 -0.1511624022 -0.0988375978 -0.0510374773 -0.0160324814 0.0000000000 
22 24 10 36 
0 0 0 0 
12.5300000000 12.6441512678 12.8933868385 13.2337236961 13.6062763039 13.9466131615 14.1958487322 14.3100000000 
-0.2500000000 -0.2339675186 -0.1989625227 -0.1511624022 -0.0988375978 -0.0510374773 -0.0160324814 0.0000000000 
23 25 11 37 
0 0 0 0 
14.3100000000 14.4254338663 14.6774698367 15.0216307039 15.3983692961 15.7425301633 15.9945661337 16.1100000000 
-0.2500000000 -0.2339675186 -0.1989625227 -0.1511624022 -0.0988375978 -0.0510374773 -0.0160324814 0.0000000000 
24 26 12 38 
0 0 0 0 
16.1100000000 16.1670756339 16.2916934193 16.4618618480 16.6481381520 16.8183065807 16.9429243661 17.0000000000 
-0.2500000000 -0.2339675186 -0.1989625227 -0.1511624022 -0.0988375978 -0.0510374773 -0.0160324814 0.0000000000 
25 0 13 39 
0 4 0 0 
0.0000000000 0.0570756339 0.1816934193 0.3518618480 0.5381381520 0.7083065807 0.8329243661 0.8900000000 
0.0000000000 0.0160324814 0.0510374773 0.0988375978 0.1511624022 0.1989625227 0.2339675186 0.2500000000 
0 28 14 40 
3 0 0 0 
0.8900000000 0.9483582324 1.0757764174 1.2497688559 1.4402311441 1.6142235826 1.7416417676 1.8000000000 
0.0000000000 0.0160324814 0.0510374773 0.0988375978 0.1511624022 0.1989625227 0.2339675186 0.2500000000 
27 29 15 41 
0 0 0 0 
1.8000000000 1.8564343347 1.9796519202 2.1479083441 2.3320916559 2.5003480798 2.6235656653 2.6800000000 
0.0000000000 0.0160324814 0.0510374773 0.0988375978 0.1511624022 0.1989625227 0.2339675186 0.2500000000 
28 30 16 42 
0 0 0 0 
2.6800000000 2.7377169332 2.8637349184 3.0358153519 3.2241846481 3.3962650816 3.5222830668 3.5800000000 
0.0000000000 0.0160324814 0.0510374773 0.0988375978 0.1511624022 0.1989625227 0.2339675186 0.2500000000 
29 31 17 43 
0 0 0 0 
3.5800000000 3.6377169332 3.7637349184 3.9358153519 4.1241846481 4.2962650816 4.4222830668 4.4800000000 
0.0000000000 0.0160324814 0.0510374773 0.0988375978 0.1511624022 0.1989625227 0.2339675186 0.2500000000 
30 32 18 44 
0 0 0 0 
4.4800000000 4.5377169332 4.6637349184 4.8358153519 5.0241846481 5.1962650816 5.3222830668 5.3800000000 
0.0000000000 0.0160324814 0.0510374773 0.0988375978 0.1511624022 0.1989625227 0.2339675186 0.2500000000 
31 33 19 45 
0 0 0 0 
5.3800000000 5.4941512678 5.7433868385 6.0837236961 6.4562763039 6.7966131615 7.0458487322 7.1600000000 
0.0000000000 0.0160324814 0.0510374773 0.0988375978 0.1511624022 0.1989625227 0.2339675186 0.2500000000 
32 34 20 46 
0 0 0 0 
7.1600000000 7.2741512678 7.5233868385 7.8637236961 8.2362763039 8.5766131615 8.8258487322 8.9400000000 
0.0000000000 0.0160324814 0.0510374773 0.0988375978 0.1511624022 0.1989625227 0.2339675186 0.2500000000 
33 35 21 47 
0 0 0 0 
8.9400000000 9.0547925671 9.3054283376 9.6476772000 10.0223228000 10.3645716624 10.6152074329 10.7300000000 
0.0000000000 0.0160324814 0.0510374773 0.0988375978 0.1511624022 0.1989625227 0.2339675186 0.2500000000 
34 36 22 48 
0 0 0 0 
10.7300000000 10.8454338663 11.0974698367 11.4416307039 11.8183692961 12.1625301633 12.4145661337 12.5300000000 
0.0000000000 0.0160324814 0.0510374773 0.0988375978 0.1511624022 0.1989625227 0.2339675186 0.2500000000 
35 37 23 49 
0 0 0 0 
12.5300000000 12.6441512678 12.8933868385 13.2337236961 13.6062763039 13.9466131615 14.1958487322 14.3100000000 
0.0000000000 0.0160324814 0.0510374773 0.0988375978 0.1511624022 0.1989625227 0.2339675186 0.2500000000 
36 38 24 50 
0 0 0 0 
14.3100000000 14.4254338663 14.6774698367 15.0216307039 15.3983692961 15.7425301633 15.9945661337 16.1100000000 
0.0000000000 0.0160324814 0.0510374773 0.0988375978 0.1511624022 0.1989625227 0.2339675186 0.2500000000 
37 39 25 51 
0 0 0 0 
16.1100000000 16.1670756339 16.2916934193 16.4618618480 16.6481381520 16.8183065807 16.9429243661 17.0000000000 
0.0000000000 0.0160324814 0.0510374773 0.0988375978 0.1511624022 0.1989625227 0.2339675186 0.2500000000 
38 0 26 52 
0 4 0 0 
0.0000000000 0.0570756339 0.1816934193 0.3518618480 0.5381381520 0.7083065807 0.8329243661 0.8900000000 
0.2500000000 0.2660324814 0.3010374773 0.3488375978 0.4011624022 0.4489625227 0.4839675186 0.5000000000 
0 41 27 0 
3 0 0 1 
0.8900000000 0.9483582324 1.0757764174 1.2497688559 1.4402311441 1.6142235826 1.7416417676 1.8000000000 
0.2500000000 0.2660324814 0.3010374773 0.3488375978 0.4011624022 0.4489625227 0.4839675186 0.5000000000 
40 42 28 0 
0 0 0 1 
1.8000000000 1.8564343347 1.9796519202 2.1479083441 2.3320916559 2.5003480798 2.6235656653 2.6800000000 
0.2500000000 0.2660324814 0.3010374773 0.3488375978 0.4011624022 0.4489625227 0.4839675186 0.5000000000 
41 43 29 0 
0 0 0 1 
2.6800000000 2.7377169332 2.8637349184 3.0358153519 3.2241846481 3.3962650816 3.5222830668 3.5800000000 
0.2500000000 0.2660324814 0.3010374773 0.3488375978 0.4011624022 0.4489625227 0.4839675186 0.5000000000 
42 44 30 0 
0 0 0 1 
3.5800000000 3.6377169332 3.7637349184 3.9358153519 4.1241846481 4.2962650816 4.4222830668 4.4800000000 
0.2500000000 0.2660324814 0.3010374773 0.3488375978 0.4011624022 0.4489625227 0.4839675186 0.5000000000 
43 45 31 0 
0 0 0 1 
4.4800000000 4.5377169332 4.6637349184 4.8358153519 5.0241846481 5.1962650816 5.3222830668 5.3800000000 
0.2500000000 0.2660324814 0.3010374773 0.3488375978 0.4011624022 0.4489625227 0.4839675186 0.5000000000 
44 46 32 0 
0 0 0 1 
5.3800000000 5.4941512678 5.7433868385 6.0837236961 6.4562763039 6.7966131615 7.0458487322 7.1600000000 
0.2500000000 0.2660324814 0.3010374773 0.3488375978 0.4011624022 0.4489625227 0.4839675186 0.5000000000 
45 47 33 0 
0 0 0 1 
7.1600000000 7.2741512678 7.5233868385 7.8637236961 8.2362763039 8.5766131615 8.8258487322 8.9400000000 
0.2500000000 0.2660324814 0.3010374773 0.3488375978 0.4011624022 0.4489625227 0.4839675186 0.5000000000 
46 48 34 0 
0 0 0 1 
8.9400000000 9.0547925671 9.3054283376 9.6476772000 10.0223228000 10.3645716624 10.6152074329 10.7300000000 
0.2500000000 0.2660324814 0.3010374773 0.3488375978 0.4011624022 0.4489625227 0.4839675186 0.5000000000 
47 49 35 0 
0 0 0 1 
10.7300000000 10.8454338663 11.0974698367 11.4416307039 11.8183692961 12.1625301633 12.4145661337 12.5300000000 
0.2500000000 0.2660324814 0.3010374773 0.3488375978 0.4011624022 0.4489625227 0.4839675186 0.5000000000 
48 50 36 0 
0 0 0 1 
12.5300000000 12.6441512678 12.8933868385 13.2337236961 13.6062763039 13.9466131615 14.1958487322 14.3100000000 
0.2500000000 0.2660324814 0.3010374773 0.3488375978 0.4011624022 0.4489625227 0.4839675186 0.5000000000 
49 51 37 0 
0 0 0 1 
14.3100000000 14.4254338663 14.6774698367 15.0216307039 15.3983692961 15.7425301633 15.9945661337 16.1100000000 
0.2500000000 0.2660324814 0.3010374773 0.3488375978 0.4011624022 0.4489625227 0.4839675186 0.5000000000 
50 52 38 0 
0 0 0 1 
16.1100000000 16.1670756339 16.2916934193 16.4618618480 16.6481381520 16.8183065807 16.9429243661 17.0000000000 
0.2500000000 0.2660324814 0.3010374773 0.3488375978 0.4011624022 0.4489625227 0.4839675186 0.5000000000 
51 0 39 0 
0 4 0 1 
