72 7
0.2500000000 0.2500000000 0.2500000000 0.2500000000 0.2500000000 0.2500000000 0.2500000000 0.2500000000 0.2500000000 0.2500000000 0.2500000000 0.2500000000 0.2500000000 0.2500000000 0.2500000000 0.2500000000 0.2500000000 0.2500000000 0.2500000000 0.2500000000 0.2500000000 0.2500000000 0.2500000000 0.2500000000 0.2500000000 0.2500000000 0.2500000000 0.2500000000 0.2500000000 0.2500000000 0.2500000000 0.2500000000 0.2500000000 0.2500000000 0.2500000000 0.2500000000 0.2500000000 0.2500000000 0.2500000000 0.2500000000 0.2500000000 0.2500000000 0.2500000000 0.2500000000 0.2500000000 0.2500000000 0.2500000000 0.2500000000 0.2500000000 0.2500000000 0.2500000000 0.2500000000 0.2500000000 0.2500000000 0.2500000000 0.2500000000 0.2500000000 0.2500000000 0.2500000000 0.2500000000 0.2500000000 0.2500000000 0.2500000000 0.2500000000 0.2500000000 0.2500000000 0.2500000000 0.2500000000 0.2500000000 0.2500000000 0.2500000000 0.2500000000
0.9444444444 0.9444444444 0.9444444444 0.9444444444 0.9444444444 0.9444444444 0.9444444444 0.9444444444 0.9444444444 0.9444444444 0.9444444444 0.9444444444 0.9444444444 0.9444444444 0.9444444444 0.9444444444 0.9444444444 0.9444444444 0.9444444444 0.9444444444 0.9444444444 0.9444444444 0.9444444444 0.9444444444 0.9444444444 0.9444444444 0.9444444444 0.9444444444 0.9444444444 0.9444444444 0.9444444444 0.9444444444 0.9444444444 0.9444444444 0.9444444444 0.9444444444 0.9444444444 0.9444444444 0.9444444444 0.9444444444 0.9444444444 0.9444444444 0.9444444444 0.9444444444 0.9444444444 0.9444444444 0.9444444444 0.9444444444 0.9444444444 0.9444444444 0.9444444444 0.9444444444 0.9444444444 0.9444444444 0.9444444444 0.9444444444 0.9444444444 0.9444444444 0.9444444444 0.9444444444 0.9444444444 0.9444444444 0.9444444444 0.9444444444 0.9444444444 0.9444444444 0.9444444444 0.9444444444 0.9444444444 0.9444444444 0.9444444444 0.9444444444
0.0000000000 0.0801720490 0.2508214031 0.4722222222 0.6936230414 0.8642723955 0.9444444444 
-0.5000000000 -0.4787779870 -0.4336060992 -0.3750000000 -0.3163939008 -0.2712220130 -0.2500000000 
0 2 0 19 
1 0 1 0 
0.9444444444 1.0246164934 1.1952658475 1.4166666667 1.6380674858 1.8087168399 1.8888888889 
-0.5000000000 -0.4787779870 -0.4336060992 -0.3750000000 -0.3163939008 -0.2712220130 -0.2500000000 
1 3 0 20 
0 0 1 0 
1.8888888889 1.9690609379 2.1397102920 2.3611111111 2.5825119303 2.7531612844 2.8333333333 
-0.5000000000 -0.4787779870 -0.4336060992 -0.3750000000 -0.3163939008 -0.2712220130 -0.2500000000 
2 4 0 21 
0 0 1 0 
2.8333333333 2.9135053823 3.0841547364 3.3055555556 3.5269563747 3.6976057288 3.7777777778 
-0.5000000000 -0.4787779870 -0.4336060992 -0.3750000000 -0.3163939008 -0.2712220130 -0.2500000000 
3 5 0 22 
0 0 1 0 
3.7777777778 3.8579498268 4.0285991809 4.2500000000 4.4714008191 4.6420501732 4.7222222222 
-0.5000000000 -0.4787779870 -0.4336060992 -0.3750000000 -0.3163939008 -0.2712220130 -0.2500000000 
4 6 0 23 
0 0 1 0 
4.7222222222 4.8023942712 4.9730436253 5.1944444444 5.4158452636 5.5864946177 5.6666666667 
-0.5000000000 -0.4787779870 -0.4336060992 -0.3750000000 -0.3163939008 -0.2712220130 -0.2500000000 
5 7 0 24 
0 0 1 0 
5.6666666667 5.7468387156 5.9174880697 6.1388888889 6.3602897080 6.5309390621 6.6111111111 
-0.5000000000 -0.4787779870 -0.4336060992 -0.3750000000 -0.3163939008 -0.2712220130 -0.2500000000 
6 8 0 25 
0 0 1 0 
6.6111111111 6.6912831601 6.8619325142 7.0833333333 7.3047341525 7.4753835066 7.5555555556 
-0.5000000000 -0.4787779870 -0.4336060992 -0.3750000000 -0.3163939008 -0.2712220130 -0.2500000000 
7 9 0 26 
0 0 1 0 
7.5555555556 7.6357276045 7.8063769586 8.0277777778 8.2491785969 8.4198279510 8.5000000000 
-0.5000000000 -0.4787779870 -0.4336060992 -0.3750000000 -0.3163939008 -0.2712220130 -0.2500000000 
8 10 0 27 
0 0 1 0 
8.5000000000 8.5801720490 8.7508214031 8.9722222222 9.1936230414 9.3642723955 9.4444444444 
-0.5000000000 -0.4787779870 -0.4336060992 -0.3750000000 -0.3163939008 -0.2712220130 -0.2500000000 
9 11 0 28 
0 0 1 0 
9.4444444444 9.5246164934 9.6952658475 9.9166666667 10.1380674858 10.3087168399 10.3888888889 
-0.5000000000 -0.4787779870 -0.4336060992 -0.3750000000 -0.3163939008 -0.2712220130 -0.2500000000 
10 12 0 29 
0 0 1 0 
10.3888888889 10.4690609379 10.6397102920 10.8611111111 11.0825119303 11.2531612844 11.3333333333 
-0.5000000000 -0.4787779870 -0.4336060992 -0.3750000000 -0.3163939008 -0.2712220130 -0.2500000000 
11 13 0 30 
0 0 1 0 
11.3333333333 11.4135053823 11.5841547364 11.8055555556 12.0269563747 12.1976057288 12.2777777778 
-0.5000000000 -0.4787779870 -0.4336060992 -0.3750000000 -0.3163939008 -0.2712220130 -0.2500000000 
12 14 0 31 
0 0 1 0 
12.2777777778 12.3579498268 12.5285991809 12.7500000000 12.9714008191 13.1420501732 13.2222222222 
-0.5000000000 -0.4787779870 -0.4336060992 -0.3750000000 -0.3163939008 -0.2712220130 -0.2500000000 
13 15 0 32 
0 0 1 0 
13.2222222222 13.3023942712 13.4730436253 13.6944444444 13.9158452636 14.0864946177 14.1666666667 
-0.5000000000 -0.4787779870 -0.4336060992 -0.3750000000 -0.3163939008 -0.2712220130 -0.2500000000 
14 16 0 33 
0 0 1 0 
14.1666666667 14.2468387156 14.4174880697 14.6388888889 14.8602897080 15.0309390621 15.1111111111 
-0.5000000000 -0.4787779870 -0.4336060992 -0.3750000000 -0.3163939008 -0.2712220130 -0.2500000000 
15 17 0 34 
0 0 1 0 
15.1111111111 15.1912831601 15.3619325142 15.5833333333 15.8047341525 15.9753835066 16.0555555556 
-0.5000000000 -0.4787779870 -0.4336060992 -0.3750000000 -0.3163939008 -0.2712220130 -0.2500000000 
16 18 0 35 
0 0 1 0 
16.0555555556 16.1357276045 16.3063769586 16.5277777778 16.7491785969 16.9198279510 17.0000000000 
-0.5000000000 -0.4787779870 -0.4336060992 -0.3750000000 -0.3163939008 -0.2712220130 -0.2500000000 
17 0 0 36 
0 4 1 0 
0.0000000000 0.0801720490 0.2508214031 0.4722222222 0.6936230414 0.8642723955 0.9444444444 
-0.2500000000 -0.2287779870 -0.1836060992 -0.1250000000 -0.0663939008 -0.0212220130 0.0000000000 
0 20 1 37 
1 0 0 0 
0.9444444444 1.0246164934 1.1952658475 1.4166666667 1.6380674858 1.8087168399 1.8888888889 
-0.2500000000 -0.2287779870 -0.1836060992 -0.1250000000 -0.0663939008 -0.0212220130 0.0000000000 
19 21 2 38 
0 0 0 0 
1.8888888889 1.9690609379 2.1397102920 2.3611111111 2.5825119303 2.7531612844 2.8333333333 
-0.2500000000 -0.2287779870 -0.1836060992 -0.1250000000 -0.0663939008 -0.0212220130 0.0000000000 
20 22 3 39 
0 0 0 0 
2.8333333333 2.9135053823 3.0841547364 3.3055555556 3.5269563747 3.6976057288 3.7777777778 
-0.2500000000 -0.2287779870 -0.1836060992 -0.1250000000 -0.0663939008 -0.0212220130 0.0000000000 
21 23 4 40 
0 0 0 0 
3.7777777778 3.8579498268 4.0285991809 4.2500000000 4.4714008191 4.6420501732 4.7222222222 
-0.2500000000 -0.2287779870 -0.1836060992 -0.1250000000 -0.0663939008 -0.0212220130 0.0000000000 
22 24 5 41 
0 0 0 0 
4.7222222222 4.8023942712 4.9730436253 5.1944444444 5.4158452636 5.5864946177 5.6666666667 
-0.2500000000 -0.2287779870 -0.1836060992 -0.1250000000 -0.0663939008 -0.0212220130 0.0000000000 
23 25 6 42 
0 0 0 0 
5.6666666667 5.7468387156 5.9174880697 6.1388888889 6.3602897080 6.5309390621 6.6111111111 
-0.2500000000 -0.2287779870 -0.1836060992 -0.1250000000 -0.0663939008 -0.0212220130 0.0000000000 
24 26 7 43 
0 0 0 0 
6.6111111111 6.6912831601 6.8619325142 7.0833333333 7.3047341525 7.4753835066 7.5555555556 
-0.2500000000 -0.2287779870 -0.1836060992 -0.1250000000 -0.0663939008 -0.0212220130 0.0000000000 
25 27 8 44 
0 0 0 0 
7.5555555556 7.6357276045 7.8063769586 8.0277777778 8.2491785969 8.4198279510 8.5000000000 
-0.2500000000 -0.2287779870 -0.1836060992 -0.1250000000 -0.0663939008 -0.0212220130 0.0000000000 
26 28 9 45 
0 0 0 0 
8.5000000000 8.5801720490 8.7508214031 8.9722222222 9.1936230414 9.3642723955 9.4444444444 
-0.2500000000 -0.2287779870 -0.1836060992 -0.1250000000 -0.0663939008 -0.0212220130 0.0000000000 
27 29 10 46 
0 0 0 0 
9.4444444444 9.5246164934 9.6952658475 9.9166666667 10.1380674858 10.3087168399 10.3888888889 
-0.2500000000 -0.2287779870 -0.1836060992 -0.1250000000 -0.0663939008 -0.0212220130 0.0000000000 
28 30 11 47 
0 0 0 0 
10.3888888889 10.4690609379 10.6397102920 10.8611111111 11.0825119303 11.2531612844 11.3333333333 
-0.2500000000 -0.2287779870 -0.1836060992 -0.1250000000 -0.0663939008 -0.0212220130 0.0000000000 
29 31 12 48 
0 0 0 0 
11.3333333333 11.4135053823 11.5841547364 11.8055555556 12.0269563747 12.1976057288 12.2777777778 
-0.2500000000 -0.2287779870 -0.1836060992 -0.1250000000 -0.0663939008 -0.0212220130 0.0000000000 
30 32 13 49 
0 0 0 0 
12.2777777778 12.3579498268 12.5285991809 12.7500000000 12.9714008191 13.1420501732 13.2222222222 
-0.2500000000 -0.2287779870 -0.1836060992 -0.1250000000 -0.0663939008 -0.0212220130 0.0000000000 
31 33 14 50 
0 0 0 0 
13.2222222222 13.3023942712 13.4730436253 13.6944444444 13.9158452636 14.0864946177 14.1666666667 
-0.2500000000 -0.2287779870 -0.1836060992 -0.1250000000 -0.0663939008 -0.0212220130 0.0000000000 
32 34 15 51 
0 0 0 0 
14.1666666667 14.2468387156 14.4174880697 14.6388888889 14.8602897080 15.0309390621 15.1111111111 
-0.2500000000 -0.2287779870 -0.1836060992 -0.1250000000 -0.0663939008 -0.0212220130 0.0000000000 
33 35 16 52 
0 0 0 0 
15.1111111111 15.1912831601 15.3619325142 15.5833333333 15.8047341525 15.9753835066 16.0555555556 
-0.2500000000 -0.2287779870 -0.1836060992 -0.1250000000 -0.0663939008 -0.0212220130 0.0000000000 
34 36 17 53 
0 0 0 0 
16.0555555556 16.1357276045 16.3063769586 16.5277777778 16.7491785969 16.9198279510 17.0000000000 
-0.2500000000 -0.2287779870 -0.1836060992 -0.1250000000 -0.0663939008 -0.0212220130 0.0000000000 
35 0 18 54 
0 4 0 0 
0.0000000000 0.0801720490 0.2508214031 0.4722222222 0.6936230414 0.8642723955 0.9444444444 
0.0000000000 0.0212220130 0.0663939008 0.1250000000 0.1836060992 0.2287779870 0.2500000000 
0 38 19 55 
3 0 0 0 
0.9444444444 1.0246164934 1.1952658475 1.4166666667 1.6380674858 1.8087168399 1.8888888889 
0.0000000000 0.0212220130 0.0663939008 0.1250000000 0.1836060992 0.2287779870 0.2500000000 
37 39 20 56 
0 0 0 0 
1.8888888889 1.9690609379 2.1397102920 2.3611111111 2.5825119303 2.7531612844 2.8333333333 
0.0000000000 0.0212220130 0.0663939008 0.1250000000 0.1836060992 0.2287779870 0.2500000000 
38 40 21 57 
0 0 0 0 
2.8333333333 2.9135053823 3.0841547364 3.3055555556 3.5269563747 3.6976057288 3.7777777778 
0.0000000000 0.0212220130 0.0663939008 0.1250000000 0.1836060992 0.2287779870 0.2500000000 
39 41 22 58 
0 0 0 0 
3.7777777778 3.8579498268 4.0285991809 4.2500000000 4.4714008191 4.6420501732 4.7222222222 
0.0000000000 0.0212220130 0.0663939008 0.1250000000 0.1836060992 0.2287779870 0.2500000000 
40 42 23 59 
0 0 0 0 
4.7222222222 4.8023942712 4.9730436253 5.1944444444 5.4158452636 5.5864946177 5.6666666667 
0.0000000000 0.0212220130 0.0663939008 0.1250000000 0.1836060992 0.2287779870 0.2500000000 
41 43 24 60 
0 0 0 0 
5.6666666667 5.7468387156 5.9174880697 6.1388888889 6.3602897080 6.5309390621 6.6111111111 
0.0000000000 0.0212220130 0.0663939008 0.1250000000 0.1836060992 0.2287779870 0.2500000000 
42 44 25 61 
0 0 0 0 
6.6111111111 6.6912831601 6.8619325142 7.0833333333 7.3047341525 7.4753835066 7.5555555556 
0.0000000000 0.0212220130 0.0663939008 0.1250000000 0.1836060992 0.2287779870 0.2500000000 
43 45 26 62 
0 0 0 0 
7.5555555556 7.6357276045 7.8063769586 8.0277777778 8.2491785969 8.4198279510 8.5000000000 
0.0000000000 0.0212220130 0.0663939008 0.1250000000 0.1836060992 0.2287779870 0.2500000000 
44 46 27 63 
0 0 0 0 
8.5000000000 8.5801720490 8.7508214031 8.9722222222 9.1936230414 9.3642723955 9.4444444444 
0.0000000000 0.0212220130 0.0663939008 0.1250000000 0.1836060992 0.2287779870 0.2500000000 
45 47 28 64 
0 0 0 0 
9.4444444444 9.5246164934 9.6952658475 9.9166666667 10.1380674858 10.3087168399 10.3888888889 
0.0000000000 0.0212220130 0.0663939008 0.1250000000 0.1836060992 0.2287779870 0.2500000000 
46 48 29 65 
0 0 0 0 
10.3888888889 10.4690609379 10.6397102920 10.8611111111 11.0825119303 11.2531612844 11.3333333333 
0.0000000000 0.0212220130 0.0663939008 0.1250000000 0.1836060992 0.2287779870 0.2500000000 
47 49 30 66 
0 0 0 0 
11.3333333333 11.4135053823 11.5841547364 11.8055555556 12.0269563747 12.1976057288 12.2777777778 
0.0000000000 0.0212220130 0.0663939008 0.1250000000 0.1836060992 0.2287779870 0.2500000000 
48 50 31 67 
0 0 0 0 
12.2777777778 12.3579498268 12.5285991809 12.7500000000 12.9714008191 13.1420501732 13.2222222222 
0.0000000000 0.0212220130 0.0663939008 0.1250000000 0.1836060992 0.2287779870 0.2500000000 
49 51 32 68 
0 0 0 0 
13.2222222222 13.3023942712 13.4730436253 13.6944444444 13.9158452636 14.0864946177 14.1666666667 
0.0000000000 0.0212220130 0.0663939008 0.1250000000 0.1836060992 0.2287779870 0.2500000000 
50 52 33 69 
0 0 0 0 
14.1666666667 14.2468387156 14.4174880697 14.6388888889 14.8602897080 15.0309390621 15.1111111111 
0.0000000000 0.0212220130 0.0663939008 0.1250000000 0.1836060992 0.2287779870 0.2500000000 
51 53 34 70 
0 0 0 0 
15.1111111111 15.1912831601 15.3619325142 15.5833333333 15.8047341525 15.9753835066 16.0555555556 
0.0000000000 0.0212220130 0.0663939008 0.1250000000 0.1836060992 0.2287779870 0.2500000000 
52 54 35 71 
0 0 0 0 
16.0555555556 16.1357276045 16.3063769586 16.5277777778 16.7491785969 16.9198279510 17.0000000000 
0.0000000000 0.0212220130 0.0663939008 0.1250000000 0.1836060992 0.2287779870 0.2500000000 
53 0 36 72 
0 4 0 0 
0.0000000000 0.0801720490 0.2508214031 0.4722222222 0.6936230414 0.8642723955 0.9444444444 
0.2500000000 0.2712220130 0.3163939008 0.3750000000 0.4336060992 0.4787779870 0.5000000000 
0 56 37 0 
3 0 0 1 
0.9444444444 1.0246164934 1.1952658475 1.4166666667 1.6380674858 1.8087168399 1.8888888889 
0.2500000000 0.2712220130 0.3163939008 0.3750000000 0.4336060992 0.4787779870 0.5000000000 
55 57 38 0 
0 0 0 1 
1.8888888889 1.9690609379 2.1397102920 2.3611111111 2.5825119303 2.7531612844 2.8333333333 
0.2500000000 0.2712220130 0.3163939008 0.3750000000 0.4336060992 0.4787779870 0.5000000000 
56 58 39 0 
0 0 0 1 
2.8333333333 2.9135053823 3.0841547364 3.3055555556 3.5269563747 3.6976057288 3.7777777778 
0.2500000000 0.2712220130 0.3163939008 0.3750000000 0.4336060992 0.4787779870 0.5000000000 
57 59 40 0 
0 0 0 1 
3.7777777778 3.8579498268 4.0285991809 4.2500000000 4.4714008191 4.6420501732 4.7222222222 
0.2500000000 0.2712220130 0.3163939008 0.3750000000 0.4336060992 0.4787779870 0.5000000000 
58 60 41 0 
0 0 0 1 
4.7222222222 4.8023942712 4.9730436253 5.1944444444 5.4158452636 5.5864946177 5.6666666667 
0.2500000000 0.2712220130 0.3163939008 0.3750000000 0.4336060992 0.4787779870 0.5000000000 
59 61 42 0 
0 0 0 1 
5.6666666667 5.7468387156 5.9174880697 6.1388888889 6.3602897080 6.5309390621 6.6111111111 
0.2500000000 0.2712220130 0.3163939008 0.3750000000 0.4336060992 0.4787779870 0.5000000000 
60 62 43 0 
0 0 0 1 
6.6111111111 6.6912831601 6.8619325142 7.0833333333 7.3047341525 7.4753835066 7.5555555556 
0.2500000000 0.2712220130 0.3163939008 0.3750000000 0.4336060992 0.4787779870 0.5000000000 
61 63 44 0 
0 0 0 1 
7.5555555556 7.6357276045 7.8063769586 8.0277777778 8.2491785969 8.4198279510 8.5000000000 
0.2500000000 0.2712220130 0.3163939008 0.3750000000 0.4336060992 0.4787779870 0.5000000000 
62 64 45 0 
0 0 0 1 
8.5000000000 8.5801720490 8.7508214031 8.9722222222 9.1936230414 9.3642723955 9.4444444444 
0.2500000000 0.2712220130 0.3163939008 0.3750000000 0.4336060992 0.4787779870 0.5000000000 
63 65 46 0 
0 0 0 1 
9.4444444444 9.5246164934 9.6952658475 9.9166666667 10.1380674858 10.3087168399 10.3888888889 
0.2500000000 0.2712220130 0.3163939008 0.3750000000 0.4336060992 0.4787779870 0.5000000000 
64 66 47 0 
0 0 0 1 
10.3888888889 10.4690609379 10.6397102920 10.8611111111 11.0825119303 11.2531612844 11.3333333333 
0.2500000000 0.2712220130 0.3163939008 0.3750000000 0.4336060992 0.4787779870 0.5000000000 
65 67 48 0 
0 0 0 1 
11.3333333333 11.4135053823 11.5841547364 11.8055555556 12.0269563747 12.1976057288 12.2777777778 
0.2500000000 0.2712220130 0.3163939008 0.3750000000 0.4336060992 0.4787779870 0.5000000000 
66 68 49 0 
0 0 0 1 
12.2777777778 12.3579498268 12.5285991809 12.7500000000 12.9714008191 13.1420501732 13.2222222222 
0.2500000000 0.2712220130 0.3163939008 0.3750000000 0.4336060992 0.4787779870 0.5000000000 
67 69 50 0 
0 0 0 1 
13.2222222222 13.3023942712 13.4730436253 13.6944444444 13.9158452636 14.0864946177 14.1666666667 
0.2500000000 0.2712220130 0.3163939008 0.3750000000 0.4336060992 0.4787779870 0.5000000000 
68 70 51 0 
0 0 0 1 
14.1666666667 14.2468387156 14.4174880697 14.6388888889 14.8602897080 15.0309390621 15.1111111111 
0.2500000000 0.2712220130 0.3163939008 0.3750000000 0.4336060992 0.4787779870 0.5000000000 
69 71 52 0 
0 0 0 1 
15.1111111111 15.1912831601 15.3619325142 15.5833333333 15.8047341525 15.9753835066 16.0555555556 
0.2500000000 0.2712220130 0.3163939008 0.3750000000 0.4336060992 0.4787779870 0.5000000000 
70 72 53 0 
0 0 0 1 
16.0555555556 16.1357276045 16.3063769586 16.5277777778 16.7491785969 16.9198279510 17.0000000000 
0.2500000000 0.2712220130 0.3163939008 0.3750000000 0.4336060992 0.4787779870 0.5000000000 
71 0 54 0 
0 4 0 1 
