8 11
0.5000000000 0.5000000000 0.5000000000 0.5000000000 0.5000000000 0.5000000000 0.5000000000 0.5000000000
1.0000000000 1.0000000000 1.0000000000 1.0000000000 1.0000000000 1.0000000000 1.0000000000 1.0000000000
0.0000000000 0.0329992848 0.1077582632 0.2173823365 0.3521209322 0.5000000000 0.6478790678 0.7826176635 0.8922417368 0.9670007152 1.0000000000 
0.0000000000 0.0164996424 0.0538791316 0.1086911683 0.1760604661 0.2500000000 0.3239395339 0.3913088317 0.4461208684 0.4835003576 0.5000000000 
0 2 0 5 
3 0 1 0 
1.0000000000 1.0329992848 1.1077582632 1.2173823365 1.3521209322 1.5000000000 1.6478790678 1.7826176635 1.8922417368 1.9670007152 2.0000000000 
0.0000000000 0.0164996424 0.0538791316 0.1086911683 0.1760604661 0.2500000000 0.3239395339 0.3913088317 0.4461208684 0.4835003576 0.5000000000 
1 3 0 6 
0 0 1 0 
2.0000000000 2.0329992848 2.1077582632 2.2173823365 2.3521209322 2.5000000000 2.6478790678 2.7826176635 2.8922417368 2.9670007152 3.0000000000 
0.0000000000 0.0164996424 0.0538791316 0.1086911683 0.1760604661 0.2500000000 0.3239395339 0.3913088317 0.4461208684 0.4835003576 0.5000000000 
2 4 0 7 
0 0 1 0 
3.0000000000 3.0329992848 3.1077582632 3.2173823365 3.3521209322 3.5000000000 3.6478790678 3.7826176635 3.8922417368 3.9670007152 4.0000000000 
0.0000000000 0.0164996424 0.0538791316 0.1086911683 0.1760604661 0.2500000000 0.3239395339 0.3913088317 0.4461208684 0.4835003576 0.5000000000 
3 0 0 8 
0 4 1 0 
0.0000000000 0.0329992848 0.1077582632 0.2173823365 0.3521209322 0.5000000000 0.6478790678 0.7826176635 0.8922417368 0.9670007152 1.0000000000 
0.5000000000 0.5164996424 0.5538791316 0.6086911683 0.6760604661 0.7500000000 0.8239395339 0.8913088317 0.9461208684 0.9835003576 1.0000000000 
0 6 1 0 
3 0 0 1 
1.0000000000 1.0329992848 1.1077582632 1.2173823365 1.3521209322 1.5000000000 1.6478790678 1.7826176635 1.8922417368 1.9670007152 2.0000000000 
0.5000000000 0.5164996424 0.5538791316 0.6086911683 0.6760604661 0.7500000000 0.8239395339 0.8913088317 0.9461208684 0.9835003576 1.0000000000 
5 7 2 0 
0 0 0 1 
2.0000000000 2.0329992848 2.1077582632 2.2173823365 2.3521209322 2.5000000000 2.6478790678 2.7826176635 2.8922417368 2.9670007152 3.0000000000 
0.5000000000 0.5164996424 0.5538791316 0.6086911683 0.6760604661 0.7500000000 0.8239395339 0.8913088317 0.9461208684 0.9835003576 1.0000000000 
6 8 3 0 
0 0 0 1 
3.0000000000 3.0329992848 3.1077582632 3.2173823365 3.3521209322 3.5000000000 3.6478790678 3.7826176635 3.8922417368 3.9670007152 4.0000000000 
0.5000000000 0.5164996424 0.5538791316 0.6086911683 0.6760604661 0.7500000000 0.8239395339 0.8913088317 0.9461208684 0.9835003576 1.0000000000 
7 0 4 0 
0 4 0 1 
